   1.0000000000000000        0.0000000000000000     
  0.96040438961865260        8.2644628099173556E-003
  0.92030512036653456        1.6528925619834711E-002
  0.87970219224364732        2.4793388429752067E-002
  0.84339054287661264        3.3057851239669422E-002
  0.80663843685371595        4.1322314049586778E-002
  0.76944587417495780        4.9586776859504134E-002
  0.73867060284721242        5.7851239669421489E-002
  0.70755360873429440        6.6115702479338845E-002
  0.67609489183620231        7.4380165289256200E-002
  0.65212488745636987        8.2644628099173556E-002
  0.62792997390780070        9.0909090909090912E-002
  0.60351015119049622        9.9173553719008267E-002
  0.58595324806886107       0.10743801652892562     
  0.56826658986599665       0.11570247933884298     
  0.55045017658190354       0.12396694214876033     
  0.53854799591931479       0.13223140495867769     
  0.52659053398399736       0.14049586776859505     
  0.51457779077595178       0.14876033057851240     
  0.50689601083238511       0.15702479338842976     
  0.49920079954822033       0.16528925619834711     
  0.49149215692345660       0.17355371900826447     
  0.48694001797345543       0.18181818181818182     
  0.48239916876580041       0.19008264462809918     
  0.47786960930049160       0.19834710743801653     
  0.47543485124662438       0.20661157024793389     
  0.47301990084567730       0.21487603305785125     
  0.47062475809765025       0.22314049586776860     
  0.46961512617234585       0.23140495867768596     
  0.46862940983710372       0.23966942148760331     
  0.46766760909192429       0.24793388429752067     
  0.46761128006530817       0.25619834710743800     
  0.46757737300059621       0.26446280991735538     
  0.46756588789778819       0.27272727272727271     
  0.46810385932784254       0.28099173553719009     
  0.46866364282510936       0.28925619834710742     
  0.46924523838958893       0.29752066115702480     
  0.47017988599609906       0.30578512396694213     
  0.47113302964274933       0.31404958677685951     
  0.47210466932953998       0.32231404958677684     
  0.47325717102717219       0.33057851239669422     
  0.47442679730131937       0.33884297520661155     
  0.47561354815198181       0.34710743801652894     
  0.47690212609907079       0.35537190082644626     
  0.47820428759766548       0.36363636363636365     
  0.47952003264776627       0.37190082644628097     
  0.48086230871955404       0.38016528925619836     
  0.48221663525638125       0.38842975206611569     
  0.48358301225824779       0.39669421487603307     
  0.48495127022913598       0.40495867768595040     
  0.48632804167707294       0.41322314049586778     
  0.48771332660205902       0.42148760330578511     
  0.48907864494588316       0.42975206611570249     
  0.49045086678441113       0.43801652892561982     
  0.49182999211764239       0.44628099173553720     
  0.49319182688717195       0.45454545454545453     
  0.49455705741035549       0.46280991735537191     
  0.49592568368719392       0.47107438016528924     
  0.49728204184102126       0.47933884297520662     
  0.49864014727862244       0.48760330578512395     
  0.49999999999999739       0.49586776859504134     
  0.50135985272137307       0.50413223140495866     
  0.50271795815897435       0.51239669421487599     
  0.50407431631280164       0.52066115702479343     
  0.50544294258963984       0.52892561983471076     
  0.50680817311282367       0.53719008264462809     
  0.50817000788235289       0.54545454545454541     
  0.50954913321558437       0.55371900826446285     
  0.51092135505411196       0.56198347107438018     
  0.51228667339793654       0.57024793388429751     
  0.51367195832292256       0.57851239669421484     
  0.51504872977085925       0.58677685950413228     
  0.51641698774174782       0.59504132231404960     
  0.51778336474361430       0.60330578512396693     
  0.51913769128044174       0.61157024793388426     
  0.52047996735222912       0.61983471074380170     
  0.52179571240232991       0.62809917355371903     
  0.52309787390092499       0.63636363636363635     
  0.52438645184801425       0.64462809917355368     
  0.52557320269867636       0.65289256198347112     
  0.52674282897282376       0.66115702479338845     
  0.52789533067045602       0.66942148760330578     
  0.52886697035724650       0.67768595041322310     
  0.52982011400389728       0.68595041322314054     
  0.53075476161040702       0.69421487603305787     
  0.53133635717488681       0.70247933884297520     
  0.53189614067215341       0.71074380165289253     
  0.53243411210220748       0.71900826446280997     
  0.53242262699939946       0.72727272727272729     
  0.53238871993468773       0.73553719008264462     
  0.53233239090807105       0.74380165289256195     
  0.53137059016289157       0.75206611570247939     
  0.53038487382764976       0.76033057851239672     
  0.52937524190234519       0.76859504132231404     
  0.52698009915431854       0.77685950413223137     
  0.52456514875337135       0.78512396694214881     
  0.52213039069950407       0.79338842975206614     
  0.51760083123419509       0.80165289256198347     
  0.51305998202653991       0.80991735537190079     
  0.50850784307653918       0.81818181818181823     
  0.50079920045177517       0.82644628099173556     
  0.49310398916761000       0.83471074380165289     
  0.48542220922404417       0.84297520661157022     
  0.47340946601599809       0.85123966942148765     
  0.46145200408068066       0.85950413223140498     
  0.44954982341809246       0.86776859504132231     
  0.43173341013399913       0.87603305785123964     
  0.41404675193113477       0.88429752066115708     
  0.39648984880949922       0.89256198347107440     
  0.37207002609219547       0.90082644628099173     
  0.34787511254362713       0.90909090909090906     
  0.32390510816379431       0.91735537190082650     
  0.29244639126570282       0.92561983471074383     
  0.26132939715278447       0.93388429752066116     
  0.23055412582503945       0.94214876033057848     
  0.19336156314628120       0.95041322314049592     
  0.15660945712338542       0.95867768595041325     
  0.12029780775635168       0.96694214876033058     
   7.9694879633464763E-002  0.97520661157024791     
   3.9595610381347263E-002  0.98347107438016534     
   0.0000000000000000       0.99173553719008267     
