   1.0000000000000000       -0.0000000000000000     
  0.97499999999999998        6.6274584804980501     
  0.94999999999999996        13.157519376790209     
  0.92500000000000004        19.429335220139194     
  0.90000000000000002        25.385614213587584     
  0.87500000000000000        30.922038941892275     
  0.84999999999999998        36.003221517706194     
  0.82499999999999996        40.589277354194799     
  0.80000000000000004        44.666887241514701     
  0.77500000000000002        48.245873763695229     
  0.75000000000000000        51.327683101512164     
  0.72499999999999998        53.951691668981979     
  0.69999999999999996        56.126425625135404     
  0.67500000000000004        57.902935084293347     
  0.65000000000000002        59.290738498364277     
  0.62500000000000000        60.339950041456930     
  0.59999999999999998        61.057213962825266     
  0.57499999999999996        61.484287550612365     
  0.55000000000000004        61.622991063369795     
  0.52500000000000002        61.503478380253341     
  0.50000000000000000        61.122234939006702     
  0.47499999999999998        60.497563267691184     
  0.45000000000000001        59.621095946058666     
  0.42499999999999999        58.501123540978043     
  0.40000000000000002        57.125601759412262     
  0.37500000000000000        55.496155205053007     
  0.34999999999999998        53.598761571129891     
  0.32500000000000001        51.432860950340498     
  0.29999999999999999        48.984557531831371     
  0.27500000000000002        46.256345734946848     
  0.25000000000000000        43.236807749273510     
  0.22500000000000001        39.936889535155345     
  0.20000000000000001        36.349973443971784     
  0.17499999999999999        32.500071991417308     
  0.14999999999999999        28.387239293007212     
  0.12500000000000000        24.051212408728293     
  0.10000000000000001        19.499653412387914     
   7.4999999999999997E-002   14.787825904394145     
   5.0000000000000003E-002   9.9307814207440437     
   2.5000000000000001E-002   4.9949484150416961     
   0.0000000000000000       -0.0000000000000000     
