1    1.000   20.000 0 0   0
6    3.500    0.750    0.000    0.250  80
x                                                                               
3   23.750    0.875 0 0   0
2   24.500    0.875 0 0   0
2   24.250    1.000 0 0   0
2   24.250    0.750 0 0   0
2   24.500    0.875 0 0   0
6    0.875    3.500   90.000    0.250  80
y                                                                               
3    0.750   23.750 0 0   0
2    0.750   24.500 0 0   0
2    0.625   24.250 0 0   0
2    0.875   24.250 0 0   0
2    0.750   24.500 0 0   0
3    2.500   17.500 0 0   0
2    2.500   17.500 0 0   0
2    2.500   17.500 0 0   0
2    2.875   17.500 0 0   0
2    2.875   17.500 0 0   0
2    3.250   17.500 0 0   0
2    3.250   17.500 0 0   0
2    3.625   17.500 0 0   0
2    3.625   17.500 0 0   0
2    4.000   17.500 0 0   0
2    4.000   17.500 0 0   0
2    4.375   17.500 0 0   0
2    4.375   17.500 0 0   0
2    4.750   17.500 0 0   0
2    4.750   17.500 0 0   0
2    5.125   17.500 0 0   0
2    5.125   17.500 0 0   0
2    5.500   17.500 0 0   0
2    5.500   17.500 0 0   0
2    5.875   17.500 0 0   0
2    5.875   17.500 0 0   0
2    6.250   17.500 0 0   0
2    6.250   17.500 0 0   0
2    6.625   17.500 0 0   0
2    6.625   17.500 0 0   0
2    7.000   17.500 0 0   0
2    7.000   17.500 0 0   0
2    7.375   17.500 0 0   0
2    7.375   17.500 0 0   0
2    7.750   17.500 0 0   0
2    7.750   17.500 0 0   0
2    8.125   17.500 0 0   0
2    8.125   17.500 0 0   0
2    8.500   17.500 0 0   0
2    8.500   17.500 0 0   0
2    8.875   17.500 0 0   0
2    8.875   17.500 0 0   0
2    9.250   17.500 0 0   0
2    9.250   17.500 0 0   0
2    9.625   17.500 0 0   0
2    9.625   17.500 0 0   0
6    9.775   17.485    0.000    0.150   1
1
3    9.625   17.500 0 0   0
2   10.000   17.500 0 0   0
2   10.000   17.500 0 0   0
2   10.375   17.500 0 0   0
2   10.375   17.500 0 0   0
2   10.750   17.500 0 0   0
2   10.750   17.500 0 0   0
2   11.125   17.500 0 0   0
2   11.125   17.500 0 0   0
2   11.500   17.500 0 0   0
2   11.500   17.500 0 0   0
2   11.875   17.500 0 0   0
2   11.875   17.500 0 0   0
2   12.250   17.500 0 0   0
2   12.250   17.500 0 0   0
2   12.625   17.500 0 0   0
2   12.625   17.500 0 0   0
2   13.000   17.500 0 0   0
2   13.000   17.500 0 0   0
2   13.375   17.500 0 0   0
2   13.375   17.500 0 0   0
2   13.750   17.500 0 0   0
2   13.750   17.500 0 0   0
2   14.125   17.500 0 0   0
2   14.125   17.500 0 0   0
2   14.500   17.500 0 0   0
2   14.500   17.500 0 0   0
2   14.875   17.500 0 0   0
2   14.875   17.500 0 0   0
2   15.250   17.500 0 0   0
2   15.250   17.500 0 0   0
2   15.625   17.500 0 0   0
2   15.625   17.500 0 0   0
2   16.000   17.500 0 0   0
2   16.000   17.500 0 0   0
2   16.375   17.500 0 0   0
2   16.375   17.500 0 0   0
2   16.750   17.500 0 0   0
2   16.750   17.500 0 0   0
2   17.125   17.500 0 0   0
2   17.125   17.500 0 0   0
2   17.500   17.500 0 0   0
3    2.500   16.000 0 0   0
2    2.500   16.000 0 0   0
2    2.500   16.000 0 0   0
2    2.875   16.000 0 0   0
2    2.875   16.000 0 0   0
2    3.250   16.000 0 0   0
2    3.250   16.000 0 0   0
2    3.625   16.000 0 0   0
2    3.625   16.000 0 0   0
2    4.000   16.000 0 0   0
2    4.000   16.000 0 0   0
2    4.375   16.000 0 0   0
2    4.375   16.000 0 0   0
2    4.750   16.000 0 0   0
2    4.750   16.000 0 0   0
2    5.125   16.000 0 0   0
2    5.125   16.000 0 0   0
2    5.500   16.000 0 0   0
2    5.500   16.000 0 0   0
2    5.875   16.000 0 0   0
2    5.875   16.000 0 0   0
2    6.250   16.000 0 0   0
2    6.250   16.000 0 0   0
2    6.625   16.000 0 0   0
2    6.625   16.000 0 0   0
2    7.000   16.000 0 0   0
2    7.000   16.000 0 0   0
2    7.375   16.000 0 0   0
2    7.375   16.000 0 0   0
2    7.750   16.000 0 0   0
2    7.750   16.000 0 0   0
2    8.125   16.000 0 0   0
2    8.125   16.000 0 0   0
2    8.500   16.000 0 0   0
2    8.500   16.000 0 0   0
2    8.875   16.000 0 0   0
2    8.875   16.000 0 0   0
2    9.250   16.000 0 0   0
2    9.250   16.000 0 0   0
2    9.625   16.000 0 0   0
2    9.625   16.000 0 0   0
6    9.775   15.985    0.000    0.150   1
2
3    9.625   16.000 0 0   0
2   10.000   16.000 0 0   0
2   10.000   16.000 0 0   0
2   10.375   16.000 0 0   0
2   10.375   16.000 0 0   0
2   10.750   16.000 0 0   0
2   10.750   16.000 0 0   0
2   11.125   16.000 0 0   0
2   11.125   16.000 0 0   0
2   11.500   16.000 0 0   0
2   11.500   16.000 0 0   0
2   11.875   16.000 0 0   0
2   11.875   16.000 0 0   0
2   12.250   16.000 0 0   0
2   12.250   16.000 0 0   0
2   12.625   16.000 0 0   0
2   12.625   16.000 0 0   0
2   13.000   16.000 0 0   0
2   13.000   16.000 0 0   0
2   13.375   16.000 0 0   0
2   13.375   16.000 0 0   0
2   13.750   16.000 0 0   0
2   13.750   16.000 0 0   0
2   14.125   16.000 0 0   0
2   14.125   16.000 0 0   0
2   14.500   16.000 0 0   0
2   14.500   16.000 0 0   0
2   14.875   16.000 0 0   0
2   14.875   16.000 0 0   0
2   15.250   16.000 0 0   0
2   15.250   16.000 0 0   0
2   15.625   16.000 0 0   0
2   15.625   16.000 0 0   0
2   16.000   16.000 0 0   0
2   16.000   16.000 0 0   0
2   16.375   16.000 0 0   0
2   16.375   16.000 0 0   0
2   16.750   16.000 0 0   0
2   16.750   16.000 0 0   0
2   17.125   16.000 0 0   0
2   17.125   16.000 0 0   0
2   17.500   16.000 0 0   0
3    2.500   14.500 0 0   0
2    2.500   14.500 0 0   0
2    2.500   14.500 0 0   0
2    2.875   14.500 0 0   0
2    2.875   14.500 0 0   0
2    3.250   14.500 0 0   0
2    3.250   14.500 0 0   0
2    3.625   14.500 0 0   0
2    3.625   14.500 0 0   0
2    4.000   14.500 0 0   0
2    4.000   14.500 0 0   0
2    4.375   14.500 0 0   0
2    4.375   14.500 0 0   0
2    4.750   14.500 0 0   0
2    4.750   14.500 0 0   0
2    5.125   14.500 0 0   0
2    5.125   14.500 0 0   0
2    5.500   14.500 0 0   0
2    5.500   14.500 0 0   0
2    5.875   14.500 0 0   0
2    5.875   14.500 0 0   0
2    6.250   14.500 0 0   0
2    6.250   14.500 0 0   0
2    6.625   14.500 0 0   0
2    6.625   14.500 0 0   0
2    7.000   14.500 0 0   0
2    7.000   14.500 0 0   0
2    7.375   14.500 0 0   0
2    7.375   14.500 0 0   0
2    7.750   14.500 0 0   0
2    7.750   14.500 0 0   0
2    8.125   14.500 0 0   0
2    8.125   14.500 0 0   0
2    8.500   14.500 0 0   0
2    8.500   14.500 0 0   0
2    8.875   14.500 0 0   0
2    8.875   14.500 0 0   0
2    9.250   14.500 0 0   0
2    9.250   14.500 0 0   0
2    9.625   14.500 0 0   0
2    9.625   14.500 0 0   0
6    9.775   14.485    0.000    0.150   1
3
3    9.625   14.500 0 0   0
2   10.000   14.500 0 0   0
2   10.000   14.500 0 0   0
2   10.375   14.500 0 0   0
2   10.375   14.500 0 0   0
2   10.750   14.500 0 0   0
2   10.750   14.500 0 0   0
2   11.125   14.500 0 0   0
2   11.125   14.500 0 0   0
2   11.500   14.500 0 0   0
2   11.500   14.500 0 0   0
2   11.875   14.500 0 0   0
2   11.875   14.500 0 0   0
2   12.250   14.500 0 0   0
2   12.250   14.500 0 0   0
2   12.625   14.500 0 0   0
2   12.625   14.500 0 0   0
2   13.000   14.500 0 0   0
2   13.000   14.500 0 0   0
2   13.375   14.500 0 0   0
2   13.375   14.500 0 0   0
2   13.750   14.500 0 0   0
2   13.750   14.500 0 0   0
2   14.125   14.500 0 0   0
2   14.125   14.500 0 0   0
2   14.500   14.500 0 0   0
2   14.500   14.500 0 0   0
2   14.875   14.500 0 0   0
2   14.875   14.500 0 0   0
2   15.250   14.500 0 0   0
2   15.250   14.500 0 0   0
2   15.625   14.500 0 0   0
2   15.625   14.500 0 0   0
2   16.000   14.500 0 0   0
2   16.000   14.500 0 0   0
2   16.375   14.500 0 0   0
2   16.375   14.500 0 0   0
2   16.750   14.500 0 0   0
2   16.750   14.500 0 0   0
2   17.125   14.500 0 0   0
2   17.125   14.500 0 0   0
2   17.500   14.500 0 0   0
3    2.500   13.000 0 0   0
2    2.500   13.000 0 0   0
2    2.500   13.000 0 0   0
2    2.875   13.000 0 0   0
2    2.875   13.000 0 0   0
2    3.250   13.000 0 0   0
2    3.250   13.000 0 0   0
2    3.625   13.000 0 0   0
2    3.625   13.000 0 0   0
2    4.000   13.000 0 0   0
2    4.000   13.000 0 0   0
2    4.375   13.000 0 0   0
2    4.375   13.000 0 0   0
2    4.750   13.000 0 0   0
2    4.750   13.000 0 0   0
2    5.125   13.000 0 0   0
2    5.125   13.000 0 0   0
2    5.500   13.000 0 0   0
2    5.500   13.000 0 0   0
2    5.875   13.000 0 0   0
2    5.875   13.000 0 0   0
2    6.250   13.000 0 0   0
2    6.250   13.000 0 0   0
2    6.625   13.000 0 0   0
2    6.625   13.000 0 0   0
2    7.000   13.000 0 0   0
2    7.000   13.000 0 0   0
2    7.375   13.000 0 0   0
2    7.375   13.000 0 0   0
2    7.750   13.000 0 0   0
2    7.750   13.000 0 0   0
2    8.125   13.000 0 0   0
2    8.125   13.000 0 0   0
2    8.500   13.000 0 0   0
2    8.500   13.000 0 0   0
2    8.875   13.000 0 0   0
2    8.875   13.000 0 0   0
2    9.250   13.000 0 0   0
2    9.250   13.000 0 0   0
2    9.625   13.000 0 0   0
2    9.625   13.000 0 0   0
6    9.775   12.985    0.000    0.150   1
4
3    9.625   13.000 0 0   0
2   10.000   13.000 0 0   0
2   10.000   13.000 0 0   0
2   10.375   13.000 0 0   0
2   10.375   13.000 0 0   0
2   10.750   13.000 0 0   0
2   10.750   13.000 0 0   0
2   11.125   13.000 0 0   0
2   11.125   13.000 0 0   0
2   11.500   13.000 0 0   0
2   11.500   13.000 0 0   0
2   11.875   13.000 0 0   0
2   11.875   13.000 0 0   0
2   12.250   13.000 0 0   0
2   12.250   13.000 0 0   0
2   12.625   13.000 0 0   0
2   12.625   13.000 0 0   0
2   13.000   13.000 0 0   0
2   13.000   13.000 0 0   0
2   13.375   13.000 0 0   0
2   13.375   13.000 0 0   0
2   13.750   13.000 0 0   0
2   13.750   13.000 0 0   0
2   14.125   13.000 0 0   0
2   14.125   13.000 0 0   0
2   14.500   13.000 0 0   0
2   14.500   13.000 0 0   0
2   14.875   13.000 0 0   0
2   14.875   13.000 0 0   0
2   15.250   13.000 0 0   0
2   15.250   13.000 0 0   0
2   15.625   13.000 0 0   0
2   15.625   13.000 0 0   0
2   16.000   13.000 0 0   0
2   16.000   13.000 0 0   0
2   16.375   13.000 0 0   0
2   16.375   13.000 0 0   0
2   16.750   13.000 0 0   0
2   16.750   13.000 0 0   0
2   17.125   13.000 0 0   0
2   17.125   13.000 0 0   0
2   17.500   13.000 0 0   0
3    2.500   11.500 0 0   0
2    2.500   11.500 0 0   0
2    2.500   11.500 0 0   0
2    2.875   11.500 0 0   0
2    2.875   11.500 0 0   0
2    3.250   11.500 0 0   0
2    3.250   11.500 0 0   0
2    3.625   11.500 0 0   0
2    3.625   11.500 0 0   0
2    4.000   11.500 0 0   0
2    4.000   11.500 0 0   0
2    4.375   11.500 0 0   0
2    4.375   11.500 0 0   0
2    4.750   11.500 0 0   0
2    4.750   11.500 0 0   0
2    5.125   11.500 0 0   0
2    5.125   11.500 0 0   0
2    5.500   11.500 0 0   0
2    5.500   11.500 0 0   0
2    5.875   11.500 0 0   0
2    5.875   11.500 0 0   0
2    6.250   11.500 0 0   0
2    6.250   11.500 0 0   0
2    6.625   11.500 0 0   0
2    6.625   11.500 0 0   0
2    7.000   11.500 0 0   0
2    7.000   11.500 0 0   0
2    7.375   11.500 0 0   0
2    7.375   11.500 0 0   0
2    7.750   11.500 0 0   0
2    7.750   11.500 0 0   0
2    8.125   11.500 0 0   0
2    8.125   11.500 0 0   0
2    8.500   11.500 0 0   0
2    8.500   11.500 0 0   0
2    8.875   11.500 0 0   0
2    8.875   11.500 0 0   0
2    9.250   11.500 0 0   0
2    9.250   11.500 0 0   0
2    9.625   11.500 0 0   0
2    9.625   11.500 0 0   0
6    9.775   11.485    0.000    0.150   1
5
3    9.625   11.500 0 0   0
2   10.000   11.500 0 0   0
2   10.000   11.500 0 0   0
2   10.375   11.500 0 0   0
2   10.375   11.500 0 0   0
2   10.750   11.500 0 0   0
2   10.750   11.500 0 0   0
2   11.125   11.500 0 0   0
2   11.125   11.500 0 0   0
2   11.500   11.500 0 0   0
2   11.500   11.500 0 0   0
2   11.875   11.500 0 0   0
2   11.875   11.500 0 0   0
2   12.250   11.500 0 0   0
2   12.250   11.500 0 0   0
2   12.625   11.500 0 0   0
2   12.625   11.500 0 0   0
2   13.000   11.500 0 0   0
2   13.000   11.500 0 0   0
2   13.375   11.500 0 0   0
2   13.375   11.500 0 0   0
2   13.750   11.500 0 0   0
2   13.750   11.500 0 0   0
2   14.125   11.500 0 0   0
2   14.125   11.500 0 0   0
2   14.500   11.500 0 0   0
2   14.500   11.500 0 0   0
2   14.875   11.500 0 0   0
2   14.875   11.500 0 0   0
2   15.250   11.500 0 0   0
2   15.250   11.500 0 0   0
2   15.625   11.500 0 0   0
2   15.625   11.500 0 0   0
2   16.000   11.500 0 0   0
2   16.000   11.500 0 0   0
2   16.375   11.500 0 0   0
2   16.375   11.500 0 0   0
2   16.750   11.500 0 0   0
2   16.750   11.500 0 0   0
2   17.125   11.500 0 0   0
2   17.125   11.500 0 0   0
2   17.500   11.500 0 0   0
3    2.500   10.000 0 0   0
2    2.500   10.000 0 0   0
2    2.500   10.000 0 0   0
2    2.875   10.000 0 0   0
2    2.875   10.000 0 0   0
2    3.250   10.000 0 0   0
2    3.250   10.000 0 0   0
2    3.625   10.000 0 0   0
2    3.625   10.000 0 0   0
2    4.000   10.000 0 0   0
2    4.000   10.000 0 0   0
2    4.375   10.000 0 0   0
2    4.375   10.000 0 0   0
2    4.750   10.000 0 0   0
2    4.750   10.000 0 0   0
2    5.125   10.000 0 0   0
2    5.125   10.000 0 0   0
2    5.500   10.000 0 0   0
2    5.500   10.000 0 0   0
2    5.875   10.000 0 0   0
2    5.875   10.000 0 0   0
2    6.250   10.000 0 0   0
2    6.250   10.000 0 0   0
2    6.625   10.000 0 0   0
2    6.625   10.000 0 0   0
2    7.000   10.000 0 0   0
2    7.000   10.000 0 0   0
2    7.375   10.000 0 0   0
2    7.375   10.000 0 0   0
2    7.750   10.000 0 0   0
2    7.750   10.000 0 0   0
2    8.125   10.000 0 0   0
2    8.125   10.000 0 0   0
2    8.500   10.000 0 0   0
2    8.500   10.000 0 0   0
2    8.875   10.000 0 0   0
2    8.875   10.000 0 0   0
2    9.250   10.000 0 0   0
2    9.250   10.000 0 0   0
2    9.625   10.000 0 0   0
2    9.625   10.000 0 0   0
6    9.775    9.985    0.000    0.150   1
6
3    9.625   10.000 0 0   0
2   10.000   10.000 0 0   0
2   10.000   10.000 0 0   0
2   10.375   10.000 0 0   0
2   10.375   10.000 0 0   0
2   10.750   10.000 0 0   0
2   10.750   10.000 0 0   0
2   11.125   10.000 0 0   0
2   11.125   10.000 0 0   0
2   11.500   10.000 0 0   0
2   11.500   10.000 0 0   0
2   11.875   10.000 0 0   0
2   11.875   10.000 0 0   0
2   12.250   10.000 0 0   0
2   12.250   10.000 0 0   0
2   12.625   10.000 0 0   0
2   12.625   10.000 0 0   0
2   13.000   10.000 0 0   0
2   13.000   10.000 0 0   0
2   13.375   10.000 0 0   0
2   13.375   10.000 0 0   0
2   13.750   10.000 0 0   0
2   13.750   10.000 0 0   0
2   14.125   10.000 0 0   0
2   14.125   10.000 0 0   0
2   14.500   10.000 0 0   0
2   14.500   10.000 0 0   0
2   14.875   10.000 0 0   0
2   14.875   10.000 0 0   0
2   15.250   10.000 0 0   0
2   15.250   10.000 0 0   0
2   15.625   10.000 0 0   0
2   15.625   10.000 0 0   0
2   16.000   10.000 0 0   0
2   16.000   10.000 0 0   0
2   16.375   10.000 0 0   0
2   16.375   10.000 0 0   0
2   16.750   10.000 0 0   0
2   16.750   10.000 0 0   0
2   17.125   10.000 0 0   0
2   17.125   10.000 0 0   0
2   17.500   10.000 0 0   0
3    2.500    8.500 0 0   0
2    2.500    8.500 0 0   0
2    2.500    8.500 0 0   0
2    2.875    8.500 0 0   0
2    2.875    8.500 0 0   0
2    3.250    8.500 0 0   0
2    3.250    8.500 0 0   0
2    3.625    8.500 0 0   0
2    3.625    8.500 0 0   0
2    4.000    8.500 0 0   0
2    4.000    8.500 0 0   0
2    4.375    8.500 0 0   0
2    4.375    8.500 0 0   0
2    4.750    8.500 0 0   0
2    4.750    8.500 0 0   0
2    5.125    8.500 0 0   0
2    5.125    8.500 0 0   0
2    5.500    8.500 0 0   0
2    5.500    8.500 0 0   0
2    5.875    8.500 0 0   0
2    5.875    8.500 0 0   0
2    6.250    8.500 0 0   0
2    6.250    8.500 0 0   0
2    6.625    8.500 0 0   0
2    6.625    8.500 0 0   0
2    7.000    8.500 0 0   0
2    7.000    8.500 0 0   0
2    7.375    8.500 0 0   0
2    7.375    8.500 0 0   0
2    7.750    8.500 0 0   0
2    7.750    8.500 0 0   0
2    8.125    8.500 0 0   0
2    8.125    8.500 0 0   0
2    8.500    8.500 0 0   0
2    8.500    8.500 0 0   0
2    8.875    8.500 0 0   0
2    8.875    8.500 0 0   0
2    9.065    8.500 0 0   0
2    9.250    8.500 0 0   0
2    9.250    8.500 0 0   0
2    9.625    8.500 0 0   0
2    9.625    8.500 0 0   0
6    9.775    8.485    0.000    0.150   1
7
3    9.625    8.500 0 0   0
2   10.000    8.500 0 0   0
2   10.000    8.500 0 0   0
2   10.375    8.500 0 0   0
2   10.375    8.500 0 0   0
2   10.750    8.500 0 0   0
2   10.750    8.500 0 0   0
2   11.125    8.500 0 0   0
2   11.125    8.500 0 0   0
2   11.500    8.500 0 0   0
2   11.500    8.500 0 0   0
2   11.875    8.500 0 0   0
2   11.875    8.500 0 0   0
2   12.250    8.500 0 0   0
2   12.250    8.500 0 0   0
2   12.625    8.500 0 0   0
2   12.625    8.500 0 0   0
2   13.000    8.500 0 0   0
2   13.000    8.500 0 0   0
2   13.375    8.500 0 0   0
2   13.375    8.500 0 0   0
2   13.750    8.500 0 0   0
2   13.750    8.500 0 0   0
2   14.125    8.500 0 0   0
2   14.125    8.500 0 0   0
2   14.500    8.500 0 0   0
2   14.500    8.500 0 0   0
2   14.875    8.500 0 0   0
2   14.875    8.500 0 0   0
2   15.250    8.500 0 0   0
2   15.250    8.500 0 0   0
2   15.625    8.500 0 0   0
2   15.625    8.500 0 0   0
2   16.000    8.500 0 0   0
2   16.000    8.500 0 0   0
2   16.375    8.500 0 0   0
2   16.375    8.500 0 0   0
2   16.750    8.500 0 0   0
2   16.750    8.500 0 0   0
2   17.125    8.500 0 0   0
2   17.125    8.500 0 0   0
2   17.500    8.500 0 0   0
2   17.500    8.500 0 0   0
3    2.500    7.000 0 0   0
2    2.500    7.000 0 0   0
2    2.500    7.000 0 0   0
2    2.875    7.000 0 0   0
2    2.875    7.000 0 0   0
2    3.250    7.000 0 0   0
2    3.250    7.000 0 0   0
2    3.625    7.000 0 0   0
2    3.625    7.000 0 0   0
2    4.000    7.000 0 0   0
2    4.000    7.000 0 0   0
2    4.375    7.000 0 0   0
2    4.375    7.000 0 0   0
2    4.750    7.000 0 0   0
2    4.750    7.000 0 0   0
2    5.125    7.000 0 0   0
2    5.125    7.000 0 0   0
2    5.500    7.000 0 0   0
2    5.500    7.000 0 0   0
2    5.875    7.000 0 0   0
2    5.875    7.000 0 0   0
2    6.250    7.000 0 0   0
2    6.250    7.000 0 0   0
2    6.625    7.000 0 0   0
2    6.625    7.000 0 0   0
2    7.000    7.000 0 0   0
2    7.000    7.000 0 0   0
2    7.375    7.000 0 0   0
2    7.375    7.000 0 0   0
2    7.750    7.000 0 0   0
2    7.750    7.000 0 0   0
2    8.125    7.000 0 0   0
2    8.125    7.000 0 0   0
2    8.500    7.000 0 0   0
2    8.500    7.000 0 0   0
2    8.690    7.000 0 0   0
2    8.875    7.000 0 0   0
2    8.875    7.000 0 0   0
2    9.250    7.000 0 0   0
2    9.250    7.000 0 0   0
2    9.625    7.000 0 0   0
2    9.625    7.000 0 0   0
6    9.775    6.985    0.000    0.150   1
8
3    9.625    7.000 0 0   0
2   10.000    7.000 0 0   0
2   10.000    7.000 0 0   0
2   10.375    7.000 0 0   0
2   10.375    7.000 0 0   0
2   10.750    7.000 0 0   0
2   10.750    7.000 0 0   0
2   11.125    7.000 0 0   0
2   11.125    7.000 0 0   0
2   11.500    7.000 0 0   0
2   11.500    7.000 0 0   0
2   11.875    7.000 0 0   0
2   11.875    7.000 0 0   0
2   12.250    7.000 0 0   0
2   12.250    7.000 0 0   0
2   12.625    7.000 0 0   0
2   12.625    7.000 0 0   0
2   13.000    7.000 0 0   0
2   13.000    7.000 0 0   0
2   13.375    7.000 0 0   0
2   13.375    7.000 0 0   0
2   13.750    7.000 0 0   0
2   13.750    7.000 0 0   0
2   14.125    7.000 0 0   0
2   14.125    7.000 0 0   0
2   14.500    7.000 0 0   0
2   14.500    7.000 0 0   0
2   14.875    7.000 0 0   0
2   14.875    7.000 0 0   0
2   15.250    7.000 0 0   0
2   15.250    7.000 0 0   0
2   15.625    7.000 0 0   0
2   15.625    7.000 0 0   0
2   16.000    7.000 0 0   0
2   16.000    7.000 0 0   0
2   16.375    7.000 0 0   0
2   16.375    7.000 0 0   0
2   16.750    7.000 0 0   0
2   16.750    7.000 0 0   0
2   17.125    7.000 0 0   0
2   17.125    7.000 0 0   0
2   17.500    7.000 0 0   0
2   17.500    7.000 0 0   0
3    2.500    5.500 0 0   0
2    2.500    5.500 0 0   0
2    2.875    5.500 0 0   0
2    2.875    5.500 0 0   0
2    3.250    5.500 0 0   0
2    3.250    5.500 0 0   0
2    3.625    5.500 0 0   0
2    3.625    5.500 0 0   0
2    4.000    5.500 0 0   0
2    4.000    5.500 0 0   0
2    4.375    5.500 0 0   0
2    4.375    5.500 0 0   0
2    4.750    5.500 0 0   0
2    4.750    5.500 0 0   0
2    5.125    5.500 0 0   0
2    5.125    5.500 0 0   0
2    5.500    5.500 0 0   0
2    5.500    5.500 0 0   0
2    5.875    5.500 0 0   0
2    5.875    5.500 0 0   0
2    6.250    5.500 0 0   0
2    6.250    5.500 0 0   0
2    6.625    5.500 0 0   0
2    6.625    5.500 0 0   0
2    7.000    5.500 0 0   0
2    7.000    5.500 0 0   0
2    7.375    5.500 0 0   0
2    7.375    5.500 0 0   0
2    7.750    5.500 0 0   0
2    7.750    5.500 0 0   0
2    8.125    5.500 0 0   0
2    8.125    5.500 0 0   0
2    8.500    5.500 0 0   0
2    8.500    5.500 0 0   0
2    8.875    5.500 0 0   0
2    8.875    5.500 0 0   0
2    9.250    5.500 0 0   0
2    9.250    5.500 0 0   0
2    9.625    5.500 0 0   0
2    9.625    5.500 0 0   0
2   10.000    5.500 0 0   0
6    9.962    5.485    0.000    0.150   1
9
3   10.000    5.500 0 0   0
2   10.000    5.500 0 0   0
2   10.375    5.500 0 0   0
2   10.375    5.500 0 0   0
2   10.750    5.500 0 0   0
2   10.750    5.500 0 0   0
2   11.125    5.500 0 0   0
2   11.125    5.500 0 0   0
2   11.500    5.500 0 0   0
2   11.500    5.500 0 0   0
2   11.875    5.500 0 0   0
2   11.875    5.500 0 0   0
2   12.250    5.500 0 0   0
2   12.250    5.500 0 0   0
2   12.625    5.500 0 0   0
2   12.625    5.500 0 0   0
2   13.000    5.500 0 0   0
2   13.000    5.500 0 0   0
2   13.375    5.500 0 0   0
2   13.375    5.500 0 0   0
2   13.750    5.500 0 0   0
2   13.750    5.500 0 0   0
2   14.125    5.500 0 0   0
2   14.125    5.500 0 0   0
2   14.500    5.500 0 0   0
2   14.500    5.500 0 0   0
2   14.875    5.500 0 0   0
2   14.875    5.500 0 0   0
2   15.250    5.500 0 0   0
2   15.250    5.500 0 0   0
2   15.625    5.500 0 0   0
2   15.625    5.500 0 0   0
2   16.000    5.500 0 0   0
2   16.000    5.500 0 0   0
2   16.375    5.500 0 0   0
2   16.375    5.500 0 0   0
2   16.750    5.500 0 0   0
2   16.750    5.500 0 0   0
2   17.125    5.500 0 0   0
2   17.125    5.500 0 0   0
2   17.500    5.500 0 0   0
2   17.500    5.500 0 0   0
3    2.500    4.000 0 0   0
2    2.500    4.000 0 0   0
2    2.875    4.000 0 0   0
2    2.875    4.000 0 0   0
2    3.250    4.000 0 0   0
2    3.250    4.000 0 0   0
2    3.625    4.000 0 0   0
2    3.625    4.000 0 0   0
2    4.000    4.000 0 0   0
2    4.000    4.000 0 0   0
2    4.375    4.000 0 0   0
2    4.375    4.000 0 0   0
2    4.750    4.000 0 0   0
2    4.750    4.000 0 0   0
2    5.125    4.000 0 0   0
2    5.125    4.000 0 0   0
2    5.500    4.000 0 0   0
2    5.500    4.000 0 0   0
2    5.875    4.000 0 0   0
2    5.875    4.000 0 0   0
2    6.250    4.000 0 0   0
2    6.250    4.000 0 0   0
2    6.625    4.000 0 0   0
2    6.625    4.000 0 0   0
2    7.000    4.000 0 0   0
2    7.000    4.000 0 0   0
2    7.375    4.000 0 0   0
2    7.375    4.000 0 0   0
2    7.750    4.000 0 0   0
2    7.750    4.000 0 0   0
2    8.125    4.000 0 0   0
2    8.125    4.000 0 0   0
2    8.500    4.000 0 0   0
2    8.500    4.000 0 0   0
2    8.875    4.000 0 0   0
2    8.875    4.000 0 0   0
2    9.250    4.000 0 0   0
2    9.250    4.000 0 0   0
2    9.625    4.000 0 0   0
2    9.625    4.000 0 0   0
2   10.000    4.000 0 0   0
6    9.887    3.985    0.000    0.150   2
10
3   10.000    4.000 0 0   0
2   10.000    4.000 0 0   0
2   10.375    4.000 0 0   0
2   10.375    4.000 0 0   0
2   10.750    4.000 0 0   0
2   10.750    4.000 0 0   0
2   11.125    4.000 0 0   0
2   11.125    4.000 0 0   0
2   11.500    4.000 0 0   0
2   11.500    4.000 0 0   0
2   11.875    4.000 0 0   0
2   11.875    4.000 0 0   0
2   12.250    4.000 0 0   0
2   12.250    4.000 0 0   0
2   12.625    4.000 0 0   0
2   12.625    4.000 0 0   0
2   13.000    4.000 0 0   0
2   13.000    4.000 0 0   0
2   13.375    4.000 0 0   0
2   13.375    4.000 0 0   0
2   13.750    4.000 0 0   0
2   13.750    4.000 0 0   0
2   14.125    4.000 0 0   0
2   14.125    4.000 0 0   0
2   14.500    4.000 0 0   0
2   14.500    4.000 0 0   0
2   14.875    4.000 0 0   0
2   14.875    4.000 0 0   0
2   15.250    4.000 0 0   0
2   15.250    4.000 0 0   0
2   15.625    4.000 0 0   0
2   15.625    4.000 0 0   0
2   16.000    4.000 0 0   0
2   16.000    4.000 0 0   0
2   16.375    4.000 0 0   0
2   16.375    4.000 0 0   0
2   16.750    4.000 0 0   0
2   16.750    4.000 0 0   0
2   17.125    4.000 0 0   0
2   17.125    4.000 0 0   0
2   17.500    4.000 0 0   0
2   17.500    4.000 0 0   0
3    2.500    2.500 0 0   0
2    2.500    2.500 0 0   0
2    2.875    2.500 0 0   0
2    2.875    2.500 0 0   0
2    3.250    2.500 0 0   0
2    3.250    2.500 0 0   0
2    3.625    2.500 0 0   0
2    3.625    2.500 0 0   0
2    4.000    2.500 0 0   0
2    4.000    2.500 0 0   0
2    4.375    2.500 0 0   0
2    4.375    2.500 0 0   0
2    4.750    2.500 0 0   0
2    4.750    2.500 0 0   0
2    5.125    2.500 0 0   0
2    5.125    2.500 0 0   0
2    5.500    2.500 0 0   0
2    5.500    2.500 0 0   0
2    5.875    2.500 0 0   0
2    5.875    2.500 0 0   0
2    6.250    2.500 0 0   0
2    6.250    2.500 0 0   0
2    6.625    2.500 0 0   0
2    6.625    2.500 0 0   0
2    7.000    2.500 0 0   0
2    7.000    2.500 0 0   0
2    7.375    2.500 0 0   0
2    7.375    2.500 0 0   0
2    7.750    2.500 0 0   0
2    7.750    2.500 0 0   0
2    8.125    2.500 0 0   0
2    8.125    2.500 0 0   0
2    8.500    2.500 0 0   0
2    8.500    2.500 0 0   0
2    8.875    2.500 0 0   0
2    8.875    2.500 0 0   0
2    9.250    2.500 0 0   0
2    9.250    2.500 0 0   0
2    9.625    2.500 0 0   0
2    9.625    2.500 0 0   0
2   10.000    2.500 0 0   0
6    9.887    2.485    0.000    0.150   2
11
3   10.000    2.500 0 0   0
2   10.000    2.500 0 0   0
2   10.375    2.500 0 0   0
2   10.375    2.500 0 0   0
2   10.750    2.500 0 0   0
2   10.750    2.500 0 0   0
2   11.125    2.500 0 0   0
2   11.125    2.500 0 0   0
2   11.500    2.500 0 0   0
2   11.500    2.500 0 0   0
2   11.875    2.500 0 0   0
2   11.875    2.500 0 0   0
2   12.250    2.500 0 0   0
2   12.250    2.500 0 0   0
2   12.625    2.500 0 0   0
2   12.625    2.500 0 0   0
2   13.000    2.500 0 0   0
2   13.000    2.500 0 0   0
2   13.375    2.500 0 0   0
2   13.375    2.500 0 0   0
2   13.750    2.500 0 0   0
2   13.750    2.500 0 0   0
2   14.125    2.500 0 0   0
2   14.125    2.500 0 0   0
2   14.500    2.500 0 0   0
2   14.500    2.500 0 0   0
2   14.875    2.500 0 0   0
2   14.875    2.500 0 0   0
2   15.250    2.500 0 0   0
2   15.250    2.500 0 0   0
2   15.625    2.500 0 0   0
2   15.625    2.500 0 0   0
2   16.000    2.500 0 0   0
2   16.000    2.500 0 0   0
2   16.375    2.500 0 0   0
2   16.375    2.500 0 0   0
2   16.750    2.500 0 0   0
2   16.750    2.500 0 0   0
2   17.125    2.500 0 0   0
2   17.125    2.500 0 0   0
2   17.500    2.500 0 0   0
2   17.500    2.500 0 0   0
3    2.500    2.500 0 0   0
2    2.875    2.500 0 0   0
2    3.250    2.500 0 0   0
2    3.625    2.500 0 0   0
2    4.000    2.500 0 0   0
2    4.375    2.500 0 0   0
2    4.750    2.500 0 0   0
2    5.125    2.500 0 0   0
2    5.500    2.500 0 0   0
2    5.875    2.500 0 0   0
2    6.250    2.500 0 0   0
2    6.625    2.500 0 0   0
2    7.000    2.500 0 0   0
2    7.375    2.500 0 0   0
2    7.750    2.500 0 0   0
2    8.125    2.500 0 0   0
2    8.500    2.500 0 0   0
2    8.875    2.500 0 0   0
2    9.250    2.500 0 0   0
2    9.625    2.500 0 0   0
2   10.000    2.500 0 0   0
2   10.375    2.500 0 0   0
2   10.750    2.500 0 0   0
2   11.125    2.500 0 0   0
2   11.500    2.500 0 0   0
2   11.875    2.500 0 0   0
2   12.250    2.500 0 0   0
2   12.625    2.500 0 0   0
2   13.000    2.500 0 0   0
2   13.375    2.500 0 0   0
2   13.750    2.500 0 0   0
2   14.125    2.500 0 0   0
2   14.500    2.500 0 0   0
2   14.875    2.500 0 0   0
2   15.250    2.500 0 0   0
2   15.625    2.500 0 0   0
2   16.000    2.500 0 0   0
2   16.375    2.500 0 0   0
2   16.750    2.500 0 0   0
2   17.125    2.500 0 0   0
2   17.500    2.500 0 0   0
3   17.500    2.500 0 0   0
2   17.500    2.875 0 0   0
2   17.500    3.250 0 0   0
2   17.500    3.625 0 0   0
2   17.500    4.000 0 0   0
2   17.500    4.375 0 0   0
2   17.500    4.750 0 0   0
2   17.500    5.125 0 0   0
2   17.500    5.500 0 0   0
2   17.500    5.875 0 0   0
2   17.500    6.250 0 0   0
2   17.500    6.625 0 0   0
2   17.500    7.000 0 0   0
2   17.500    7.375 0 0   0
2   17.500    7.750 0 0   0
2   17.500    8.125 0 0   0
2   17.500    8.500 0 0   0
2   17.500    8.875 0 0   0
2   17.500    9.250 0 0   0
2   17.500    9.625 0 0   0
2   17.500   10.000 0 0   0
2   17.500   10.375 0 0   0
2   17.500   10.750 0 0   0
2   17.500   11.125 0 0   0
2   17.500   11.500 0 0   0
2   17.500   11.875 0 0   0
2   17.500   12.250 0 0   0
2   17.500   12.625 0 0   0
2   17.500   13.000 0 0   0
2   17.500   13.375 0 0   0
2   17.500   13.750 0 0   0
2   17.500   14.125 0 0   0
2   17.500   14.500 0 0   0
2   17.500   14.875 0 0   0
2   17.500   15.250 0 0   0
2   17.500   15.625 0 0   0
2   17.500   16.000 0 0   0
2   17.500   16.375 0 0   0
2   17.500   16.750 0 0   0
2   17.500   17.125 0 0   0
2   17.500   17.500 0 0   0
3   17.500   17.500 0 0   0
2   17.125   17.500 0 0   0
2   16.750   17.500 0 0   0
2   16.375   17.500 0 0   0
2   16.000   17.500 0 0   0
2   15.625   17.500 0 0   0
2   15.250   17.500 0 0   0
2   14.875   17.500 0 0   0
2   14.500   17.500 0 0   0
2   14.125   17.500 0 0   0
2   13.750   17.500 0 0   0
2   13.375   17.500 0 0   0
2   13.000   17.500 0 0   0
2   12.625   17.500 0 0   0
2   12.250   17.500 0 0   0
2   11.875   17.500 0 0   0
2   11.500   17.500 0 0   0
2   11.125   17.500 0 0   0
2   10.750   17.500 0 0   0
2   10.375   17.500 0 0   0
2   10.000   17.500 0 0   0
2    9.625   17.500 0 0   0
2    9.250   17.500 0 0   0
2    8.875   17.500 0 0   0
2    8.500   17.500 0 0   0
2    8.125   17.500 0 0   0
2    7.750   17.500 0 0   0
2    7.375   17.500 0 0   0
2    7.000   17.500 0 0   0
2    6.625   17.500 0 0   0
2    6.250   17.500 0 0   0
2    5.875   17.500 0 0   0
2    5.500   17.500 0 0   0
2    5.125   17.500 0 0   0
2    4.750   17.500 0 0   0
2    4.375   17.500 0 0   0
2    4.000   17.500 0 0   0
2    3.625   17.500 0 0   0
2    3.250   17.500 0 0   0
2    2.875   17.500 0 0   0
2    2.500   17.500 0 0   0
3    2.500   17.500 0 0   0
2    2.500   17.125 0 0   0
2    2.500   16.750 0 0   0
2    2.500   16.375 0 0   0
2    2.500   16.000 0 0   0
2    2.500   15.625 0 0   0
2    2.500   15.250 0 0   0
2    2.500   14.875 0 0   0
2    2.500   14.500 0 0   0
2    2.500   14.125 0 0   0
2    2.500   13.750 0 0   0
2    2.500   13.375 0 0   0
2    2.500   13.000 0 0   0
2    2.500   12.625 0 0   0
2    2.500   12.250 0 0   0
2    2.500   11.875 0 0   0
2    2.500   11.500 0 0   0
2    2.500   11.125 0 0   0
2    2.500   10.750 0 0   0
2    2.500   10.375 0 0   0
2    2.500   10.000 0 0   0
2    2.500    9.625 0 0   0
2    2.500    9.250 0 0   0
2    2.500    8.875 0 0   0
2    2.500    8.500 0 0   0
2    2.500    8.125 0 0   0
2    2.500    7.750 0 0   0
2    2.500    7.375 0 0   0
2    2.500    7.000 0 0   0
2    2.500    6.625 0 0   0
2    2.500    6.250 0 0   0
2    2.500    5.875 0 0   0
2    2.500    5.500 0 0   0
2    2.500    5.125 0 0   0
2    2.500    4.750 0 0   0
2    2.500    4.375 0 0   0
2    2.500    4.000 0 0   0
2    2.500    3.625 0 0   0
2    2.500    3.250 0 0   0
2    2.500    2.875 0 0   0
2    2.500    2.500 0 0   0
5    0.000    0.000 0 0   0
