1    1.000   20.000 0 0   0
6    3.500    0.750    0.000    0.250  80
x                                                                               
3   23.750    0.875 0 0   0
2   24.500    0.875 0 0   0
2   24.250    1.000 0 0   0
2   24.250    0.750 0 0   0
2   24.500    0.875 0 0   0
6    0.875    3.500   90.000    0.250  80
y                                                                               
3    0.750   23.750 0 0   0
2    0.750   24.500 0 0   0
2    0.625   24.250 0 0   0
2    0.875   24.250 0 0   0
2    0.750   24.500 0 0   0
3   17.500   10.000 0 0   0
2   17.500   10.000 0 0   0
2   17.500   10.000 0 0   0
2   17.500   10.000 0 0   0
2   17.500   10.000 0 0   0
3   17.500    6.930 0 0   0
2   17.500    6.930 0 0   0
2   17.178    6.947 0 0   0
2   17.125    6.952 0 0   0
2   16.797    7.000 0 0   0
2   16.750    7.009 0 0   0
2   16.738    7.012 0 0   0
2   16.378    7.126 0 0   0
2   16.169    7.206 0 0   0
2   16.002    7.281 0 0   0
2   15.825    7.378 0 0   0
2   15.630    7.511 0 0   0
2   15.331    7.753 0 0   0
2   15.253    7.831 0 0   0
2   15.011    8.130 0 0   0
2   14.878    8.325 0 0   0
2   14.781    8.502 0 0   0
2   14.706    8.669 0 0   0
2   14.626    8.878 0 0   0
2   14.512    9.238 0 0   0
2   14.509    9.250 0 0   0
2   14.500    9.297 0 0   0
2   14.452    9.625 0 0   0
2   14.447    9.678 0 0   0
2   14.433   10.000 0 0   0
2   14.434   10.066 0 0   0
2   14.451   10.375 0 0   0
2   14.456   10.419 0 0   0
2   14.500   10.703 0 0   0
6   14.407   10.658    0.000    0.150   1
2
3   14.500   10.703 0 0   0
2   14.507   10.743 0 0   0
2   14.509   10.750 0 0   0
2   14.591   11.035 0 0   0
2   14.621   11.124 0 0   0
2   14.693   11.307 0 0   0
2   14.778   11.499 0 0   0
2   14.811   11.564 0 0   0
2   14.876   11.676 0 0   0
2   14.953   11.797 0 0   0
2   15.006   11.874 0 0   0
2   15.114   12.011 0 0   0
2   15.251   12.171 0 0   0
2   15.289   12.211 0 0   0
2   15.329   12.249 0 0   0
2   15.489   12.386 0 0   0
2   15.626   12.494 0 0   0
2   15.703   12.547 0 0   0
2   15.824   12.624 0 0   0
2   15.936   12.689 0 0   0
2   16.001   12.722 0 0   0
2   16.193   12.807 0 0   0
2   16.376   12.879 0 0   0
2   16.465   12.909 0 0   0
2   16.750   12.991 0 0   0
2   16.757   12.993 0 0   0
2   16.797   13.000 0 0   0
2   17.081   13.044 0 0   0
2   17.125   13.049 0 0   0
2   17.434   13.066 0 0   0
2   17.500   13.070 0 0   0
3   17.500    5.574 0 0   0
2   17.500    5.574 0 0   0
2   17.423    5.577 0 0   0
2   17.125    5.588 0 0   0
2   17.030    5.595 0 0   0
2   16.750    5.623 0 0   0
2   16.607    5.643 0 0   0
2   16.376    5.682 0 0   0
2   16.143    5.731 0 0   0
2   16.001    5.766 0 0   0
2   15.625    5.875 0 0   0
2   15.625    5.875 0 0   0
2   15.625    5.875 0 0   0
2   15.254    6.039 0 0   0
2   14.920    6.205 0 0   0
2   14.876    6.229 0 0   0
2   14.840    6.251 0 0   0
2   14.504    6.498 0 0   0
2   14.349    6.628 0 0   0
2   14.128    6.849 0 0   0
2   13.998    7.004 0 0   0
2   13.751    7.340 0 0   0
2   13.729    7.376 0 0   0
2   13.705    7.420 0 0   0
2   13.539    7.754 0 0   0
2   13.375    8.125 0 0   0
2   13.375    8.125 0 0   0
2   13.375    8.125 0 0   0
2   13.266    8.501 0 0   0
2   13.231    8.643 0 0   0
2   13.182    8.876 0 0   0
2   13.143    9.107 0 0   0
2   13.123    9.250 0 0   0
2   13.095    9.530 0 0   0
2   13.088    9.625 0 0   0
2   13.077    9.923 0 0   0
2   13.076   10.000 0 0   0
2   13.083   10.292 0 0   0
2   13.087   10.375 0 0   0
2   13.109   10.641 0 0   0
2   13.122   10.750 0 0   0
6   13.041   10.795    0.000    0.150   1
3
3   13.122   10.750 0 0   0
2   13.153   10.972 0 0   0
2   13.180   11.125 0 0   0
2   13.213   11.288 0 0   0
2   13.263   11.500 0 0   0
2   13.287   11.588 0 0   0
2   13.375   11.875 0 0   0
2   13.375   11.875 0 0   0
2   13.375   11.875 0 0   0
2   13.484   12.142 0 0   0
2   13.532   12.250 0 0   0
2   13.605   12.396 0 0   0
2   13.728   12.625 0 0   0
2   13.736   12.639 0 0   0
2   13.750   12.660 0 0   0
2   13.890   12.861 0 0   0
2   13.993   13.000 0 0   0
2   14.053   13.072 0 0   0
2   14.125   13.154 0 0   0
2   14.234   13.266 0 0   0
2   14.346   13.375 0 0   0
2   14.428   13.447 0 0   0
2   14.500   13.507 0 0   0
2   14.639   13.610 0 0   0
2   14.840   13.750 0 0   0
2   14.861   13.764 0 0   0
2   14.875   13.772 0 0   0
2   15.104   13.895 0 0   0
2   15.250   13.968 0 0   0
2   15.358   14.016 0 0   0
2   15.625   14.125 0 0   0
2   15.625   14.125 0 0   0
2   15.625   14.125 0 0   0
2   15.912   14.213 0 0   0
2   16.000   14.237 0 0   0
2   16.212   14.287 0 0   0
2   16.375   14.320 0 0   0
2   16.528   14.347 0 0   0
2   16.750   14.378 0 0   0
2   16.859   14.391 0 0   0
2   17.125   14.413 0 0   0
2   17.208   14.417 0 0   0
2   17.500   14.426 0 0   0
3   17.500    4.466 0 0   0
2   17.500    4.466 0 0   0
2   17.407    4.468 0 0   0
2   17.125    4.474 0 0   0
2   17.021    4.478 0 0   0
2   16.750    4.494 0 0   0
2   16.620    4.505 0 0   0
2   16.375    4.529 0 0   0
2   16.200    4.549 0 0   0
2   16.000    4.578 0 0   0
2   15.756    4.618 0 0   0
2   15.626    4.643 0 0   0
2   15.283    4.716 0 0   0
2   15.250    4.724 0 0   0
2   15.153    4.751 0 0   0
2   14.876    4.837 0 0   0
2   14.739    4.885 0 0   0
2   14.502    4.977 0 0   0
2   14.165    5.126 0 0   0
2   14.126    5.146 0 0   0
2   14.070    5.180 0 0   0
2   13.753    5.378 0 0   0
2   13.580    5.503 0 0   0
2   13.379    5.675 0 0   0
2   13.175    5.879 0 0   0
2   13.003    6.080 0 0   0
2   12.878    6.253 0 0   0
2   12.680    6.570 0 0   0
2   12.646    6.626 0 0   0
2   12.626    6.665 0 0   0
2   12.477    7.002 0 0   0
2   12.385    7.239 0 0   0
2   12.337    7.376 0 0   0
2   12.251    7.653 0 0   0
2   12.224    7.750 0 0   0
2   12.216    7.783 0 0   0
2   12.143    8.126 0 0   0
2   12.118    8.256 0 0   0
2   12.078    8.500 0 0   0
2   12.049    8.700 0 0   0
2   12.029    8.875 0 0   0
2   12.005    9.120 0 0   0
2   11.994    9.250 0 0   0
2   11.978    9.521 0 0   0
2   11.974    9.625 0 0   0
2   11.968    9.907 0 0   0
2   11.967   10.000 0 0   0
2   11.971   10.279 0 0   0
2   11.974   10.375 0 0   0
2   11.986   10.639 0 0   0
2   11.993   10.750 0 0   0
2   12.013   10.988 0 0   0
6   11.922   10.987    0.000    0.150   1
4
3   12.013   10.988 0 0   0
2   12.027   11.125 0 0   0
2   12.051   11.325 0 0   0
2   12.075   11.500 0 0   0
2   12.099   11.652 0 0   0
2   12.140   11.875 0 0   0
2   12.159   11.968 0 0   0
2   12.223   12.250 0 0   0
2   12.229   12.272 0 0   0
2   12.250   12.347 0 0   0
2   12.313   12.563 0 0   0
2   12.333   12.625 0 0   0
2   12.410   12.842 0 0   0
2   12.471   13.000 0 0   0
2   12.518   13.109 0 0   0
2   12.625   13.335 0 0   0
2   12.638   13.362 0 0   0
2   12.645   13.375 0 0   0
2   12.777   13.600 0 0   0
2   12.873   13.750 0 0   0
2   12.925   13.825 0 0   0
2   13.000   13.923 0 0   0
2   13.091   14.035 0 0   0
2   13.171   14.125 0 0   0
2   13.270   14.230 0 0   0
2   13.375   14.329 0 0   0
2   13.465   14.409 0 0   0
2   13.577   14.500 0 0   0
2   13.675   14.575 0 0   0
2   13.750   14.627 0 0   0
2   13.900   14.723 0 0   0
2   14.125   14.855 0 0   0
2   14.138   14.862 0 0   0
2   14.165   14.875 0 0   0
2   14.391   14.982 0 0   0
2   14.500   15.029 0 0   0
2   14.658   15.090 0 0   0
2   14.875   15.167 0 0   0
2   14.937   15.187 0 0   0
2   15.153   15.250 0 0   0
2   15.228   15.271 0 0   0
2   15.250   15.277 0 0   0
2   15.532   15.341 0 0   0
2   15.625   15.360 0 0   0
2   15.848   15.401 0 0   0
2   16.000   15.425 0 0   0
2   16.175   15.449 0 0   0
2   16.375   15.473 0 0   0
2   16.512   15.487 0 0   0
2   16.750   15.507 0 0   0
2   16.861   15.514 0 0   0
2   17.125   15.526 0 0   0
2   17.221   15.529 0 0   0
2   17.500   15.534 0 0   0
3   17.500    3.462 0 0   0
2   17.500    3.462 0 0   0
2   17.286    3.464 0 0   0
2   17.125    3.466 0 0   0
2   16.904    3.471 0 0   0
2   16.750    3.476 0 0   0
2   16.515    3.485 0 0   0
2   16.375    3.491 0 0   0
2   16.118    3.506 0 0   0
2   16.000    3.514 0 0   0
2   15.713    3.536 0 0   0
2   15.625    3.544 0 0   0
2   15.297    3.577 0 0   0
2   15.250    3.582 0 0   0
2   14.915    3.625 0 0   0
2   14.875    3.631 0 0   0
2   14.868    3.632 0 0   0
2   14.501    3.696 0 0   0
2   14.409    3.714 0 0   0
2   14.126    3.777 0 0   0
2   13.919    3.828 0 0   0
2   13.752    3.875 0 0   0
2   13.382    3.993 0 0   0
2   13.375    3.995 0 0   0
2   13.362    4.000 0 0   0
2   13.005    4.169 0 0   0
2   12.626    4.375 0 0   0
2   12.625    4.376 0 0   0
2   12.622    4.378 0 0   0
2   12.253    4.682 0 0   0
2   12.182    4.753 0 0   0
2   11.878    5.122 0 0   0
2   11.876    5.125 0 0   0
2   11.875    5.126 0 0   0
2   11.669    5.505 0 0   0
2   11.500    5.862 0 0   0
2   11.495    5.875 0 0   0
2   11.493    5.882 0 0   0
2   11.375    6.252 0 0   0
2   11.328    6.419 0 0   0
2   11.277    6.626 0 0   0
2   11.214    6.909 0 0   0
2   11.196    7.001 0 0   0
2   11.132    7.368 0 0   0
2   11.131    7.375 0 0   0
2   11.125    7.415 0 0   0
2   11.082    7.750 0 0   0
2   11.077    7.797 0 0   0
2   11.044    8.125 0 0   0
2   11.036    8.213 0 0   0
2   11.014    8.500 0 0   0
2   11.006    8.618 0 0   0
2   10.991    8.875 0 0   0
2   10.985    9.015 0 0   0
2   10.976    9.250 0 0   0
2   10.971    9.404 0 0   0
2   10.966    9.625 0 0   0
2   10.964    9.786 0 0   0
2   10.963   10.000 0 0   0
2   10.963   10.162 0 0   0
2   10.966   10.375 0 0   0
2   10.969   10.532 0 0   0
2   10.974   10.750 0 0   0
2   10.980   10.896 0 0   0
6   10.887   10.938    0.000    0.150   1
5
3   10.980   10.896 0 0   0
2   10.990   11.125 0 0   0
2   10.997   11.254 0 0   0
2   11.012   11.500 0 0   0
2   11.020   11.606 0 0   0
2   11.042   11.875 0 0   0
2   11.049   11.952 0 0   0
2   11.081   12.250 0 0   0
2   11.086   12.290 0 0   0
2   11.125   12.585 0 0   0
2   11.130   12.620 0 0   0
2   11.130   12.625 0 0   0
2   11.182   12.944 0 0   0
2   11.193   13.000 0 0   0
2   11.244   13.258 0 0   0
2   11.270   13.375 0 0   0
2   11.316   13.562 0 0   0
2   11.368   13.750 0 0   0
2   11.400   13.853 0 0   0
2   11.495   14.125 0 0   0
2   11.496   14.129 0 0   0
2   11.500   14.139 0 0   0
2   11.607   14.395 0 0   0
2   11.657   14.501 0 0   0
2   11.734   14.644 0 0   0
2   11.875   14.874 0 0   0
2   11.875   14.875 0 0   0
2   11.875   14.875 0 0   0
2   12.037   15.089 0 0   0
2   12.178   15.251 0 0   0
2   12.213   15.287 0 0   0
2   12.249   15.322 0 0   0
2   12.411   15.463 0 0   0
2   12.625   15.625 0 0   0
2   12.625   15.625 0 0   0
2   12.626   15.625 0 0   0
2   12.856   15.766 0 0   0
2   12.999   15.843 0 0   0
2   13.105   15.893 0 0   0
2   13.361   16.000 0 0   0
2   13.371   16.004 0 0   0
2   13.375   16.005 0 0   0
2   13.647   16.100 0 0   0
2   13.750   16.132 0 0   0
2   13.938   16.184 0 0   0
2   14.125   16.230 0 0   0
2   14.242   16.256 0 0   0
2   14.500   16.307 0 0   0
2   14.556   16.318 0 0   0
2   14.875   16.369 0 0   0
2   14.880   16.370 0 0   0
2   14.915   16.375 0 0   0
2   15.210   16.414 0 0   0
2   15.250   16.419 0 0   0
2   15.548   16.451 0 0   0
2   15.625   16.458 0 0   0
2   15.894   16.480 0 0   0
2   16.000   16.488 0 0   0
2   16.246   16.503 0 0   0
2   16.375   16.510 0 0   0
2   16.604   16.520 0 0   0
2   16.750   16.526 0 0   0
2   16.968   16.531 0 0   0
2   17.125   16.534 0 0   0
2   17.338   16.537 0 0   0
2   17.500   16.538 0 0   0
3    2.500    2.500 0 0   0
2    2.500    2.500 0 0   0
2    2.875    2.500 0 0   0
2    2.875    2.500 0 0   0
2    3.250    2.500 0 0   0
2    3.250    2.500 0 0   0
2    3.625    2.500 0 0   0
2    3.625    2.500 0 0   0
2    4.000    2.500 0 0   0
2    4.000    2.500 0 0   0
2    4.375    2.500 0 0   0
2    4.375    2.500 0 0   0
2    4.750    2.500 0 0   0
2    4.750    2.500 0 0   0
2    5.125    2.500 0 0   0
2    5.125    2.500 0 0   0
2    5.500    2.500 0 0   0
2    5.500    2.500 0 0   0
2    5.875    2.500 0 0   0
2    5.875    2.500 0 0   0
2    6.250    2.500 0 0   0
2    6.250    2.500 0 0   0
2    6.625    2.500 0 0   0
2    6.625    2.500 0 0   0
2    7.000    2.500 0 0   0
2    7.000    2.500 0 0   0
2    7.375    2.500 0 0   0
2    7.375    2.500 0 0   0
2    7.750    2.500 0 0   0
2    7.750    2.500 0 0   0
2    8.125    2.500 0 0   0
2    8.125    2.500 0 0   0
2    8.500    2.500 0 0   0
2    8.500    2.500 0 0   0
2    8.875    2.500 0 0   0
2    8.875    2.500 0 0   0
2    9.250    2.500 0 0   0
2    9.250    2.500 0 0   0
2    9.625    2.500 0 0   0
2    9.625    2.500 0 0   0
2    9.906    2.594 0 0   0
2   10.000    2.875 0 0   0
2   10.000    2.875 0 0   0
2   10.000    3.250 0 0   0
2   10.000    3.250 0 0   0
2   10.000    3.625 0 0   0
2   10.000    3.625 0 0   0
2   10.000    4.000 0 0   0
2   10.000    4.000 0 0   0
2   10.000    4.375 0 0   0
2   10.000    4.375 0 0   0
2   10.000    4.750 0 0   0
2   10.000    4.750 0 0   0
2   10.000    5.125 0 0   0
2   10.000    5.125 0 0   0
2   10.000    5.500 0 0   0
2   10.000    5.500 0 0   0
2   10.000    5.875 0 0   0
2   10.000    5.875 0 0   0
2   10.000    6.250 0 0   0
2   10.000    6.250 0 0   0
2   10.000    6.625 0 0   0
2   10.000    6.625 0 0   0
2   10.000    7.000 0 0   0
2   10.000    7.000 0 0   0
2   10.000    7.375 0 0   0
2   10.000    7.375 0 0   0
2   10.000    7.750 0 0   0
2   10.000    7.750 0 0   0
2   10.000    8.125 0 0   0
2   10.000    8.125 0 0   0
2   10.000    8.500 0 0   0
2   10.000    8.500 0 0   0
2   10.000    8.875 0 0   0
2   10.000    8.875 0 0   0
2   10.000    9.250 0 0   0
2   10.000    9.250 0 0   0
2   10.000    9.625 0 0   0
6    9.903    9.551    0.000    0.150   1
6
3   10.000    9.625 0 0   0
2   10.000    9.625 0 0   0
2   10.000   10.000 0 0   0
2   10.000   10.000 0 0   0
2   10.000   10.375 0 0   0
2   10.000   10.375 0 0   0
2   10.000   10.750 0 0   0
2   10.000   10.750 0 0   0
2   10.000   11.125 0 0   0
2   10.000   11.125 0 0   0
2   10.000   11.500 0 0   0
2   10.000   11.500 0 0   0
2   10.000   11.875 0 0   0
2   10.000   11.875 0 0   0
2   10.000   12.250 0 0   0
2   10.000   12.250 0 0   0
2   10.000   12.625 0 0   0
2   10.000   12.625 0 0   0
2   10.000   13.000 0 0   0
2   10.000   13.000 0 0   0
2   10.000   13.375 0 0   0
2   10.000   13.375 0 0   0
2   10.000   13.750 0 0   0
2   10.000   13.750 0 0   0
2   10.000   14.125 0 0   0
2   10.000   14.125 0 0   0
2   10.000   14.500 0 0   0
2   10.000   14.500 0 0   0
2   10.000   14.875 0 0   0
2   10.000   14.875 0 0   0
2   10.000   15.250 0 0   0
2   10.000   15.250 0 0   0
2   10.000   15.625 0 0   0
2   10.000   15.625 0 0   0
2   10.000   16.000 0 0   0
2   10.000   16.000 0 0   0
2   10.000   16.375 0 0   0
2   10.000   16.375 0 0   0
2   10.000   16.750 0 0   0
2   10.000   16.750 0 0   0
2    9.922   17.093 0 0   0
2    9.593   17.422 0 0   0
2    9.250   17.500 0 0   0
2    9.250   17.500 0 0   0
2    8.875   17.500 0 0   0
2    8.875   17.500 0 0   0
2    8.500   17.500 0 0   0
2    8.500   17.500 0 0   0
2    8.125   17.500 0 0   0
2    8.125   17.500 0 0   0
2    7.750   17.500 0 0   0
2    7.750   17.500 0 0   0
2    7.375   17.500 0 0   0
2    7.375   17.500 0 0   0
2    7.000   17.500 0 0   0
2    7.000   17.500 0 0   0
2    6.625   17.500 0 0   0
2    6.625   17.500 0 0   0
2    6.250   17.500 0 0   0
2    6.250   17.500 0 0   0
2    5.875   17.500 0 0   0
2    5.875   17.500 0 0   0
2    5.500   17.500 0 0   0
2    5.500   17.500 0 0   0
2    5.125   17.500 0 0   0
2    5.125   17.500 0 0   0
2    4.750   17.500 0 0   0
2    4.750   17.500 0 0   0
2    4.375   17.500 0 0   0
2    4.375   17.500 0 0   0
2    4.000   17.500 0 0   0
2    4.000   17.500 0 0   0
2    3.625   17.500 0 0   0
2    3.625   17.500 0 0   0
2    3.250   17.500 0 0   0
2    3.250   17.500 0 0   0
2    2.875   17.500 0 0   0
2    2.875   17.500 0 0   0
2    2.500   17.500 0 0   0
2    2.500   17.500 0 0   0
3    2.500    3.462 0 0   0
2    2.500    3.462 0 0   0
2    2.662    3.463 0 0   0
2    2.875    3.466 0 0   0
2    3.032    3.469 0 0   0
2    3.250    3.474 0 0   0
2    3.396    3.480 0 0   0
2    3.625    3.490 0 0   0
2    3.754    3.497 0 0   0
2    4.000    3.512 0 0   0
2    4.106    3.520 0 0   0
2    4.375    3.542 0 0   0
2    4.452    3.549 0 0   0
2    4.750    3.581 0 0   0
2    4.790    3.586 0 0   0
2    5.085    3.625 0 0   0
2    5.120    3.630 0 0   0
2    5.125    3.631 0 0   0
2    5.444    3.682 0 0   0
2    5.500    3.693 0 0   0
2    5.758    3.744 0 0   0
2    5.875    3.770 0 0   0
2    6.062    3.816 0 0   0
2    6.250    3.868 0 0   0
2    6.353    3.900 0 0   0
2    6.625    3.995 0 0   0
2    6.629    3.996 0 0   0
2    6.639    4.000 0 0   0
2    6.895    4.107 0 0   0
2    7.001    4.157 0 0   0
2    7.144    4.234 0 0   0
2    7.374    4.375 0 0   0
2    7.375    4.375 0 0   0
2    7.375    4.375 0 0   0
2    7.589    4.537 0 0   0
2    7.751    4.678 0 0   0
2    7.787    4.713 0 0   0
2    7.822    4.749 0 0   0
2    7.963    4.911 0 0   0
2    8.125    5.125 0 0   0
2    8.125    5.125 0 0   0
2    8.125    5.126 0 0   0
2    8.266    5.356 0 0   0
2    8.343    5.499 0 0   0
2    8.393    5.605 0 0   0
2    8.500    5.861 0 0   0
2    8.504    5.871 0 0   0
2    8.505    5.875 0 0   0
2    8.600    6.147 0 0   0
2    8.632    6.250 0 0   0
2    8.684    6.438 0 0   0
2    8.730    6.625 0 0   0
2    8.756    6.742 0 0   0
2    8.807    7.000 0 0   0
2    8.818    7.056 0 0   0
2    8.870    7.375 0 0   0
2    8.870    7.380 0 0   0
2    8.875    7.415 0 0   0
2    8.914    7.710 0 0   0
2    8.919    7.750 0 0   0
2    8.951    8.048 0 0   0
2    8.958    8.125 0 0   0
2    8.980    8.394 0 0   0
2    8.988    8.500 0 0   0
6    8.898    8.552    0.000    0.150   1
7
3    8.988    8.500 0 0   0
2    9.003    8.746 0 0   0
2    9.010    8.875 0 0   0
2    9.020    9.104 0 0   0
2    9.026    9.250 0 0   0
2    9.031    9.468 0 0   0
2    9.034    9.625 0 0   0
2    9.037    9.838 0 0   0
2    9.037   10.000 0 0   0
2    9.036   10.214 0 0   0
2    9.034   10.375 0 0   0
2    9.029   10.596 0 0   0
2    9.024   10.750 0 0   0
2    9.015   10.985 0 0   0
2    9.009   11.125 0 0   0
2    8.994   11.382 0 0   0
2    8.986   11.500 0 0   0
2    8.964   11.787 0 0   0
2    8.956   11.875 0 0   0
2    8.923   12.203 0 0   0
2    8.918   12.250 0 0   0
2    8.875   12.585 0 0   0
2    8.869   12.625 0 0   0
2    8.868   12.632 0 0   0
2    8.804   12.999 0 0   0
2    8.786   13.091 0 0   0
2    8.723   13.374 0 0   0
2    8.672   13.581 0 0   0
2    8.625   13.748 0 0   0
2    8.507   14.118 0 0   0
2    8.505   14.125 0 0   0
2    8.500   14.138 0 0   0
2    8.331   14.495 0 0   0
2    8.125   14.874 0 0   0
2    8.124   14.875 0 0   0
2    8.122   14.878 0 0   0
2    7.818   15.247 0 0   0
2    7.747   15.318 0 0   0
2    7.378   15.622 0 0   0
2    7.375   15.624 0 0   0
2    7.374   15.625 0 0   0
2    6.995   15.831 0 0   0
2    6.638   16.000 0 0   0
2    6.625   16.005 0 0   0
2    6.618   16.007 0 0   0
2    6.248   16.125 0 0   0
2    6.081   16.172 0 0   0
2    5.874   16.223 0 0   0
2    5.591   16.286 0 0   0
2    5.499   16.304 0 0   0
2    5.132   16.368 0 0   0
2    5.125   16.369 0 0   0
2    5.085   16.375 0 0   0
2    4.750   16.418 0 0   0
2    4.703   16.423 0 0   0
2    4.375   16.456 0 0   0
2    4.287   16.464 0 0   0
2    4.000   16.486 0 0   0
2    3.882   16.494 0 0   0
2    3.625   16.509 0 0   0
2    3.485   16.515 0 0   0
2    3.250   16.524 0 0   0
2    3.096   16.529 0 0   0
2    2.875   16.534 0 0   0
2    2.714   16.536 0 0   0
2    2.500   16.538 0 0   0
3    2.500    4.466 0 0   0
2    2.500    4.466 0 0   0
2    2.779    4.471 0 0   0
2    2.875    4.474 0 0   0
2    3.139    4.486 0 0   0
2    3.250    4.493 0 0   0
2    3.488    4.513 0 0   0
2    3.625    4.527 0 0   0
2    3.825    4.551 0 0   0
2    4.000    4.575 0 0   0
2    4.152    4.599 0 0   0
2    4.375    4.640 0 0   0
2    4.468    4.659 0 0   0
2    4.750    4.723 0 0   0
2    4.772    4.729 0 0   0
2    4.847    4.750 0 0   0
2    5.063    4.813 0 0   0
2    5.125    4.833 0 0   0
2    5.342    4.910 0 0   0
2    5.500    4.971 0 0   0
2    5.609    5.018 0 0   0
2    5.835    5.125 0 0   0
2    5.862    5.138 0 0   0
2    5.875    5.145 0 0   0
2    6.100    5.277 0 0   0
2    6.250    5.373 0 0   0
2    6.325    5.425 0 0   0
2    6.423    5.500 0 0   0
2    6.535    5.591 0 0   0
2    6.625    5.671 0 0   0
2    6.730    5.770 0 0   0
2    6.829    5.875 0 0   0
2    6.909    5.965 0 0   0
2    7.000    6.077 0 0   0
2    7.075    6.175 0 0   0
2    7.127    6.250 0 0   0
2    7.223    6.400 0 0   0
2    7.355    6.625 0 0   0
2    7.362    6.638 0 0   0
2    7.375    6.665 0 0   0
2    7.482    6.891 0 0   0
2    7.529    7.000 0 0   0
2    7.590    7.158 0 0   0
2    7.667    7.375 0 0   0
2    7.687    7.437 0 0   0
2    7.750    7.653 0 0   0
2    7.771    7.728 0 0   0
2    7.777    7.750 0 0   0
2    7.841    8.032 0 0   0
2    7.860    8.125 0 0   0
2    7.901    8.348 0 0   0
2    7.925    8.500 0 0   0
6    7.840    8.521    0.000    0.150   1
8
3    7.925    8.500 0 0   0
2    7.949    8.675 0 0   0
2    7.973    8.875 0 0   0
2    7.987    9.012 0 0   0
2    8.007    9.250 0 0   0
2    8.014    9.361 0 0   0
2    8.026    9.625 0 0   0
2    8.029    9.721 0 0   0
2    8.033   10.000 0 0   0
2    8.032   10.093 0 0   0
2    8.026   10.375 0 0   0
2    8.022   10.479 0 0   0
2    8.006   10.750 0 0   0
2    7.995   10.880 0 0   0
2    7.971   11.125 0 0   0
2    7.951   11.300 0 0   0
2    7.922   11.500 0 0   0
2    7.882   11.744 0 0   0
2    7.857   11.874 0 0   0
2    7.784   12.217 0 0   0
2    7.776   12.250 0 0   0
2    7.749   12.347 0 0   0
2    7.663   12.624 0 0   0
2    7.615   12.761 0 0   0
2    7.523   12.998 0 0   0
2    7.374   13.335 0 0   0
2    7.354   13.374 0 0   0
2    7.320   13.430 0 0   0
2    7.122   13.747 0 0   0
2    6.997   13.920 0 0   0
2    6.825   14.121 0 0   0
2    6.621   14.325 0 0   0
2    6.420   14.497 0 0   0
2    6.247   14.622 0 0   0
2    5.930   14.820 0 0   0
2    5.874   14.854 0 0   0
2    5.835   14.874 0 0   0
2    5.498   15.023 0 0   0
2    5.261   15.115 0 0   0
2    5.124   15.163 0 0   0
2    4.847   15.249 0 0   0
2    4.750   15.276 0 0   0
2    4.717   15.284 0 0   0
2    4.374   15.357 0 0   0
2    4.244   15.382 0 0   0
2    4.000   15.422 0 0   0
2    3.800   15.451 0 0   0
2    3.625   15.471 0 0   0
2    3.380   15.495 0 0   0
2    3.250   15.506 0 0   0
2    2.979   15.522 0 0   0
2    2.875   15.526 0 0   0
2    2.593   15.532 0 0   0
2    2.500   15.534 0 0   0
3    2.500    5.574 0 0   0
2    2.500    5.574 0 0   0
2    2.792    5.583 0 0   0
2    2.875    5.587 0 0   0
2    3.141    5.609 0 0   0
2    3.250    5.622 0 0   0
2    3.472    5.653 0 0   0
2    3.625    5.680 0 0   0
2    3.788    5.713 0 0   0
2    4.000    5.763 0 0   0
2    4.088    5.787 0 0   0
2    4.375    5.875 0 0   0
2    4.375    5.875 0 0   0
2    4.375    5.875 0 0   0
2    4.642    5.984 0 0   0
2    4.750    6.032 0 0   0
2    4.896    6.105 0 0   0
2    5.125    6.228 0 0   0
2    5.139    6.236 0 0   0
2    5.160    6.250 0 0   0
2    5.361    6.390 0 0   0
2    5.500    6.493 0 0   0
2    5.572    6.553 0 0   0
2    5.654    6.625 0 0   0
2    5.766    6.734 0 0   0
2    5.875    6.846 0 0   0
2    5.947    6.928 0 0   0
2    6.007    7.000 0 0   0
2    6.110    7.139 0 0   0
2    6.250    7.340 0 0   0
2    6.264    7.361 0 0   0
2    6.272    7.375 0 0   0
2    6.395    7.604 0 0   0
2    6.468    7.750 0 0   0
2    6.516    7.858 0 0   0
2    6.625    8.125 0 0   0
2    6.625    8.125 0 0   0
2    6.625    8.125 0 0   0
2    6.713    8.412 0 0   0
2    6.737    8.500 0 0   0
2    6.787    8.712 0 0   0
6    6.707    8.731    0.000    0.150   1
9
3    6.787    8.712 0 0   0
2    6.820    8.875 0 0   0
2    6.847    9.028 0 0   0
2    6.878    9.250 0 0   0
2    6.891    9.359 0 0   0
2    6.913    9.625 0 0   0
2    6.917    9.708 0 0   0
2    6.924   10.000 0 0   0
2    6.923   10.077 0 0   0
2    6.912   10.375 0 0   0
2    6.905   10.470 0 0   0
2    6.877   10.750 0 0   0
2    6.857   10.893 0 0   0
2    6.818   11.124 0 0   0
2    6.769   11.357 0 0   0
2    6.734   11.499 0 0   0
2    6.625   11.875 0 0   0
2    6.625   11.875 0 0   0
2    6.625   11.875 0 0   0
2    6.461   12.246 0 0   0
2    6.295   12.580 0 0   0
2    6.271   12.624 0 0   0
2    6.249   12.660 0 0   0
2    6.002   12.996 0 0   0
2    5.872   13.151 0 0   0
2    5.651   13.372 0 0   0
2    5.496   13.502 0 0   0
2    5.160   13.749 0 0   0
2    5.124   13.771 0 0   0
2    5.080   13.795 0 0   0
2    4.746   13.961 0 0   0
2    4.375   14.125 0 0   0
2    4.375   14.125 0 0   0
2    4.375   14.125 0 0   0
2    3.999   14.234 0 0   0
2    3.857   14.269 0 0   0
2    3.624   14.318 0 0   0
2    3.393   14.357 0 0   0
2    3.250   14.377 0 0   0
2    2.970   14.405 0 0   0
2    2.875   14.412 0 0   0
2    2.577   14.423 0 0   0
2    2.500   14.426 0 0   0
3    2.500    6.930 0 0   0
2    2.500    6.930 0 0   0
2    2.566    6.934 0 0   0
2    2.875    6.951 0 0   0
2    2.919    6.956 0 0   0
2    3.203    7.000 0 0   0
2    3.243    7.007 0 0   0
2    3.250    7.009 0 0   0
2    3.535    7.091 0 0   0
2    3.624    7.121 0 0   0
2    3.807    7.193 0 0   0
2    3.999    7.278 0 0   0
2    4.064    7.311 0 0   0
2    4.176    7.376 0 0   0
2    4.297    7.453 0 0   0
2    4.374    7.506 0 0   0
2    4.511    7.614 0 0   0
2    4.671    7.751 0 0   0
2    4.711    7.789 0 0   0
2    4.749    7.829 0 0   0
2    4.886    7.989 0 0   0
2    4.994    8.126 0 0   0
2    5.047    8.203 0 0   0
2    5.124    8.324 0 0   0
2    5.189    8.436 0 0   0
2    5.222    8.501 0 0   0
2    5.307    8.693 0 0   0
2    5.379    8.876 0 0   0
2    5.409    8.965 0 0   0
6    5.280    9.049    0.000    0.150   2
10
3    5.409    8.965 0 0   0
2    5.491    9.250 0 0   0
2    5.493    9.257 0 0   0
2    5.500    9.297 0 0   0
2    5.544    9.581 0 0   0
2    5.549    9.625 0 0   0
2    5.566    9.934 0 0   0
2    5.567   10.000 0 0   0
2    5.553   10.322 0 0   0
2    5.548   10.375 0 0   0
2    5.500   10.703 0 0   0
2    5.491   10.750 0 0   0
2    5.488   10.762 0 0   0
2    5.374   11.122 0 0   0
2    5.294   11.331 0 0   0
2    5.219   11.498 0 0   0
2    5.122   11.675 0 0   0
2    4.989   11.870 0 0   0
2    4.747   12.169 0 0   0
2    4.669   12.247 0 0   0
2    4.370   12.489 0 0   0
2    4.175   12.622 0 0   0
2    3.998   12.719 0 0   0
2    3.831   12.794 0 0   0
2    3.622   12.874 0 0   0
2    3.262   12.988 0 0   0
2    3.250   12.991 0 0   0
2    3.203   13.000 0 0   0
2    2.875   13.048 0 0   0
2    2.822   13.053 0 0   0
2    2.500   13.070 0 0   0
3    2.500   10.000 0 0   0
2    2.500   10.000 0 0   0
2    2.500   10.000 0 0   0
2    2.500   10.000 0 0   0
2    2.500   10.000 0 0   0
3    2.500    2.500 0 0   0
2    2.875    2.500 0 0   0
2    3.250    2.500 0 0   0
2    3.625    2.500 0 0   0
2    4.000    2.500 0 0   0
2    4.375    2.500 0 0   0
2    4.750    2.500 0 0   0
2    5.125    2.500 0 0   0
2    5.500    2.500 0 0   0
2    5.875    2.500 0 0   0
2    6.250    2.500 0 0   0
2    6.625    2.500 0 0   0
2    7.000    2.500 0 0   0
2    7.375    2.500 0 0   0
2    7.750    2.500 0 0   0
2    8.125    2.500 0 0   0
2    8.500    2.500 0 0   0
2    8.875    2.500 0 0   0
2    9.250    2.500 0 0   0
2    9.625    2.500 0 0   0
2   10.000    2.500 0 0   0
2   10.375    2.500 0 0   0
2   10.750    2.500 0 0   0
2   11.125    2.500 0 0   0
2   11.500    2.500 0 0   0
2   11.875    2.500 0 0   0
2   12.250    2.500 0 0   0
2   12.625    2.500 0 0   0
2   13.000    2.500 0 0   0
2   13.375    2.500 0 0   0
2   13.750    2.500 0 0   0
2   14.125    2.500 0 0   0
2   14.500    2.500 0 0   0
2   14.875    2.500 0 0   0
2   15.250    2.500 0 0   0
2   15.625    2.500 0 0   0
2   16.000    2.500 0 0   0
2   16.375    2.500 0 0   0
2   16.750    2.500 0 0   0
2   17.125    2.500 0 0   0
2   17.500    2.500 0 0   0
3   17.500    2.500 0 0   0
2   17.500    2.875 0 0   0
2   17.500    3.250 0 0   0
2   17.500    3.625 0 0   0
2   17.500    4.000 0 0   0
2   17.500    4.375 0 0   0
2   17.500    4.750 0 0   0
2   17.500    5.125 0 0   0
2   17.500    5.500 0 0   0
2   17.500    5.875 0 0   0
2   17.500    6.250 0 0   0
2   17.500    6.625 0 0   0
2   17.500    7.000 0 0   0
2   17.500    7.375 0 0   0
2   17.500    7.750 0 0   0
2   17.500    8.125 0 0   0
2   17.500    8.500 0 0   0
2   17.500    8.875 0 0   0
2   17.500    9.250 0 0   0
2   17.500    9.625 0 0   0
2   17.500   10.000 0 0   0
2   17.500   10.375 0 0   0
2   17.500   10.750 0 0   0
2   17.500   11.125 0 0   0
2   17.500   11.500 0 0   0
2   17.500   11.875 0 0   0
2   17.500   12.250 0 0   0
2   17.500   12.625 0 0   0
2   17.500   13.000 0 0   0
2   17.500   13.375 0 0   0
2   17.500   13.750 0 0   0
2   17.500   14.125 0 0   0
2   17.500   14.500 0 0   0
2   17.500   14.875 0 0   0
2   17.500   15.250 0 0   0
2   17.500   15.625 0 0   0
2   17.500   16.000 0 0   0
2   17.500   16.375 0 0   0
2   17.500   16.750 0 0   0
2   17.500   17.125 0 0   0
2   17.500   17.500 0 0   0
3   17.500   17.500 0 0   0
2   17.125   17.500 0 0   0
2   16.750   17.500 0 0   0
2   16.375   17.500 0 0   0
2   16.000   17.500 0 0   0
2   15.625   17.500 0 0   0
2   15.250   17.500 0 0   0
2   14.875   17.500 0 0   0
2   14.500   17.500 0 0   0
2   14.125   17.500 0 0   0
2   13.750   17.500 0 0   0
2   13.375   17.500 0 0   0
2   13.000   17.500 0 0   0
2   12.625   17.500 0 0   0
2   12.250   17.500 0 0   0
2   11.875   17.500 0 0   0
2   11.500   17.500 0 0   0
2   11.125   17.500 0 0   0
2   10.750   17.500 0 0   0
2   10.375   17.500 0 0   0
2   10.000   17.500 0 0   0
2    9.625   17.500 0 0   0
2    9.250   17.500 0 0   0
2    8.875   17.500 0 0   0
2    8.500   17.500 0 0   0
2    8.125   17.500 0 0   0
2    7.750   17.500 0 0   0
2    7.375   17.500 0 0   0
2    7.000   17.500 0 0   0
2    6.625   17.500 0 0   0
2    6.250   17.500 0 0   0
2    5.875   17.500 0 0   0
2    5.500   17.500 0 0   0
2    5.125   17.500 0 0   0
2    4.750   17.500 0 0   0
2    4.375   17.500 0 0   0
2    4.000   17.500 0 0   0
2    3.625   17.500 0 0   0
2    3.250   17.500 0 0   0
2    2.875   17.500 0 0   0
2    2.500   17.500 0 0   0
3    2.500   17.500 0 0   0
2    2.500   17.125 0 0   0
2    2.500   16.750 0 0   0
2    2.500   16.375 0 0   0
2    2.500   16.000 0 0   0
2    2.500   15.625 0 0   0
2    2.500   15.250 0 0   0
2    2.500   14.875 0 0   0
2    2.500   14.500 0 0   0
2    2.500   14.125 0 0   0
2    2.500   13.750 0 0   0
2    2.500   13.375 0 0   0
2    2.500   13.000 0 0   0
2    2.500   12.625 0 0   0
2    2.500   12.250 0 0   0
2    2.500   11.875 0 0   0
2    2.500   11.500 0 0   0
2    2.500   11.125 0 0   0
2    2.500   10.750 0 0   0
2    2.500   10.375 0 0   0
2    2.500   10.000 0 0   0
2    2.500    9.625 0 0   0
2    2.500    9.250 0 0   0
2    2.500    8.875 0 0   0
2    2.500    8.500 0 0   0
2    2.500    8.125 0 0   0
2    2.500    7.750 0 0   0
2    2.500    7.375 0 0   0
2    2.500    7.000 0 0   0
2    2.500    6.625 0 0   0
2    2.500    6.250 0 0   0
2    2.500    5.875 0 0   0
2    2.500    5.500 0 0   0
2    2.500    5.125 0 0   0
2    2.500    4.750 0 0   0
2    2.500    4.375 0 0   0
2    2.500    4.000 0 0   0
2    2.500    3.625 0 0   0
2    2.500    3.250 0 0   0
2    2.500    2.875 0 0   0
2    2.500    2.500 0 0   0
5    0.000    0.000 0 0   0
