1    1.000   20.000 0 0   0
6    3.500    0.750    0.000    0.250  80
x                                                                               
3   23.750    0.875 0 0   0
2   24.500    0.875 0 0   0
2   24.250    1.000 0 0   0
2   24.250    0.750 0 0   0
2   24.500    0.875 0 0   0
6    0.875    3.500   90.000    0.250  80
y                                                                               
3    0.750   23.750 0 0   0
2    0.750   24.500 0 0   0
2    0.625   24.250 0 0   0
2    0.875   24.250 0 0   0
2    0.750   24.500 0 0   0
3   10.000   10.000 0 0   0
2   10.000   10.000 0 0   0
2   10.000   10.000 0 0   0
2   10.000   10.000 0 0   0
6    9.920    9.967    0.000    0.150   1
1
3   10.000   10.000 0 0   0
2   10.000   10.000 0 0   0
2   10.000   10.000 0 0   0
2   10.000   10.000 0 0   0
2   10.000   10.000 0 0   0
3    8.435    8.500 0 0   0
2    8.435    8.500 0 0   0
2    8.500    8.435 0 0   0
2    8.774    8.226 0 0   0
2    8.875    8.149 0 0   0
2    8.919    8.125 0 0   0
2    9.250    7.981 0 0   0
2    9.443    7.932 0 0   0
2    9.625    7.884 0 0   0
2    9.888    7.862 0 0   0
2   10.000    7.853 0 0   0
2   10.251    7.874 0 0   0
2   10.375    7.884 0 0   0
2   10.567    7.933 0 0   0
2   10.750    7.981 0 0   0
2   10.852    8.023 0 0   0
2   11.081    8.125 0 0   0
2   11.110    8.140 0 0   0
2   11.125    8.149 0 0   0
2   11.326    8.299 0 0   0
2   11.500    8.435 0 0   0
2   11.533    8.467 0 0   0
2   11.565    8.500 0 0   0
2   11.701    8.674 0 0   0
2   11.851    8.875 0 0   0
2   11.860    8.890 0 0   0
2   11.875    8.919 0 0   0
2   11.977    9.148 0 0   0
2   12.019    9.250 0 0   0
2   12.067    9.433 0 0   0
2   12.116    9.625 0 0   0
2   12.126    9.749 0 0   0
2   12.147   10.000 0 0   0
2   12.138   10.112 0 0   0
2   12.116   10.375 0 0   0
2   12.068   10.557 0 0   0
2   12.019   10.750 0 0   0
2   11.875   11.081 0 0   0
2   11.851   11.125 0 0   0
2   11.774   11.226 0 0   0
6   11.680   11.324    0.000    0.150   1
2
3   11.774   11.226 0 0   0
2   11.565   11.500 0 0   0
2   11.500   11.565 0 0   0
2   11.226   11.774 0 0   0
2   11.125   11.851 0 0   0
2   11.081   11.875 0 0   0
2   10.750   12.019 0 0   0
2   10.557   12.068 0 0   0
2   10.375   12.116 0 0   0
2   10.112   12.138 0 0   0
2   10.000   12.147 0 0   0
2    9.749   12.126 0 0   0
2    9.625   12.116 0 0   0
2    9.433   12.067 0 0   0
2    9.250   12.019 0 0   0
2    9.148   11.977 0 0   0
2    8.919   11.875 0 0   0
2    8.890   11.860 0 0   0
2    8.875   11.851 0 0   0
2    8.674   11.701 0 0   0
2    8.500   11.565 0 0   0
2    8.467   11.533 0 0   0
2    8.435   11.500 0 0   0
2    8.299   11.326 0 0   0
2    8.149   11.125 0 0   0
2    8.140   11.110 0 0   0
2    8.125   11.081 0 0   0
2    8.023   10.852 0 0   0
2    7.981   10.750 0 0   0
2    7.933   10.567 0 0   0
2    7.884   10.375 0 0   0
2    7.874   10.251 0 0   0
2    7.853   10.000 0 0   0
2    7.862    9.888 0 0   0
2    7.884    9.625 0 0   0
2    7.932    9.443 0 0   0
2    7.981    9.250 0 0   0
2    8.125    8.919 0 0   0
2    8.149    8.875 0 0   0
2    8.226    8.774 0 0   0
2    8.435    8.500 0 0   0
3   10.000    6.930 0 0   0
2   10.000    6.930 0 0   0
2    9.678    6.947 0 0   0
2    9.625    6.950 0 0   0
2    9.297    7.000 0 0   0
2    9.250    7.008 0 0   0
2    9.238    7.012 0 0   0
2    8.875    7.118 0 0   0
2    8.669    7.206 0 0   0
2    8.500    7.276 0 0   0
2    8.324    7.375 0 0   0
2    8.125    7.505 0 0   0
2    7.828    7.750 0 0   0
2    7.750    7.828 0 0   0
2    7.505    8.125 0 0   0
2    7.375    8.324 0 0   0
2    7.276    8.500 0 0   0
2    7.206    8.669 0 0   0
2    7.118    8.875 0 0   0
2    7.012    9.238 0 0   0
2    7.008    9.250 0 0   0
2    7.000    9.297 0 0   0
2    6.950    9.625 0 0   0
2    6.947    9.678 0 0   0
2    6.930   10.000 0 0   0
2    6.934   10.066 0 0   0
2    6.950   10.375 0 0   0
2    6.956   10.419 0 0   0
2    7.000   10.703 0 0   0
2    7.007   10.743 0 0   0
2    7.008   10.750 0 0   0
2    7.090   11.035 0 0   0
2    7.118   11.125 0 0   0
2    7.192   11.308 0 0   0
2    7.276   11.500 0 0   0
2    7.311   11.564 0 0   0
2    7.375   11.676 0 0   0
2    7.452   11.798 0 0   0
2    7.505   11.875 0 0   0
2    7.613   12.012 0 0   0
2    7.750   12.172 0 0   0
2    7.788   12.212 0 0   0
2    7.828   12.250 0 0   0
2    7.988   12.387 0 0   0
2    8.125   12.495 0 0   0
2    8.202   12.548 0 0   0
2    8.324   12.625 0 0   0
2    8.436   12.689 0 0   0
2    8.500   12.724 0 0   0
2    8.692   12.808 0 0   0
2    8.875   12.882 0 0   0
2    8.965   12.910 0 0   0
2    9.250   12.992 0 0   0
2    9.257   12.993 0 0   0
2    9.297   13.000 0 0   0
2    9.581   13.044 0 0   0
2    9.625   13.050 0 0   0
2    9.934   13.066 0 0   0
6    9.926   13.053    0.000    0.150   1
3
3    9.934   13.066 0 0   0
2   10.000   13.070 0 0   0
2   10.322   13.053 0 0   0
2   10.375   13.050 0 0   0
2   10.703   13.000 0 0   0
2   10.750   12.992 0 0   0
2   10.762   12.988 0 0   0
2   11.125   12.882 0 0   0
2   11.331   12.794 0 0   0
2   11.500   12.724 0 0   0
2   11.676   12.625 0 0   0
2   11.875   12.495 0 0   0
2   12.172   12.250 0 0   0
2   12.250   12.172 0 0   0
2   12.495   11.875 0 0   0
2   12.625   11.676 0 0   0
2   12.724   11.500 0 0   0
2   12.794   11.331 0 0   0
2   12.882   11.125 0 0   0
2   12.988   10.762 0 0   0
2   12.992   10.750 0 0   0
2   13.000   10.703 0 0   0
2   13.050   10.375 0 0   0
2   13.053   10.322 0 0   0
2   13.070   10.000 0 0   0
2   13.066    9.934 0 0   0
2   13.050    9.625 0 0   0
2   13.044    9.581 0 0   0
2   13.000    9.297 0 0   0
2   12.993    9.257 0 0   0
2   12.992    9.250 0 0   0
2   12.910    8.965 0 0   0
2   12.882    8.875 0 0   0
2   12.808    8.692 0 0   0
2   12.724    8.500 0 0   0
2   12.689    8.436 0 0   0
2   12.625    8.324 0 0   0
2   12.548    8.202 0 0   0
2   12.495    8.125 0 0   0
2   12.387    7.988 0 0   0
2   12.250    7.828 0 0   0
2   12.212    7.788 0 0   0
2   12.172    7.750 0 0   0
2   12.012    7.613 0 0   0
2   11.875    7.505 0 0   0
2   11.798    7.452 0 0   0
2   11.676    7.375 0 0   0
2   11.564    7.311 0 0   0
2   11.500    7.276 0 0   0
2   11.308    7.192 0 0   0
2   11.125    7.118 0 0   0
2   11.035    7.090 0 0   0
2   10.750    7.008 0 0   0
2   10.743    7.007 0 0   0
2   10.703    7.000 0 0   0
2   10.419    6.956 0 0   0
2   10.375    6.950 0 0   0
2   10.066    6.934 0 0   0
2   10.000    6.930 0 0   0
3   10.000    6.204 0 0   0
2   10.000    6.204 0 0   0
2    9.658    6.217 0 0   0
2    9.625    6.218 0 0   0
2    9.342    6.250 0 0   0
2    9.250    6.261 0 0   0
2    9.235    6.265 0 0   0
2    8.875    6.340 0 0   0
2    8.744    6.381 0 0   0
2    8.500    6.453 0 0   0
2    8.156    6.594 0 0   0
2    8.125    6.606 0 0   0
2    8.087    6.625 0 0   0
2    7.750    6.820 0 0   0
2    7.498    7.000 0 0   0
2    7.375    7.103 0 0   0
2    7.103    7.375 0 0   0
2    7.000    7.498 0 0   0
2    6.820    7.750 0 0   0
2    6.625    8.087 0 0   0
2    6.606    8.125 0 0   0
2    6.594    8.156 0 0   0
2    6.453    8.500 0 0   0
2    6.381    8.744 0 0   0
2    6.340    8.875 0 0   0
2    6.265    9.235 0 0   0
2    6.261    9.250 0 0   0
2    6.250    9.342 0 0   0
2    6.218    9.625 0 0   0
2    6.217    9.658 0 0   0
2    6.204   10.000 0 0   0
2    6.205   10.045 0 0   0
2    6.218   10.375 0 0   0
2    6.221   10.404 0 0   0
2    6.250   10.658 0 0   0
2    6.260   10.740 0 0   0
2    6.261   10.750 0 0   0
2    6.323   11.052 0 0   0
2    6.340   11.125 0 0   0
2    6.404   11.346 0 0   0
2    6.453   11.500 0 0   0
2    6.501   11.624 0 0   0
2    6.606   11.875 0 0   0
2    6.612   11.888 0 0   0
2    6.625   11.913 0 0   0
2    6.746   12.129 0 0   0
2    6.820   12.250 0 0   0
2    6.892   12.358 0 0   0
2    7.000   12.502 0 0   0
2    7.055   12.570 0 0   0
2    7.103   12.625 0 0   0
2    7.235   12.765 0 0   0
2    7.375   12.897 0 0   0
2    7.430   12.945 0 0   0
2    7.498   13.000 0 0   0
2    7.642   13.108 0 0   0
2    7.750   13.180 0 0   0
2    7.871   13.254 0 0   0
2    8.087   13.375 0 0   0
2    8.112   13.388 0 0   0
2    8.125   13.394 0 0   0
2    8.376   13.499 0 0   0
2    8.500   13.547 0 0   0
2    8.654   13.596 0 0   0
2    8.875   13.660 0 0   0
2    8.948   13.677 0 0   0
2    9.250   13.739 0 0   0
2    9.260   13.740 0 0   0
2    9.342   13.750 0 0   0
2    9.596   13.779 0 0   0
2    9.625   13.782 0 0   0
2    9.955   13.795 0 0   0
6    9.938   13.780    0.000    0.150   1
4
3    9.955   13.795 0 0   0
2   10.000   13.796 0 0   0
2   10.342   13.783 0 0   0
2   10.375   13.782 0 0   0
2   10.658   13.750 0 0   0
2   10.750   13.739 0 0   0
2   10.765   13.735 0 0   0
2   11.125   13.660 0 0   0
2   11.256   13.619 0 0   0
2   11.500   13.547 0 0   0
2   11.844   13.406 0 0   0
2   11.875   13.394 0 0   0
2   11.913   13.375 0 0   0
2   12.250   13.180 0 0   0
2   12.502   13.000 0 0   0
2   12.625   12.897 0 0   0
2   12.897   12.625 0 0   0
2   13.000   12.502 0 0   0
2   13.180   12.250 0 0   0
2   13.375   11.913 0 0   0
2   13.394   11.875 0 0   0
2   13.406   11.844 0 0   0
2   13.547   11.500 0 0   0
2   13.619   11.256 0 0   0
2   13.660   11.125 0 0   0
2   13.735   10.765 0 0   0
2   13.739   10.750 0 0   0
2   13.750   10.658 0 0   0
2   13.782   10.375 0 0   0
2   13.783   10.342 0 0   0
2   13.796   10.000 0 0   0
2   13.795    9.955 0 0   0
2   13.782    9.625 0 0   0
2   13.779    9.596 0 0   0
2   13.750    9.342 0 0   0
2   13.740    9.260 0 0   0
2   13.739    9.250 0 0   0
2   13.677    8.948 0 0   0
2   13.660    8.875 0 0   0
2   13.596    8.654 0 0   0
2   13.547    8.500 0 0   0
2   13.499    8.376 0 0   0
2   13.394    8.125 0 0   0
2   13.388    8.112 0 0   0
2   13.375    8.087 0 0   0
2   13.254    7.871 0 0   0
2   13.180    7.750 0 0   0
2   13.108    7.642 0 0   0
2   13.000    7.498 0 0   0
2   12.945    7.430 0 0   0
2   12.897    7.375 0 0   0
2   12.765    7.235 0 0   0
2   12.625    7.103 0 0   0
2   12.570    7.055 0 0   0
2   12.502    7.000 0 0   0
2   12.358    6.892 0 0   0
2   12.250    6.820 0 0   0
2   12.129    6.746 0 0   0
2   11.913    6.625 0 0   0
2   11.888    6.612 0 0   0
2   11.875    6.606 0 0   0
2   11.624    6.501 0 0   0
2   11.500    6.453 0 0   0
2   11.346    6.404 0 0   0
2   11.125    6.340 0 0   0
2   11.052    6.323 0 0   0
2   10.750    6.261 0 0   0
2   10.740    6.260 0 0   0
2   10.658    6.250 0 0   0
2   10.404    6.221 0 0   0
2   10.375    6.218 0 0   0
2   10.045    6.205 0 0   0
2   10.000    6.204 0 0   0
3    7.750    6.031 0 0   0
2    7.750    6.031 0 0   0
2    7.420    6.205 0 0   0
2    7.375    6.228 0 0   0
2    7.340    6.250 0 0   0
2    7.000    6.493 0 0   0
2    6.846    6.625 0 0   0
2    6.625    6.846 0 0   0
2    6.493    7.000 0 0   0
2    6.250    7.340 0 0   0
2    6.228    7.375 0 0   0
2    6.205    7.420 0 0   0
2    6.031    7.750 0 0   0
2    5.875    8.125 0 0   0
2    5.875    8.125 0 0   0
2    5.875    8.125 0 0   0
2    5.762    8.500 0 0   0
2    5.731    8.644 0 0   0
2    5.678    8.875 0 0   0
2    5.643    9.107 0 0   0
2    5.620    9.250 0 0   0
2    5.595    9.530 0 0   0
2    5.586    9.625 0 0   0
2    5.577    9.923 0 0   0
2    5.574   10.000 0 0   0
2    5.583   10.292 0 0   0
2    5.586   10.375 0 0   0
2    5.609   10.641 0 0   0
2    5.620   10.750 0 0   0
2    5.653   10.972 0 0   0
2    5.678   11.125 0 0   0
2    5.712   11.288 0 0   0
2    5.762   11.500 0 0   0
2    5.786   11.589 0 0   0
2    5.875   11.875 0 0   0
2    5.875   11.875 0 0   0
2    5.875   11.875 0 0   0
2    5.982   12.143 0 0   0
2    6.031   12.250 0 0   0
2    6.102   12.398 0 0   0
2    6.228   12.625 0 0   0
2    6.236   12.639 0 0   0
2    6.250   12.660 0 0   0
2    6.387   12.863 0 0   0
2    6.493   13.000 0 0   0
2    6.552   13.073 0 0   0
2    6.625   13.154 0 0   0
2    6.732   13.268 0 0   0
2    6.846   13.375 0 0   0
2    6.927   13.448 0 0   0
2    7.000   13.507 0 0   0
2    7.137   13.613 0 0   0
2    7.340   13.750 0 0   0
2    7.361   13.764 0 0   0
2    7.375   13.772 0 0   0
2    7.602   13.898 0 0   0
2    7.750   13.969 0 0   0
2    7.857   14.018 0 0   0
2    8.125   14.125 0 0   0
2    8.125   14.125 0 0   0
2    8.125   14.125 0 0   0
2    8.411   14.214 0 0   0
2    8.500   14.238 0 0   0
2    8.712   14.288 0 0   0
2    8.875   14.322 0 0   0
2    9.028   14.347 0 0   0
2    9.250   14.380 0 0   0
2    9.359   14.391 0 0   0
2    9.625   14.414 0 0   0
2    9.708   14.417 0 0   0
2   10.000   14.426 0 0   0
2   10.077   14.423 0 0   0
2   10.375   14.414 0 0   0
2   10.470   14.405 0 0   0
2   10.750   14.380 0 0   0
2   10.893   14.357 0 0   0
2   11.125   14.322 0 0   0
2   11.356   14.269 0 0   0
2   11.500   14.238 0 0   0
2   11.875   14.125 0 0   0
2   11.875   14.125 0 0   0
2   11.875   14.125 0 0   0
6   12.048   14.028    0.000    0.150   1
5
3   11.875   14.125 0 0   0
2   12.250   13.969 0 0   0
2   12.580   13.795 0 0   0
2   12.625   13.772 0 0   0
2   12.660   13.750 0 0   0
2   13.000   13.507 0 0   0
2   13.154   13.375 0 0   0
2   13.375   13.154 0 0   0
2   13.507   13.000 0 0   0
2   13.750   12.660 0 0   0
2   13.772   12.625 0 0   0
2   13.795   12.580 0 0   0
2   13.969   12.250 0 0   0
2   14.125   11.875 0 0   0
2   14.125   11.875 0 0   0
2   14.125   11.875 0 0   0
2   14.238   11.500 0 0   0
2   14.269   11.356 0 0   0
2   14.322   11.125 0 0   0
2   14.357   10.893 0 0   0
2   14.380   10.750 0 0   0
2   14.405   10.470 0 0   0
2   14.414   10.375 0 0   0
2   14.423   10.077 0 0   0
2   14.426   10.000 0 0   0
2   14.417    9.708 0 0   0
2   14.414    9.625 0 0   0
2   14.391    9.359 0 0   0
2   14.380    9.250 0 0   0
2   14.347    9.028 0 0   0
2   14.322    8.875 0 0   0
2   14.288    8.712 0 0   0
2   14.238    8.500 0 0   0
2   14.214    8.411 0 0   0
2   14.125    8.125 0 0   0
2   14.125    8.125 0 0   0
2   14.125    8.125 0 0   0
2   14.018    7.857 0 0   0
2   13.969    7.750 0 0   0
2   13.898    7.602 0 0   0
2   13.772    7.375 0 0   0
2   13.764    7.361 0 0   0
2   13.750    7.340 0 0   0
2   13.613    7.137 0 0   0
2   13.507    7.000 0 0   0
2   13.448    6.927 0 0   0
2   13.375    6.846 0 0   0
2   13.268    6.732 0 0   0
2   13.154    6.625 0 0   0
2   13.073    6.552 0 0   0
2   13.000    6.493 0 0   0
2   12.863    6.387 0 0   0
2   12.660    6.250 0 0   0
2   12.639    6.236 0 0   0
2   12.625    6.228 0 0   0
2   12.398    6.102 0 0   0
2   12.250    6.031 0 0   0
2   12.143    5.982 0 0   0
2   11.875    5.875 0 0   0
2   11.875    5.875 0 0   0
2   11.875    5.875 0 0   0
2   11.589    5.786 0 0   0
2   11.500    5.762 0 0   0
2   11.288    5.712 0 0   0
2   11.125    5.678 0 0   0
2   10.972    5.653 0 0   0
2   10.750    5.620 0 0   0
2   10.641    5.609 0 0   0
2   10.375    5.586 0 0   0
2   10.292    5.583 0 0   0
2   10.000    5.574 0 0   0
2    9.923    5.577 0 0   0
2    9.625    5.586 0 0   0
2    9.530    5.595 0 0   0
2    9.250    5.620 0 0   0
2    9.107    5.643 0 0   0
2    8.875    5.678 0 0   0
2    8.644    5.731 0 0   0
2    8.500    5.762 0 0   0
2    8.125    5.875 0 0   0
2    8.125    5.875 0 0   0
2    8.125    5.875 0 0   0
2    7.750    6.031 0 0   0
3    7.750    5.347 0 0   0
2    7.750    5.347 0 0   0
2    7.387    5.488 0 0   0
2    7.375    5.492 0 0   0
2    7.358    5.500 0 0   0
2    7.000    5.684 0 0   0
2    6.698    5.875 0 0   0
2    6.625    5.928 0 0   0
2    6.250    6.250 0 0   0
2    6.250    6.250 0 0   0
2    6.250    6.250 0 0   0
2    6.250    6.250 0 0   0
2    5.928    6.625 0 0   0
2    5.875    6.698 0 0   0
2    5.684    7.000 0 0   0
2    5.500    7.358 0 0   0
2    5.492    7.375 0 0   0
2    5.488    7.387 0 0   0
2    5.347    7.750 0 0   0
2    5.283    7.967 0 0   0
2    5.232    8.125 0 0   0
2    5.150    8.475 0 0   0
2    5.144    8.500 0 0   0
2    5.125    8.604 0 0   0
2    5.080    8.875 0 0   0
2    5.074    8.926 0 0   0
2    5.036    9.250 0 0   0
2    5.030    9.345 0 0   0
2    5.010    9.625 0 0   0
2    5.008    9.742 0 0   0
2    5.002   10.000 0 0   0
2    5.004   10.121 0 0   0
2    5.010   10.375 0 0   0
2    5.017   10.483 0 0   0
2    5.036   10.750 0 0   0
2    5.044   10.831 0 0   0
2    5.080   11.125 0 0   0
2    5.085   11.165 0 0   0
2    5.125   11.396 0 0   0
2    5.140   11.485 0 0   0
2    5.144   11.500 0 0   0
2    5.210   11.790 0 0   0
2    5.232   11.875 0 0   0
2    5.292   12.083 0 0   0
2    5.347   12.250 0 0   0
2    5.386   12.364 0 0   0
2    5.492   12.625 0 0   0
2    5.494   12.631 0 0   0
2    5.500   12.642 0 0   0
2    5.617   12.883 0 0   0
2    5.684   13.000 0 0   0
2    5.754   13.121 0 0   0
2    5.875   13.302 0 0   0
2    5.905   13.345 0 0   0
2    5.928   13.375 0 0   0
2    6.070   13.555 0 0   0
2    6.250   13.750 0 0   0
2    6.250   13.750 0 0   0
2    6.250   13.750 0 0   0
2    6.445   13.930 0 0   0
2    6.625   14.072 0 0   0
2    6.655   14.095 0 0   0
2    6.698   14.125 0 0   0
2    6.879   14.246 0 0   0
2    7.000   14.316 0 0   0
2    7.117   14.383 0 0   0
2    7.358   14.500 0 0   0
2    7.369   14.506 0 0   0
2    7.375   14.508 0 0   0
2    7.636   14.614 0 0   0
2    7.750   14.653 0 0   0
2    7.917   14.708 0 0   0
2    8.125   14.768 0 0   0
2    8.210   14.790 0 0   0
2    8.500   14.856 0 0   0
2    8.515   14.860 0 0   0
2    8.604   14.875 0 0   0
2    8.835   14.915 0 0   0
2    8.875   14.920 0 0   0
2    9.169   14.956 0 0   0
2    9.250   14.964 0 0   0
2    9.517   14.983 0 0   0
2    9.625   14.990 0 0   0
2    9.879   14.996 0 0   0
2   10.000   14.998 0 0   0
2   10.258   14.992 0 0   0
2   10.375   14.990 0 0   0
2   10.655   14.970 0 0   0
2   10.750   14.964 0 0   0
2   11.074   14.926 0 0   0
2   11.125   14.920 0 0   0
2   11.396   14.875 0 0   0
2   11.500   14.856 0 0   0
2   11.525   14.850 0 0   0
2   11.875   14.768 0 0   0
6   11.935   14.724    0.000    0.150   1
6
3   11.875   14.768 0 0   0
2   12.033   14.717 0 0   0
2   12.250   14.653 0 0   0
2   12.613   14.512 0 0   0
2   12.625   14.508 0 0   0
2   12.642   14.500 0 0   0
2   13.000   14.316 0 0   0
2   13.302   14.125 0 0   0
2   13.375   14.072 0 0   0
2   13.750   13.750 0 0   0
2   13.750   13.750 0 0   0
2   14.072   13.375 0 0   0
2   14.125   13.302 0 0   0
2   14.316   13.000 0 0   0
2   14.500   12.642 0 0   0
2   14.508   12.625 0 0   0
2   14.512   12.613 0 0   0
2   14.653   12.250 0 0   0
2   14.717   12.033 0 0   0
2   14.768   11.875 0 0   0
2   14.850   11.525 0 0   0
2   14.856   11.500 0 0   0
2   14.875   11.396 0 0   0
2   14.920   11.125 0 0   0
2   14.926   11.074 0 0   0
2   14.964   10.750 0 0   0
2   14.970   10.655 0 0   0
2   14.990   10.375 0 0   0
2   14.992   10.258 0 0   0
2   14.998   10.000 0 0   0
2   14.996    9.879 0 0   0
2   14.990    9.625 0 0   0
2   14.983    9.517 0 0   0
2   14.964    9.250 0 0   0
2   14.956    9.169 0 0   0
2   14.920    8.875 0 0   0
2   14.915    8.835 0 0   0
2   14.875    8.604 0 0   0
2   14.860    8.515 0 0   0
2   14.856    8.500 0 0   0
2   14.790    8.210 0 0   0
2   14.768    8.125 0 0   0
2   14.708    7.917 0 0   0
2   14.653    7.750 0 0   0
2   14.614    7.636 0 0   0
2   14.508    7.375 0 0   0
2   14.506    7.369 0 0   0
2   14.500    7.358 0 0   0
2   14.383    7.117 0 0   0
2   14.316    7.000 0 0   0
2   14.246    6.879 0 0   0
2   14.125    6.698 0 0   0
2   14.095    6.655 0 0   0
2   14.072    6.625 0 0   0
2   13.930    6.445 0 0   0
2   13.750    6.250 0 0   0
2   13.750    6.250 0 0   0
2   13.750    6.250 0 0   0
2   13.555    6.070 0 0   0
2   13.375    5.928 0 0   0
2   13.345    5.905 0 0   0
2   13.302    5.875 0 0   0
2   13.121    5.754 0 0   0
2   13.000    5.684 0 0   0
2   12.883    5.617 0 0   0
2   12.642    5.500 0 0   0
2   12.631    5.494 0 0   0
2   12.625    5.492 0 0   0
2   12.364    5.386 0 0   0
2   12.250    5.347 0 0   0
2   12.083    5.292 0 0   0
2   11.875    5.232 0 0   0
2   11.790    5.210 0 0   0
2   11.500    5.144 0 0   0
2   11.485    5.140 0 0   0
2   11.396    5.125 0 0   0
2   11.165    5.085 0 0   0
2   11.125    5.080 0 0   0
2   10.831    5.044 0 0   0
2   10.750    5.036 0 0   0
2   10.483    5.017 0 0   0
2   10.375    5.010 0 0   0
2   10.121    5.004 0 0   0
2   10.000    5.002 0 0   0
2    9.742    5.008 0 0   0
2    9.625    5.010 0 0   0
2    9.345    5.030 0 0   0
2    9.250    5.036 0 0   0
2    8.926    5.074 0 0   0
2    8.875    5.080 0 0   0
2    8.604    5.125 0 0   0
2    8.500    5.144 0 0   0
2    8.475    5.150 0 0   0
2    8.125    5.232 0 0   0
2    7.967    5.283 0 0   0
2    7.750    5.347 0 0   0
3    7.653    4.750 0 0   0
2    7.653    4.750 0 0   0
2    7.750    4.723 0 0   0
2    7.783    4.717 0 0   0
2    8.125    4.639 0 0   0
2    8.256    4.619 0 0   0
2    8.500    4.574 0 0   0
2    8.700    4.550 0 0   0
2    8.875    4.526 0 0   0
2    9.120    4.505 0 0   0
2    9.250    4.492 0 0   0
2    9.521    4.479 0 0   0
2    9.625    4.473 0 0   0
2    9.907    4.468 0 0   0
2   10.000    4.466 0 0   0
2   10.279    4.471 0 0   0
2   10.375    4.473 0 0   0
2   10.639    4.486 0 0   0
2   10.750    4.492 0 0   0
2   10.988    4.512 0 0   0
2   11.125    4.526 0 0   0
2   11.326    4.549 0 0   0
2   11.500    4.574 0 0   0
2   11.652    4.598 0 0   0
2   11.875    4.639 0 0   0
2   11.968    4.657 0 0   0
2   12.250    4.723 0 0   0
2   12.272    4.728 0 0   0
2   12.347    4.750 0 0   0
2   12.563    4.812 0 0   0
2   12.625    4.833 0 0   0
2   12.843    4.907 0 0   0
2   13.000    4.971 0 0   0
2   13.110    5.015 0 0   0
2   13.335    5.125 0 0   0
2   13.362    5.138 0 0   0
2   13.375    5.145 0 0   0
2   13.602    5.273 0 0   0
2   13.750    5.373 0 0   0
2   13.827    5.423 0 0   0
2   13.923    5.500 0 0   0
2   14.037    5.588 0 0   0
2   14.125    5.671 0 0   0
2   14.232    5.768 0 0   0
2   14.329    5.875 0 0   0
2   14.412    5.963 0 0   0
2   14.500    6.077 0 0   0
2   14.577    6.173 0 0   0
2   14.627    6.250 0 0   0
2   14.727    6.398 0 0   0
2   14.855    6.625 0 0   0
2   14.862    6.638 0 0   0
2   14.875    6.665 0 0   0
2   14.985    6.890 0 0   0
2   15.029    7.000 0 0   0
2   15.093    7.157 0 0   0
2   15.167    7.375 0 0   0
2   15.188    7.437 0 0   0
2   15.250    7.653 0 0   0
2   15.272    7.728 0 0   0
2   15.277    7.750 0 0   0
2   15.343    8.032 0 0   0
2   15.361    8.125 0 0   0
2   15.402    8.348 0 0   0
2   15.426    8.500 0 0   0
2   15.451    8.674 0 0   0
2   15.474    8.875 0 0   0
2   15.488    9.012 0 0   0
2   15.508    9.250 0 0   0
2   15.514    9.361 0 0   0
2   15.527    9.625 0 0   0
2   15.529    9.721 0 0   0
2   15.534   10.000 0 0   0
2   15.532   10.093 0 0   0
2   15.527   10.375 0 0   0
2   15.521   10.479 0 0   0
2   15.508   10.750 0 0   0
2   15.495   10.880 0 0   0
2   15.474   11.125 0 0   0
2   15.450   11.300 0 0   0
2   15.426   11.500 0 0   0
2   15.381   11.744 0 0   0
2   15.361   11.875 0 0   0
2   15.283   12.217 0 0   0
2   15.277   12.250 0 0   0
2   15.250   12.347 0 0   0
2   15.167   12.625 0 0   0
2   15.114   12.761 0 0   0
2   15.029   13.000 0 0   0
2   14.875   13.335 0 0   0
2   14.855   13.375 0 0   0
2   14.820   13.430 0 0   0
2   14.627   13.750 0 0   0
2   14.500   13.923 0 0   0
2   14.329   14.125 0 0   0
2   14.125   14.329 0 0   0
2   13.923   14.500 0 0   0
2   13.750   14.627 0 0   0
2   13.430   14.820 0 0   0
2   13.375   14.855 0 0   0
2   13.335   14.875 0 0   0
2   13.000   15.029 0 0   0
2   12.761   15.114 0 0   0
2   12.625   15.167 0 0   0
6   12.466   15.191    0.000    0.150   1
7
3   12.625   15.167 0 0   0
2   12.347   15.250 0 0   0
2   12.250   15.277 0 0   0
2   12.217   15.283 0 0   0
2   11.875   15.361 0 0   0
2   11.744   15.381 0 0   0
2   11.500   15.426 0 0   0
2   11.300   15.450 0 0   0
2   11.125   15.474 0 0   0
2   10.880   15.495 0 0   0
2   10.750   15.508 0 0   0
2   10.479   15.521 0 0   0
2   10.375   15.527 0 0   0
2   10.093   15.532 0 0   0
2   10.000   15.534 0 0   0
2    9.721   15.529 0 0   0
2    9.625   15.527 0 0   0
2    9.361   15.514 0 0   0
2    9.250   15.508 0 0   0
2    9.012   15.488 0 0   0
2    8.875   15.474 0 0   0
2    8.674   15.451 0 0   0
2    8.500   15.426 0 0   0
2    8.348   15.402 0 0   0
2    8.125   15.361 0 0   0
2    8.032   15.343 0 0   0
2    7.750   15.277 0 0   0
2    7.728   15.272 0 0   0
2    7.653   15.250 0 0   0
2    7.437   15.188 0 0   0
2    7.375   15.167 0 0   0
2    7.157   15.093 0 0   0
2    7.000   15.029 0 0   0
2    6.890   14.985 0 0   0
2    6.665   14.875 0 0   0
2    6.638   14.862 0 0   0
2    6.625   14.855 0 0   0
2    6.398   14.727 0 0   0
2    6.250   14.627 0 0   0
2    6.173   14.577 0 0   0
2    6.077   14.500 0 0   0
2    5.963   14.412 0 0   0
2    5.875   14.329 0 0   0
2    5.768   14.232 0 0   0
2    5.671   14.125 0 0   0
2    5.588   14.037 0 0   0
2    5.500   13.923 0 0   0
2    5.423   13.827 0 0   0
2    5.373   13.750 0 0   0
2    5.273   13.602 0 0   0
2    5.145   13.375 0 0   0
2    5.138   13.362 0 0   0
2    5.125   13.335 0 0   0
2    5.015   13.110 0 0   0
2    4.971   13.000 0 0   0
2    4.907   12.843 0 0   0
2    4.833   12.625 0 0   0
2    4.812   12.563 0 0   0
2    4.750   12.347 0 0   0
2    4.728   12.272 0 0   0
2    4.723   12.250 0 0   0
2    4.657   11.968 0 0   0
2    4.639   11.875 0 0   0
2    4.598   11.652 0 0   0
2    4.574   11.500 0 0   0
2    4.549   11.326 0 0   0
2    4.526   11.125 0 0   0
2    4.512   10.988 0 0   0
2    4.492   10.750 0 0   0
2    4.486   10.639 0 0   0
2    4.473   10.375 0 0   0
2    4.471   10.279 0 0   0
2    4.466   10.000 0 0   0
2    4.468    9.907 0 0   0
2    4.473    9.625 0 0   0
2    4.479    9.521 0 0   0
2    4.492    9.250 0 0   0
2    4.505    9.120 0 0   0
2    4.526    8.875 0 0   0
2    4.550    8.700 0 0   0
2    4.574    8.500 0 0   0
2    4.619    8.256 0 0   0
2    4.639    8.125 0 0   0
2    4.717    7.783 0 0   0
2    4.723    7.750 0 0   0
2    4.750    7.653 0 0   0
2    4.833    7.375 0 0   0
2    4.886    7.239 0 0   0
2    4.971    7.000 0 0   0
2    5.125    6.665 0 0   0
2    5.145    6.625 0 0   0
2    5.180    6.570 0 0   0
2    5.373    6.250 0 0   0
2    5.500    6.077 0 0   0
2    5.671    5.875 0 0   0
2    5.875    5.671 0 0   0
2    6.077    5.500 0 0   0
2    6.250    5.373 0 0   0
2    6.570    5.180 0 0   0
2    6.625    5.145 0 0   0
2    6.665    5.125 0 0   0
2    7.000    4.971 0 0   0
2    7.239    4.886 0 0   0
2    7.375    4.833 0 0   0
2    7.653    4.750 0 0   0
3    9.250    3.974 0 0   0
2    9.250    3.974 0 0   0
2    8.878    3.997 0 0   0
2    8.875    3.998 0 0   0
2    8.848    4.000 0 0   0
2    8.500    4.033 0 0   0
2    8.462    4.038 0 0   0
2    8.125    4.080 0 0   0
2    8.027    4.098 0 0   0
2    7.750    4.141 0 0   0
2    7.568    4.182 0 0   0
2    7.375    4.218 0 0   0
2    7.078    4.297 0 0   0
2    7.000    4.315 0 0   0
2    6.807    4.375 0 0   0
2    6.625    4.437 0 0   0
2    6.512    4.488 0 0   0
2    6.250    4.594 0 0   0
2    5.949    4.750 0 0   0
2    5.875    4.793 0 0   0
2    5.717    4.908 0 0   0
2    5.500    5.059 0 0   0
2    5.422    5.125 0 0   0
2    5.125    5.422 0 0   0
2    5.059    5.500 0 0   0
2    4.908    5.717 0 0   0
2    4.793    5.875 0 0   0
2    4.750    5.949 0 0   0
2    4.594    6.250 0 0   0
2    4.488    6.512 0 0   0
2    4.437    6.625 0 0   0
2    4.375    6.807 0 0   0
2    4.315    7.000 0 0   0
2    4.297    7.078 0 0   0
2    4.218    7.375 0 0   0
2    4.182    7.568 0 0   0
2    4.141    7.750 0 0   0
2    4.098    8.027 0 0   0
2    4.080    8.125 0 0   0
2    4.038    8.462 0 0   0
2    4.033    8.500 0 0   0
2    4.000    8.848 0 0   0
2    3.998    8.875 0 0   0
2    3.997    8.878 0 0   0
2    3.974    9.250 0 0   0
2    3.973    9.277 0 0   0
2    3.960    9.625 0 0   0
2    3.959    9.666 0 0   0
2    3.955   10.000 0 0   0
2    3.956   10.044 0 0   0
2    3.960   10.375 0 0   0
2    3.961   10.414 0 0   0
2    3.974   10.750 0 0   0
2    3.975   10.775 0 0   0
2    3.998   11.125 0 0   0
2    3.998   11.127 0 0   0
2    4.000   11.152 0 0   0
2    4.029   11.471 0 0   0
2    4.033   11.500 0 0   0
2    4.069   11.806 0 0   0
2    4.080   11.875 0 0   0
2    4.118   12.132 0 0   0
2    4.141   12.250 0 0   0
2    4.177   12.448 0 0   0
2    4.218   12.625 0 0   0
2    4.246   12.754 0 0   0
2    4.315   13.000 0 0   0
2    4.327   13.048 0 0   0
2    4.375   13.194 0 0   0
2    4.419   13.331 0 0   0
2    4.437   13.375 0 0   0
2    4.523   13.602 0 0   0
2    4.594   13.750 0 0   0
2    4.641   13.859 0 0   0
2    4.750   14.051 0 0   0
2    4.776   14.099 0 0   0
2    4.793   14.125 0 0   0
2    4.921   14.329 0 0   0
2    5.059   14.500 0 0   0
2    5.087   14.538 0 0   0
2    5.125   14.578 0 0   0
2    5.265   14.735 0 0   0
2    5.422   14.875 0 0   0
2    5.462   14.913 0 0   0
2    5.500   14.941 0 0   0
2    5.671   15.079 0 0   0
2    5.875   15.207 0 0   0
2    5.901   15.224 0 0   0
2    5.949   15.250 0 0   0
2    6.141   15.359 0 0   0
2    6.250   15.406 0 0   0
2    6.398   15.477 0 0   0
2    6.625   15.563 0 0   0
2    6.669   15.581 0 0   0
2    6.806   15.625 0 0   0
2    6.952   15.673 0 0   0
2    7.000   15.685 0 0   0
2    7.246   15.754 0 0   0
2    7.375   15.782 0 0   0
2    7.552   15.823 0 0   0
2    7.750   15.859 0 0   0
2    7.868   15.882 0 0   0
2    8.125   15.920 0 0   0
2    8.194   15.931 0 0   0
2    8.500   15.967 0 0   0
2    8.529   15.971 0 0   0
2    8.848   16.000 0 0   0
2    8.873   16.002 0 0   0
2    8.875   16.002 0 0   0
2    9.225   16.025 0 0   0
2    9.250   16.026 0 0   0
2    9.586   16.039 0 0   0
2    9.625   16.040 0 0   0
2    9.956   16.044 0 0   0
2   10.000   16.045 0 0   0
2   10.334   16.041 0 0   0
2   10.375   16.040 0 0   0
2   10.723   16.027 0 0   0
6   10.701   16.012    0.000    0.150   1
8
3   10.723   16.027 0 0   0
2   10.750   16.026 0 0   0
2   11.122   16.003 0 0   0
2   11.125   16.002 0 0   0
2   11.152   16.000 0 0   0
2   11.500   15.967 0 0   0
2   11.538   15.962 0 0   0
2   11.875   15.920 0 0   0
2   11.973   15.902 0 0   0
2   12.250   15.859 0 0   0
2   12.432   15.818 0 0   0
2   12.625   15.782 0 0   0
2   12.922   15.703 0 0   0
2   13.000   15.685 0 0   0
2   13.193   15.625 0 0   0
2   13.375   15.563 0 0   0
2   13.488   15.512 0 0   0
2   13.750   15.406 0 0   0
2   14.051   15.250 0 0   0
2   14.125   15.207 0 0   0
2   14.283   15.092 0 0   0
2   14.500   14.941 0 0   0
2   14.578   14.875 0 0   0
2   14.875   14.578 0 0   0
2   14.941   14.500 0 0   0
2   15.092   14.283 0 0   0
2   15.207   14.125 0 0   0
2   15.250   14.051 0 0   0
2   15.406   13.750 0 0   0
2   15.512   13.488 0 0   0
2   15.563   13.375 0 0   0
2   15.625   13.193 0 0   0
2   15.685   13.000 0 0   0
2   15.703   12.922 0 0   0
2   15.782   12.625 0 0   0
2   15.818   12.432 0 0   0
2   15.859   12.250 0 0   0
2   15.902   11.973 0 0   0
2   15.920   11.875 0 0   0
2   15.962   11.538 0 0   0
2   15.967   11.500 0 0   0
2   16.000   11.152 0 0   0
2   16.002   11.125 0 0   0
2   16.003   11.122 0 0   0
2   16.026   10.750 0 0   0
2   16.027   10.723 0 0   0
2   16.040   10.375 0 0   0
2   16.041   10.334 0 0   0
2   16.045   10.000 0 0   0
2   16.044    9.956 0 0   0
2   16.040    9.625 0 0   0
2   16.039    9.586 0 0   0
2   16.026    9.250 0 0   0
2   16.025    9.225 0 0   0
2   16.002    8.875 0 0   0
2   16.002    8.873 0 0   0
2   16.000    8.848 0 0   0
2   15.971    8.529 0 0   0
2   15.967    8.500 0 0   0
2   15.931    8.194 0 0   0
2   15.920    8.125 0 0   0
2   15.882    7.868 0 0   0
2   15.859    7.750 0 0   0
2   15.823    7.552 0 0   0
2   15.782    7.375 0 0   0
2   15.754    7.246 0 0   0
2   15.685    7.000 0 0   0
2   15.673    6.952 0 0   0
2   15.625    6.806 0 0   0
2   15.581    6.669 0 0   0
2   15.563    6.625 0 0   0
2   15.477    6.398 0 0   0
2   15.406    6.250 0 0   0
2   15.359    6.141 0 0   0
2   15.250    5.949 0 0   0
2   15.224    5.901 0 0   0
2   15.207    5.875 0 0   0
2   15.079    5.671 0 0   0
2   14.941    5.500 0 0   0
2   14.913    5.462 0 0   0
2   14.875    5.422 0 0   0
2   14.735    5.265 0 0   0
2   14.578    5.125 0 0   0
2   14.538    5.087 0 0   0
2   14.500    5.059 0 0   0
2   14.329    4.921 0 0   0
2   14.125    4.793 0 0   0
2   14.099    4.776 0 0   0
2   14.051    4.750 0 0   0
2   13.859    4.641 0 0   0
2   13.750    4.594 0 0   0
2   13.602    4.523 0 0   0
2   13.375    4.437 0 0   0
2   13.331    4.419 0 0   0
2   13.194    4.375 0 0   0
2   13.048    4.327 0 0   0
2   13.000    4.315 0 0   0
2   12.754    4.246 0 0   0
2   12.625    4.218 0 0   0
2   12.448    4.177 0 0   0
2   12.250    4.141 0 0   0
2   12.132    4.118 0 0   0
2   11.875    4.080 0 0   0
2   11.806    4.069 0 0   0
2   11.500    4.033 0 0   0
2   11.471    4.029 0 0   0
2   11.152    4.000 0 0   0
2   11.127    3.998 0 0   0
2   11.125    3.998 0 0   0
2   10.775    3.975 0 0   0
2   10.750    3.974 0 0   0
2   10.414    3.961 0 0   0
2   10.375    3.960 0 0   0
2   10.044    3.956 0 0   0
2   10.000    3.955 0 0   0
2    9.666    3.959 0 0   0
2    9.625    3.960 0 0   0
2    9.277    3.973 0 0   0
2    9.250    3.974 0 0   0
3    6.250    3.870 0 0   0
2    6.250    3.870 0 0   0
2    5.882    3.993 0 0   0
2    5.875    3.995 0 0   0
2    5.861    4.000 0 0   0
2    5.500    4.159 0 0   0
2    5.126    4.375 0 0   0
2    5.125    4.376 0 0   0
2    5.121    4.379 0 0   0
2    4.750    4.679 0 0   0
2    4.679    4.750 0 0   0
2    4.379    5.121 0 0   0
2    4.376    5.125 0 0   0
2    4.375    5.126 0 0   0
2    4.159    5.500 0 0   0
2    4.000    5.861 0 0   0
2    3.995    5.875 0 0   0
2    3.993    5.882 0 0   0
2    3.870    6.250 0 0   0
2    3.831    6.419 0 0   0
2    3.772    6.625 0 0   0
2    3.716    6.909 0 0   0
2    3.693    7.000 0 0   0
2    3.632    7.368 0 0   0
2    3.631    7.375 0 0   0
2    3.625    7.415 0 0   0
2    3.581    7.750 0 0   0
2    3.578    7.797 0 0   0
2    3.542    8.125 0 0   0
2    3.537    8.213 0 0   0
2    3.512    8.500 0 0   0
2    3.507    8.618 0 0   0
2    3.490    8.875 0 0   0
2    3.485    9.015 0 0   0
2    3.474    9.250 0 0   0
2    3.471    9.404 0 0   0
2    3.465    9.625 0 0   0
2    3.464    9.786 0 0   0
2    3.462   10.000 0 0   0
2    3.463   10.162 0 0   0
2    3.465   10.375 0 0   0
2    3.468   10.532 0 0   0
2    3.474   10.750 0 0   0
2    3.479   10.896 0 0   0
2    3.490   11.125 0 0   0
2    3.496   11.254 0 0   0
2    3.512   11.500 0 0   0
2    3.518   11.607 0 0   0
2    3.542   11.875 0 0   0
2    3.548   11.952 0 0   0
2    3.581   12.250 0 0   0
2    3.585   12.290 0 0   0
2    3.625   12.585 0 0   0
2    3.630   12.620 0 0   0
2    3.631   12.625 0 0   0
2    3.681   12.944 0 0   0
2    3.693   13.000 0 0   0
2    3.741   13.259 0 0   0
2    3.772   13.375 0 0   0
2    3.812   13.563 0 0   0
2    3.870   13.750 0 0   0
2    3.896   13.854 0 0   0
2    3.995   14.125 0 0   0
2    3.996   14.129 0 0   0
2    4.000   14.139 0 0   0
2    4.103   14.397 0 0   0
2    4.159   14.500 0 0   0
2    4.228   14.647 0 0   0
2    4.375   14.874 0 0   0
2    4.375   14.875 0 0   0
2    4.375   14.875 0 0   0
2    4.530   15.095 0 0   0
2    4.679   15.250 0 0   0
2    4.712   15.288 0 0   0
2    4.750   15.321 0 0   0
2    4.905   15.470 0 0   0
2    5.125   15.625 0 0   0
2    5.125   15.625 0 0   0
2    5.126   15.625 0 0   0
2    5.353   15.772 0 0   0
2    5.500   15.841 0 0   0
2    5.603   15.897 0 0   0
2    5.861   16.000 0 0   0
2    5.871   16.004 0 0   0
2    5.875   16.005 0 0   0
2    6.146   16.104 0 0   0
2    6.250   16.130 0 0   0
2    6.437   16.188 0 0   0
2    6.625   16.228 0 0   0
2    6.741   16.259 0 0   0
2    7.000   16.307 0 0   0
2    7.056   16.319 0 0   0
2    7.375   16.369 0 0   0
2    7.380   16.370 0 0   0
2    7.415   16.375 0 0   0
2    7.710   16.415 0 0   0
2    7.750   16.419 0 0   0
2    8.048   16.452 0 0   0
2    8.125   16.458 0 0   0
2    8.393   16.482 0 0   0
2    8.500   16.488 0 0   0
2    8.746   16.504 0 0   0
2    8.875   16.510 0 0   0
2    9.104   16.521 0 0   0
2    9.250   16.526 0 0   0
2    9.468   16.532 0 0   0
2    9.625   16.535 0 0   0
2    9.838   16.537 0 0   0
2   10.000   16.538 0 0   0
2   10.214   16.536 0 0   0
2   10.375   16.535 0 0   0
2   10.596   16.529 0 0   0
2   10.750   16.526 0 0   0
2   10.985   16.515 0 0   0
2   11.125   16.510 0 0   0
2   11.382   16.493 0 0   0
2   11.500   16.488 0 0   0
2   11.787   16.463 0 0   0
2   11.875   16.458 0 0   0
2   12.203   16.422 0 0   0
2   12.250   16.419 0 0   0
2   12.585   16.375 0 0   0
2   12.625   16.369 0 0   0
2   12.632   16.368 0 0   0
2   13.000   16.307 0 0   0
2   13.091   16.284 0 0   0
2   13.375   16.228 0 0   0
2   13.581   16.169 0 0   0
6   13.641   16.133    0.000    0.150   1
9
3   13.581   16.169 0 0   0
2   13.750   16.130 0 0   0
2   14.118   16.007 0 0   0
2   14.125   16.005 0 0   0
2   14.139   16.000 0 0   0
2   14.500   15.841 0 0   0
2   14.874   15.625 0 0   0
2   14.875   15.624 0 0   0
2   14.879   15.621 0 0   0
2   15.250   15.321 0 0   0
2   15.321   15.250 0 0   0
2   15.621   14.879 0 0   0
2   15.624   14.875 0 0   0
2   15.625   14.874 0 0   0
2   15.841   14.500 0 0   0
2   16.000   14.139 0 0   0
2   16.005   14.125 0 0   0
2   16.007   14.118 0 0   0
2   16.130   13.750 0 0   0
2   16.169   13.581 0 0   0
2   16.228   13.375 0 0   0
2   16.284   13.091 0 0   0
2   16.307   13.000 0 0   0
2   16.368   12.632 0 0   0
2   16.369   12.625 0 0   0
2   16.375   12.585 0 0   0
2   16.419   12.250 0 0   0
2   16.422   12.203 0 0   0
2   16.458   11.875 0 0   0
2   16.463   11.787 0 0   0
2   16.488   11.500 0 0   0
2   16.493   11.382 0 0   0
2   16.510   11.125 0 0   0
2   16.515   10.985 0 0   0
2   16.526   10.750 0 0   0
2   16.529   10.596 0 0   0
2   16.535   10.375 0 0   0
2   16.536   10.214 0 0   0
2   16.538   10.000 0 0   0
2   16.537    9.838 0 0   0
2   16.535    9.625 0 0   0
2   16.532    9.468 0 0   0
2   16.526    9.250 0 0   0
2   16.521    9.104 0 0   0
2   16.510    8.875 0 0   0
2   16.504    8.746 0 0   0
2   16.488    8.500 0 0   0
2   16.482    8.393 0 0   0
2   16.458    8.125 0 0   0
2   16.452    8.048 0 0   0
2   16.419    7.750 0 0   0
2   16.415    7.710 0 0   0
2   16.375    7.415 0 0   0
2   16.370    7.380 0 0   0
2   16.369    7.375 0 0   0
2   16.319    7.056 0 0   0
2   16.307    7.000 0 0   0
2   16.259    6.741 0 0   0
2   16.228    6.625 0 0   0
2   16.188    6.437 0 0   0
2   16.130    6.250 0 0   0
2   16.104    6.146 0 0   0
2   16.005    5.875 0 0   0
2   16.004    5.871 0 0   0
2   16.000    5.861 0 0   0
2   15.897    5.603 0 0   0
2   15.841    5.500 0 0   0
2   15.772    5.353 0 0   0
2   15.625    5.126 0 0   0
2   15.625    5.125 0 0   0
2   15.625    5.125 0 0   0
2   15.470    4.905 0 0   0
2   15.321    4.750 0 0   0
2   15.288    4.712 0 0   0
2   15.250    4.679 0 0   0
2   15.095    4.530 0 0   0
2   14.875    4.375 0 0   0
2   14.875    4.375 0 0   0
2   14.874    4.375 0 0   0
2   14.647    4.228 0 0   0
2   14.500    4.159 0 0   0
2   14.397    4.103 0 0   0
2   14.139    4.000 0 0   0
2   14.129    3.996 0 0   0
2   14.125    3.995 0 0   0
2   13.854    3.896 0 0   0
2   13.750    3.870 0 0   0
2   13.563    3.812 0 0   0
2   13.375    3.772 0 0   0
2   13.259    3.741 0 0   0
2   13.000    3.693 0 0   0
2   12.944    3.681 0 0   0
2   12.625    3.631 0 0   0
2   12.620    3.630 0 0   0
2   12.585    3.625 0 0   0
2   12.290    3.585 0 0   0
2   12.250    3.581 0 0   0
2   11.952    3.548 0 0   0
2   11.875    3.542 0 0   0
2   11.607    3.518 0 0   0
2   11.500    3.512 0 0   0
2   11.254    3.496 0 0   0
2   11.125    3.490 0 0   0
2   10.896    3.479 0 0   0
2   10.750    3.474 0 0   0
2   10.532    3.468 0 0   0
2   10.375    3.465 0 0   0
2   10.162    3.463 0 0   0
2   10.000    3.462 0 0   0
2    9.786    3.464 0 0   0
2    9.625    3.465 0 0   0
2    9.404    3.471 0 0   0
2    9.250    3.474 0 0   0
2    9.015    3.485 0 0   0
2    8.875    3.490 0 0   0
2    8.618    3.507 0 0   0
2    8.500    3.512 0 0   0
2    8.213    3.537 0 0   0
2    8.125    3.542 0 0   0
2    7.797    3.578 0 0   0
2    7.750    3.581 0 0   0
2    7.415    3.625 0 0   0
2    7.375    3.631 0 0   0
2    7.368    3.632 0 0   0
2    7.000    3.693 0 0   0
2    6.909    3.716 0 0   0
2    6.625    3.772 0 0   0
2    6.419    3.831 0 0   0
2    6.250    3.870 0 0   0
3    6.250    3.178 0 0   0
2    6.250    3.178 0 0   0
2    5.888    3.237 0 0   0
2    5.875    3.238 0 0   0
2    5.813    3.250 0 0   0
2    5.500    3.317 0 0   0
2    5.399    3.351 0 0   0
2    5.125    3.420 0 0   0
2    4.843    3.532 0 0   0
2    4.750    3.561 0 0   0
2    4.615    3.625 0 0   0
2    4.375    3.763 0 0   0
2    4.074    4.000 0 0   0
2    4.000    4.074 0 0   0
2    3.763    4.375 0 0   0
2    3.625    4.615 0 0   0
2    3.561    4.750 0 0   0
2    3.532    4.843 0 0   0
2    3.420    5.125 0 0   0
2    3.351    5.399 0 0   0
2    3.317    5.500 0 0   0
2    3.250    5.813 0 0   0
2    3.238    5.875 0 0   0
2    3.237    5.888 0 0   0
2    3.178    6.250 0 0   0
2    3.172    6.328 0 0   0
2    3.130    6.625 0 0   0
2    3.122    6.753 0 0   0
2    3.092    7.000 0 0   0
2    3.083    7.167 0 0   0
2    3.062    7.375 0 0   0
2    3.053    7.572 0 0   0
2    3.037    7.750 0 0   0
2    3.029    7.971 0 0   0
2    3.018    8.125 0 0   0
2    3.011    8.364 0 0   0
2    3.003    8.500 0 0   0
2    2.998    8.752 0 0   0
2    2.992    8.875 0 0   0
2    2.988    9.137 0 0   0
2    2.985    9.250 0 0   0
2    2.982    9.518 0 0   0
2    2.980    9.625 0 0   0
2    2.979    9.896 0 0   0
2    2.979   10.000 0 0   0
2    2.979   10.271 0 0   0
2    2.980   10.375 0 0   0
2    2.983   10.642 0 0   0
2    2.985   10.750 0 0   0
2    2.989   11.011 0 0   0
2    2.992   11.125 0 0   0
2    2.998   11.377 0 0   0
2    3.003   11.500 0 0   0
2    3.010   11.740 0 0   0
2    3.018   11.875 0 0   0
2    3.026   12.099 0 0   0
2    3.037   12.250 0 0   0
2    3.046   12.454 0 0   0
2    3.062   12.625 0 0   0
2    3.071   12.804 0 0   0
2    3.092   13.000 0 0   0
2    3.101   13.149 0 0   0
2    3.130   13.375 0 0   0
2    3.138   13.487 0 0   0
2    3.178   13.750 0 0   0
2    3.183   13.817 0 0   0
2    3.238   14.125 0 0   0
2    3.239   14.136 0 0   0
2    3.250   14.187 0 0   0
2    3.301   14.449 0 0   0
2    3.317   14.500 0 0   0
2    3.373   14.752 0 0   0
2    3.420   14.875 0 0   0
2    3.463   15.037 0 0   0
2    3.561   15.250 0 0   0
2    3.576   15.299 0 0   0
2    3.625   15.385 0 0   0
2    3.703   15.547 0 0   0
2    3.763   15.625 0 0   0
2    3.852   15.773 0 0   0
2    4.000   15.926 0 0   0
2    4.033   15.967 0 0   0
2    4.074   16.000 0 0   0
2    4.227   16.148 0 0   0
2    4.375   16.237 0 0   0
2    4.453   16.297 0 0   0
2    4.615   16.375 0 0   0
2    4.701   16.424 0 0   0
2    4.750   16.439 0 0   0
2    4.963   16.537 0 0   0
2    5.125   16.580 0 0   0
2    5.248   16.627 0 0   0
2    5.500   16.683 0 0   0
2    5.551   16.699 0 0   0
2    5.813   16.750 0 0   0
2    5.864   16.761 0 0   0
2    5.875   16.762 0 0   0
2    6.183   16.817 0 0   0
2    6.250   16.822 0 0   0
2    6.513   16.862 0 0   0
2    6.625   16.870 0 0   0
2    6.851   16.899 0 0   0
2    7.000   16.908 0 0   0
2    7.196   16.929 0 0   0
2    7.375   16.938 0 0   0
2    7.546   16.954 0 0   0
2    7.750   16.963 0 0   0
2    7.901   16.974 0 0   0
2    8.125   16.982 0 0   0
2    8.260   16.990 0 0   0
2    8.500   16.997 0 0   0
2    8.623   17.002 0 0   0
2    8.875   17.008 0 0   0
2    8.989   17.011 0 0   0
2    9.250   17.015 0 0   0
2    9.358   17.017 0 0   0
2    9.625   17.020 0 0   0
2    9.729   17.021 0 0   0
2   10.000   17.021 0 0   0
2   10.104   17.021 0 0   0
2   10.375   17.020 0 0   0
2   10.482   17.018 0 0   0
2   10.750   17.015 0 0   0
2   10.863   17.012 0 0   0
2   11.125   17.008 0 0   0
2   11.248   17.002 0 0   0
2   11.500   16.997 0 0   0
2   11.636   16.989 0 0   0
2   11.875   16.982 0 0   0
2   12.029   16.971 0 0   0
2   12.250   16.963 0 0   0
2   12.428   16.947 0 0   0
2   12.625   16.938 0 0   0
2   12.833   16.917 0 0   0
2   13.000   16.908 0 0   0
2   13.247   16.878 0 0   0
2   13.375   16.870 0 0   0
2   13.672   16.828 0 0   0
6   13.603   16.810    0.000    0.150   2
10
3   13.672   16.828 0 0   0
2   13.750   16.822 0 0   0
2   14.112   16.763 0 0   0
2   14.125   16.762 0 0   0
2   14.187   16.750 0 0   0
2   14.500   16.683 0 0   0
2   14.601   16.649 0 0   0
2   14.875   16.580 0 0   0
2   15.157   16.468 0 0   0
2   15.250   16.439 0 0   0
2   15.385   16.375 0 0   0
2   15.625   16.237 0 0   0
2   15.926   16.000 0 0   0
2   16.000   15.926 0 0   0
2   16.237   15.625 0 0   0
2   16.375   15.385 0 0   0
2   16.439   15.250 0 0   0
2   16.468   15.157 0 0   0
2   16.580   14.875 0 0   0
2   16.649   14.601 0 0   0
2   16.683   14.500 0 0   0
2   16.750   14.187 0 0   0
2   16.762   14.125 0 0   0
2   16.763   14.112 0 0   0
2   16.822   13.750 0 0   0
2   16.828   13.672 0 0   0
2   16.870   13.375 0 0   0
2   16.878   13.247 0 0   0
2   16.908   13.000 0 0   0
2   16.917   12.833 0 0   0
2   16.938   12.625 0 0   0
2   16.947   12.428 0 0   0
2   16.963   12.250 0 0   0
2   16.971   12.029 0 0   0
2   16.982   11.875 0 0   0
2   16.989   11.636 0 0   0
2   16.997   11.500 0 0   0
2   17.002   11.248 0 0   0
2   17.008   11.125 0 0   0
2   17.012   10.863 0 0   0
2   17.015   10.750 0 0   0
2   17.018   10.482 0 0   0
2   17.020   10.375 0 0   0
2   17.021   10.104 0 0   0
2   17.021   10.000 0 0   0
2   17.021    9.729 0 0   0
2   17.020    9.625 0 0   0
2   17.017    9.358 0 0   0
2   17.015    9.250 0 0   0
2   17.011    8.989 0 0   0
2   17.008    8.875 0 0   0
2   17.002    8.623 0 0   0
2   16.997    8.500 0 0   0
2   16.990    8.260 0 0   0
2   16.982    8.125 0 0   0
2   16.974    7.901 0 0   0
2   16.963    7.750 0 0   0
2   16.954    7.546 0 0   0
2   16.938    7.375 0 0   0
2   16.929    7.196 0 0   0
2   16.908    7.000 0 0   0
2   16.899    6.851 0 0   0
2   16.870    6.625 0 0   0
2   16.862    6.513 0 0   0
2   16.822    6.250 0 0   0
2   16.817    6.183 0 0   0
2   16.762    5.875 0 0   0
2   16.761    5.864 0 0   0
2   16.750    5.813 0 0   0
2   16.699    5.551 0 0   0
2   16.683    5.500 0 0   0
2   16.627    5.248 0 0   0
2   16.580    5.125 0 0   0
2   16.537    4.963 0 0   0
2   16.439    4.750 0 0   0
2   16.424    4.701 0 0   0
2   16.375    4.615 0 0   0
2   16.297    4.453 0 0   0
2   16.237    4.375 0 0   0
2   16.148    4.227 0 0   0
2   16.000    4.074 0 0   0
2   15.967    4.033 0 0   0
2   15.926    4.000 0 0   0
2   15.773    3.852 0 0   0
2   15.625    3.763 0 0   0
2   15.547    3.703 0 0   0
2   15.385    3.625 0 0   0
2   15.299    3.576 0 0   0
2   15.250    3.561 0 0   0
2   15.037    3.463 0 0   0
2   14.875    3.420 0 0   0
2   14.752    3.373 0 0   0
2   14.500    3.317 0 0   0
2   14.449    3.301 0 0   0
2   14.187    3.250 0 0   0
2   14.136    3.239 0 0   0
2   14.125    3.238 0 0   0
2   13.817    3.183 0 0   0
2   13.750    3.178 0 0   0
2   13.487    3.138 0 0   0
2   13.375    3.130 0 0   0
2   13.149    3.101 0 0   0
2   13.000    3.092 0 0   0
2   12.804    3.071 0 0   0
2   12.625    3.062 0 0   0
2   12.454    3.046 0 0   0
2   12.250    3.037 0 0   0
2   12.099    3.026 0 0   0
2   11.875    3.018 0 0   0
2   11.740    3.010 0 0   0
2   11.500    3.003 0 0   0
2   11.377    2.998 0 0   0
2   11.125    2.992 0 0   0
2   11.011    2.989 0 0   0
2   10.750    2.985 0 0   0
2   10.642    2.983 0 0   0
2   10.375    2.980 0 0   0
2   10.271    2.979 0 0   0
2   10.000    2.979 0 0   0
2    9.896    2.979 0 0   0
2    9.625    2.980 0 0   0
2    9.518    2.982 0 0   0
2    9.250    2.985 0 0   0
2    9.137    2.988 0 0   0
2    8.875    2.992 0 0   0
2    8.752    2.998 0 0   0
2    8.500    3.003 0 0   0
2    8.364    3.011 0 0   0
2    8.125    3.018 0 0   0
2    7.971    3.029 0 0   0
2    7.750    3.037 0 0   0
2    7.572    3.053 0 0   0
2    7.375    3.062 0 0   0
2    7.167    3.083 0 0   0
2    7.000    3.092 0 0   0
2    6.753    3.122 0 0   0
2    6.625    3.130 0 0   0
2    6.328    3.172 0 0   0
2    6.250    3.178 0 0   0
3    2.500    2.500 0 0   0
2    2.875    2.500 0 0   0
2    3.250    2.500 0 0   0
2    3.625    2.500 0 0   0
2    4.000    2.500 0 0   0
2    4.375    2.500 0 0   0
2    4.750    2.500 0 0   0
2    5.125    2.500 0 0   0
2    5.500    2.500 0 0   0
2    5.875    2.500 0 0   0
2    6.250    2.500 0 0   0
2    6.625    2.500 0 0   0
2    7.000    2.500 0 0   0
2    7.375    2.500 0 0   0
2    7.750    2.500 0 0   0
2    8.125    2.500 0 0   0
2    8.500    2.500 0 0   0
2    8.875    2.500 0 0   0
2    9.250    2.500 0 0   0
2    9.625    2.500 0 0   0
2   10.000    2.500 0 0   0
2   10.375    2.500 0 0   0
2   10.750    2.500 0 0   0
2   11.125    2.500 0 0   0
2   11.500    2.500 0 0   0
2   11.875    2.500 0 0   0
2   12.250    2.500 0 0   0
2   12.625    2.500 0 0   0
2   13.000    2.500 0 0   0
2   13.375    2.500 0 0   0
2   13.750    2.500 0 0   0
2   14.125    2.500 0 0   0
2   14.500    2.500 0 0   0
2   14.875    2.500 0 0   0
2   15.250    2.500 0 0   0
2   15.625    2.500 0 0   0
2   16.000    2.500 0 0   0
2   16.375    2.500 0 0   0
2   16.750    2.500 0 0   0
2   17.125    2.500 0 0   0
2   17.500    2.500 0 0   0
3   17.500    2.500 0 0   0
2   17.500    2.875 0 0   0
2   17.500    3.250 0 0   0
2   17.500    3.625 0 0   0
2   17.500    4.000 0 0   0
2   17.500    4.375 0 0   0
2   17.500    4.750 0 0   0
2   17.500    5.125 0 0   0
2   17.500    5.500 0 0   0
2   17.500    5.875 0 0   0
2   17.500    6.250 0 0   0
2   17.500    6.625 0 0   0
2   17.500    7.000 0 0   0
2   17.500    7.375 0 0   0
2   17.500    7.750 0 0   0
2   17.500    8.125 0 0   0
2   17.500    8.500 0 0   0
2   17.500    8.875 0 0   0
2   17.500    9.250 0 0   0
2   17.500    9.625 0 0   0
2   17.500   10.000 0 0   0
2   17.500   10.375 0 0   0
2   17.500   10.750 0 0   0
2   17.500   11.125 0 0   0
2   17.500   11.500 0 0   0
2   17.500   11.875 0 0   0
2   17.500   12.250 0 0   0
2   17.500   12.625 0 0   0
2   17.500   13.000 0 0   0
2   17.500   13.375 0 0   0
2   17.500   13.750 0 0   0
2   17.500   14.125 0 0   0
2   17.500   14.500 0 0   0
2   17.500   14.875 0 0   0
2   17.500   15.250 0 0   0
2   17.500   15.625 0 0   0
2   17.500   16.000 0 0   0
2   17.500   16.375 0 0   0
2   17.500   16.750 0 0   0
2   17.500   17.125 0 0   0
2   17.500   17.500 0 0   0
3   17.500   17.500 0 0   0
2   17.125   17.500 0 0   0
2   16.750   17.500 0 0   0
2   16.375   17.500 0 0   0
2   16.000   17.500 0 0   0
2   15.625   17.500 0 0   0
2   15.250   17.500 0 0   0
2   14.875   17.500 0 0   0
2   14.500   17.500 0 0   0
2   14.125   17.500 0 0   0
2   13.750   17.500 0 0   0
2   13.375   17.500 0 0   0
2   13.000   17.500 0 0   0
2   12.625   17.500 0 0   0
2   12.250   17.500 0 0   0
2   11.875   17.500 0 0   0
2   11.500   17.500 0 0   0
2   11.125   17.500 0 0   0
2   10.750   17.500 0 0   0
2   10.375   17.500 0 0   0
2   10.000   17.500 0 0   0
2    9.625   17.500 0 0   0
2    9.250   17.500 0 0   0
2    8.875   17.500 0 0   0
2    8.500   17.500 0 0   0
2    8.125   17.500 0 0   0
2    7.750   17.500 0 0   0
2    7.375   17.500 0 0   0
2    7.000   17.500 0 0   0
2    6.625   17.500 0 0   0
2    6.250   17.500 0 0   0
2    5.875   17.500 0 0   0
2    5.500   17.500 0 0   0
2    5.125   17.500 0 0   0
2    4.750   17.500 0 0   0
2    4.375   17.500 0 0   0
2    4.000   17.500 0 0   0
2    3.625   17.500 0 0   0
2    3.250   17.500 0 0   0
2    2.875   17.500 0 0   0
2    2.500   17.500 0 0   0
3    2.500   17.500 0 0   0
2    2.500   17.125 0 0   0
2    2.500   16.750 0 0   0
2    2.500   16.375 0 0   0
2    2.500   16.000 0 0   0
2    2.500   15.625 0 0   0
2    2.500   15.250 0 0   0
2    2.500   14.875 0 0   0
2    2.500   14.500 0 0   0
2    2.500   14.125 0 0   0
2    2.500   13.750 0 0   0
2    2.500   13.375 0 0   0
2    2.500   13.000 0 0   0
2    2.500   12.625 0 0   0
2    2.500   12.250 0 0   0
2    2.500   11.875 0 0   0
2    2.500   11.500 0 0   0
2    2.500   11.125 0 0   0
2    2.500   10.750 0 0   0
2    2.500   10.375 0 0   0
2    2.500   10.000 0 0   0
2    2.500    9.625 0 0   0
2    2.500    9.250 0 0   0
2    2.500    8.875 0 0   0
2    2.500    8.500 0 0   0
2    2.500    8.125 0 0   0
2    2.500    7.750 0 0   0
2    2.500    7.375 0 0   0
2    2.500    7.000 0 0   0
2    2.500    6.625 0 0   0
2    2.500    6.250 0 0   0
2    2.500    5.875 0 0   0
2    2.500    5.500 0 0   0
2    2.500    5.125 0 0   0
2    2.500    4.750 0 0   0
2    2.500    4.375 0 0   0
2    2.500    4.000 0 0   0
2    2.500    3.625 0 0   0
2    2.500    3.250 0 0   0
2    2.500    2.875 0 0   0
2    2.500    2.500 0 0   0
6   20.000    1.000    0.000    0.250  18
scalex:     15.000
6   20.000    1.500    0.000    0.250  18
scaley:     15.000
6   18.300    8.800    0.000    0.150   6
LEVELS
6   18.000    2.700    0.000    0.250  14
 1  -8.063E+00
6   18.000    3.200    0.000    0.250  14
 2  -7.257E+00
6   18.000    3.700    0.000    0.250  14
 3  -6.450E+00
6   18.000    4.200    0.000    0.250  14
 4  -5.644E+00
6   18.000    4.700    0.000    0.250  14
 5  -4.838E+00
6   18.000    5.200    0.000    0.250  14
 6  -4.031E+00
6   18.000    5.700    0.000    0.250  14
 7  -3.225E+00
6   18.000    6.200    0.000    0.250  14
 8  -2.419E+00
6   18.000    6.700    0.000    0.250  14
 9  -1.613E+00
6   18.000    7.200    0.000    0.250  14
10  -8.063E-01
6   18.000    7.700    0.000    0.250  14
11   1.304E-05
6    1.000    0.250    0.000    0.300   7
STREAM:
5    0.000    0.000 0 0   0
