1    1.000   20.000 0 0   0
6    3.500    0.750    0.000    0.250  80
x                                                                               
3   23.750    0.875 0 0   0
2   24.500    0.875 0 0   0
2   24.250    1.000 0 0   0
2   24.250    0.750 0 0   0
2   24.500    0.875 0 0   0
6    0.875    3.500   90.000    0.250  80
y                                                                               
3    0.750   23.750 0 0   0
2    0.750   24.500 0 0   0
2    0.625   24.250 0 0   0
2    0.875   24.250 0 0   0
2    0.750   24.500 0 0   0
3    2.500   17.500 0 0   0
2    2.500   17.500 0 0   0
2    2.500   17.500 0 0   0
2    2.875   17.500 0 0   0
2    2.875   17.500 0 0   0
2    3.250   17.500 0 0   0
2    3.250   17.500 0 0   0
2    3.625   17.500 0 0   0
2    3.625   17.500 0 0   0
2    4.000   17.500 0 0   0
2    4.000   17.500 0 0   0
2    4.375   17.500 0 0   0
2    4.375   17.500 0 0   0
2    4.750   17.500 0 0   0
2    4.750   17.500 0 0   0
2    5.125   17.500 0 0   0
2    5.125   17.500 0 0   0
2    5.500   17.500 0 0   0
2    5.500   17.500 0 0   0
2    5.875   17.500 0 0   0
2    5.875   17.500 0 0   0
2    6.250   17.500 0 0   0
2    6.250   17.500 0 0   0
2    6.625   17.500 0 0   0
2    6.625   17.500 0 0   0
2    7.000   17.500 0 0   0
2    7.000   17.500 0 0   0
2    7.375   17.500 0 0   0
2    7.375   17.500 0 0   0
2    7.750   17.500 0 0   0
2    7.750   17.500 0 0   0
2    8.125   17.500 0 0   0
2    8.125   17.500 0 0   0
2    8.500   17.500 0 0   0
2    8.500   17.500 0 0   0
2    8.875   17.500 0 0   0
2    8.875   17.500 0 0   0
2    9.250   17.500 0 0   0
2    9.250   17.500 0 0   0
2    9.625   17.500 0 0   0
2    9.625   17.500 0 0   0
6    9.775   17.485    0.000    0.150   1
1
3    9.625   17.500 0 0   0
2   10.000   17.500 0 0   0
2   10.000   17.500 0 0   0
2   10.375   17.500 0 0   0
2   10.375   17.500 0 0   0
2   10.750   17.500 0 0   0
2   10.750   17.500 0 0   0
2   11.125   17.500 0 0   0
2   11.125   17.500 0 0   0
2   11.500   17.500 0 0   0
2   11.500   17.500 0 0   0
2   11.875   17.500 0 0   0
2   11.875   17.500 0 0   0
2   12.250   17.500 0 0   0
2   12.250   17.500 0 0   0
2   12.625   17.500 0 0   0
2   12.625   17.500 0 0   0
2   13.000   17.500 0 0   0
2   13.000   17.500 0 0   0
2   13.375   17.500 0 0   0
2   13.375   17.500 0 0   0
2   13.750   17.500 0 0   0
2   13.750   17.500 0 0   0
2   14.125   17.500 0 0   0
2   14.125   17.500 0 0   0
2   14.500   17.500 0 0   0
2   14.500   17.500 0 0   0
2   14.875   17.500 0 0   0
2   14.875   17.500 0 0   0
2   15.250   17.500 0 0   0
2   15.250   17.500 0 0   0
2   15.625   17.500 0 0   0
2   15.625   17.500 0 0   0
2   16.000   17.500 0 0   0
2   16.000   17.500 0 0   0
2   16.375   17.500 0 0   0
2   16.375   17.500 0 0   0
2   16.750   17.500 0 0   0
2   16.750   17.500 0 0   0
2   17.125   17.500 0 0   0
2   17.125   17.500 0 0   0
2   17.500   17.500 0 0   0
3   17.500   14.836 0 0   0
2   17.500   14.836 0 0   0
2   17.428   14.875 0 0   0
2   17.125   15.028 0 0   0
2   16.958   15.250 0 0   0
2   16.750   15.478 0 0   0
2   16.647   15.625 0 0   0
2   16.375   15.928 0 0   0
2   16.312   16.000 0 0   0
2   16.000   16.272 0 0   0
2   15.860   16.375 0 0   0
2   15.625   16.508 0 0   0
2   15.401   16.599 0 0   0
2   15.250   16.674 0 0   0
2   15.023   16.750 0 0   0
2   14.875   16.791 0 0   0
2   14.827   16.798 0 0   0
2   14.500   16.875 0 0   0
2   14.358   16.892 0 0   0
2   14.125   16.940 0 0   0
2   13.915   16.960 0 0   0
2   13.750   16.989 0 0   0
2   13.487   17.013 0 0   0
2   13.375   17.030 0 0   0
2   13.072   17.053 0 0   0
2   13.000   17.063 0 0   0
2   12.664   17.086 0 0   0
2   12.625   17.091 0 0   0
2   12.262   17.113 0 0   0
2   12.250   17.114 0 0   0
2   12.060   17.125 0 0   0
2   11.875   17.135 0 0   0
2   11.865   17.135 0 0   0
2   11.500   17.151 0 0   0
2   11.474   17.151 0 0   0
2   11.125   17.167 0 0   0
2   11.083   17.167 0 0   0
2   10.750   17.181 0 0   0
2   10.694   17.181 0 0   0
2   10.375   17.193 0 0   0
2   10.307   17.193 0 0   0
6   10.118   17.184    0.000    0.150   1
2
3   10.307   17.193 0 0   0
2   10.000   17.205 0 0   0
2    9.920   17.205 0 0   0
2    9.625   17.215 0 0   0
2    9.535   17.215 0 0   0
2    9.250   17.225 0 0   0
2    9.150   17.225 0 0   0
2    8.875   17.235 0 0   0
2    8.765   17.235 0 0   0
2    8.500   17.243 0 0   0
2    8.382   17.243 0 0   0
2    8.125   17.251 0 0   0
2    7.999   17.251 0 0   0
2    7.750   17.258 0 0   0
2    7.617   17.258 0 0   0
2    7.375   17.266 0 0   0
2    7.234   17.266 0 0   0
2    7.000   17.272 0 0   0
2    6.853   17.272 0 0   0
2    6.625   17.278 0 0   0
2    6.472   17.278 0 0   0
2    6.250   17.283 0 0   0
2    6.092   17.283 0 0   0
2    5.875   17.289 0 0   0
2    5.711   17.289 0 0   0
2    5.500   17.293 0 0   0
2    5.332   17.293 0 0   0
2    5.125   17.297 0 0   0
2    4.953   17.297 0 0   0
2    4.750   17.300 0 0   0
2    4.575   17.300 0 0   0
2    4.375   17.304 0 0   0
2    4.196   17.304 0 0   0
2    4.000   17.306 0 0   0
2    3.819   17.306 0 0   0
2    3.625   17.308 0 0   0
2    3.442   17.308 0 0   0
2    3.250   17.309 0 0   0
2    3.066   17.309 0 0   0
2    2.875   17.310 0 0   0
2    2.690   17.310 0 0   0
2    2.500   17.310 0 0   0
3   17.500   11.219 0 0   0
2   17.500   11.219 0 0   0
2   17.192   11.500 0 0   0
2   17.125   11.558 0 0   0
2   17.005   11.875 0 0   0
2   16.937   12.063 0 0   0
2   16.865   12.250 0 0   0
2   16.750   12.544 0 0   0
2   16.729   12.625 0 0   0
2   16.722   12.653 0 0   0
2   16.628   13.000 0 0   0
2   16.575   13.175 0 0   0
2   16.515   13.375 0 0   0
2   16.396   13.729 0 0   0
2   16.389   13.750 0 0   0
2   16.375   13.786 0 0   0
2   16.263   14.125 0 0   0
2   16.184   14.316 0 0   0
2   16.114   14.500 0 0   0
2   16.000   14.733 0 0   0
2   15.931   14.875 0 0   0
2   15.810   15.065 0 0   0
2   15.698   15.250 0 0   0
2   15.625   15.343 0 0   0
2   15.377   15.625 0 0   0
2   15.250   15.738 0 0   0
2   14.890   16.000 0 0   0
2   14.875   16.009 0 0   0
2   14.859   16.016 0 0   0
2   14.500   16.194 0 0   0
2   14.189   16.311 0 0   0
2   14.125   16.338 0 0   0
2   14.010   16.375 0 0   0
2   13.750   16.445 0 0   0
2   13.665   16.460 0 0   0
2   13.375   16.529 0 0   0
2   13.193   16.557 0 0   0
2   13.000   16.597 0 0   0
2   12.741   16.634 0 0   0
2   12.625   16.655 0 0   0
2   12.304   16.696 0 0   0
2   12.250   16.705 0 0   0
2   11.876   16.749 0 0   0
2   11.875   16.749 0 0   0
2   11.869   16.750 0 0   0
2   11.500   16.784 0 0   0
2   11.464   16.786 0 0   0
6   11.262   16.786    0.000    0.150   1
3
3   11.464   16.786 0 0   0
2   11.125   16.816 0 0   0
2   11.056   16.819 0 0   0
2   10.750   16.844 0 0   0
2   10.652   16.848 0 0   0
2   10.375   16.870 0 0   0
2   10.250   16.875 0 0   0
2   10.000   16.893 0 0   0
2    9.851   16.899 0 0   0
2    9.625   16.916 0 0   0
2    9.453   16.922 0 0   0
2    9.250   16.936 0 0   0
2    9.057   16.943 0 0   0
2    8.875   16.956 0 0   0
2    8.662   16.963 0 0   0
2    8.500   16.973 0 0   0
2    8.268   16.982 0 0   0
2    8.125   16.991 0 0   0
2    7.876   16.999 0 0   0
2    7.750   17.006 0 0   0
2    7.485   17.015 0 0   0
2    7.375   17.022 0 0   0
2    7.094   17.031 0 0   0
2    7.000   17.035 0 0   0
2    6.705   17.045 0 0   0
2    6.625   17.049 0 0   0
2    6.318   17.057 0 0   0
2    6.250   17.060 0 0   0
2    5.931   17.069 0 0   0
2    5.875   17.072 0 0   0
2    5.545   17.080 0 0   0
2    5.500   17.081 0 0   0
2    5.161   17.089 0 0   0
2    5.125   17.091 0 0   0
2    4.778   17.097 0 0   0
2    4.750   17.098 0 0   0
2    4.396   17.104 0 0   0
2    4.375   17.105 0 0   0
2    4.016   17.109 0 0   0
2    4.000   17.110 0 0   0
2    3.636   17.114 0 0   0
2    3.625   17.115 0 0   0
2    3.258   17.117 0 0   0
2    3.250   17.117 0 0   0
2    2.881   17.119 0 0   0
2    2.875   17.119 0 0   0
2    2.505   17.120 0 0   0
2    2.500   17.120 0 0   0
3   17.500    4.737 0 0   0
2   17.500    4.737 0 0   0
2   17.154    4.750 0 0   0
2   17.125    4.752 0 0   0
2   17.123    4.752 0 0   0
2   16.750    4.788 0 0   0
2   16.700    4.800 0 0   0
2   16.375    4.877 0 0   0
2   16.193    4.932 0 0   0
2   16.000    4.984 0 0   0
2   15.656    5.125 0 0   0
2   15.625    5.163 0 0   0
2   15.403    5.500 0 0   0
2   15.426    5.699 0 0   0
2   15.413    5.875 0 0   0
2   15.471    6.029 0 0   0
2   15.511    6.250 0 0   0
2   15.546    6.329 0 0   0
2   15.614    6.625 0 0   0
2   15.617    6.633 0 0   0
2   15.625    6.666 0 0   0
2   15.701    6.924 0 0   0
2   15.710    7.000 0 0   0
2   15.771    7.229 0 0   0
2   15.786    7.375 0 0   0
2   15.827    7.548 0 0   0
2   15.846    7.750 0 0   0
2   15.872    7.878 0 0   0
2   15.891    8.125 0 0   0
2   15.908    8.217 0 0   0
2   15.925    8.500 0 0   0
2   15.935    8.565 0 0   0
2   15.950    8.875 0 0   0
2   15.955    8.920 0 0   0
2   15.966    9.250 0 0   0
2   15.969    9.281 0 0   0
2   15.975    9.625 0 0   0
2   15.977    9.648 0 0   0
2   15.977   10.000 0 0   0
2   15.978   10.022 0 0   0
2   15.973   10.375 0 0   0
2   15.974   10.401 0 0   0
2   15.962   10.750 0 0   0
2   15.962   10.788 0 0   0
2   15.945   11.125 0 0   0
2   15.943   11.182 0 0   0
2   15.920   11.500 0 0   0
2   15.914   11.586 0 0   0
2   15.886   11.875 0 0   0
2   15.874   12.001 0 0   0
2   15.844   12.250 0 0   0
2   15.819   12.431 0 0   0
2   15.790   12.625 0 0   0
2   15.745   12.880 0 0   0
2   15.722   13.000 0 0   0
2   15.641   13.359 0 0   0
2   15.637   13.375 0 0   0
2   15.625   13.418 0 0   0
2   15.530   13.750 0 0   0
2   15.475   13.900 0 0   0
2   15.394   14.125 0 0   0
2   15.250   14.435 0 0   0
2   15.217   14.500 0 0   0
2   15.152   14.598 0 0   0
2   14.975   14.875 0 0   0
2   14.875   14.996 0 0   0
6   14.760   15.090    0.000    0.150   1
4
3   14.875   14.996 0 0   0
2   14.633   15.250 0 0   0
2   14.500   15.360 0 0   0
2   14.137   15.613 0 0   0
2   14.125   15.622 0 0   0
2   14.119   15.625 0 0   0
2   13.750   15.803 0 0   0
2   13.456   15.919 0 0   0
2   13.375   15.953 0 0   0
2   13.239   16.000 0 0   0
2   13.000   16.068 0 0   0
2   12.913   16.087 0 0   0
2   12.625   16.161 0 0   0
2   12.424   16.201 0 0   0
2   12.250   16.240 0 0   0
2   11.954   16.296 0 0   0
2   11.875   16.312 0 0   0
2   11.507   16.375 0 0   0
2   11.500   16.376 0 0   0
2   11.499   16.376 0 0   0
2   11.125   16.426 0 0   0
2   11.069   16.431 0 0   0
2   10.750   16.470 0 0   0
2   10.645   16.480 0 0   0
2   10.375   16.512 0 0   0
2   10.225   16.525 0 0   0
2   10.000   16.550 0 0   0
2    9.808   16.567 0 0   0
2    9.625   16.587 0 0   0
2    9.395   16.605 0 0   0
2    9.250   16.620 0 0   0
2    8.983   16.642 0 0   0
2    8.875   16.653 0 0   0
2    8.574   16.676 0 0   0
2    8.500   16.683 0 0   0
2    8.166   16.709 0 0   0
2    8.125   16.713 0 0   0
2    7.761   16.739 0 0   0
2    7.750   16.740 0 0   0
2    7.612   16.750 0 0   0
2    7.375   16.764 0 0   0
2    7.360   16.765 0 0   0
2    7.000   16.784 0 0   0
2    6.965   16.785 0 0   0
2    6.625   16.804 0 0   0
2    6.570   16.805 0 0   0
2    6.250   16.820 0 0   0
2    6.178   16.822 0 0   0
2    5.875   16.837 0 0   0
2    5.786   16.839 0 0   0
2    5.500   16.850 0 0   0
2    5.398   16.852 0 0   0
2    5.125   16.864 0 0   0
2    5.009   16.866 0 0   0
2    4.750   16.874 0 0   0
2    4.624   16.876 0 0   0
2    4.375   16.884 0 0   0
2    4.239   16.886 0 0   0
2    4.000   16.891 0 0   0
2    3.857   16.893 0 0   0
2    3.625   16.898 0 0   0
2    3.476   16.899 0 0   0
2    3.250   16.901 0 0   0
2    3.098   16.902 0 0   0
2    2.875   16.905 0 0   0
2    2.720   16.905 0 0   0
2    2.500   16.905 0 0   0
3   17.500    3.975 0 0   0
2   17.500    3.975 0 0   0
2   17.148    3.977 0 0   0
2   17.125    3.977 0 0   0
2   16.765    3.985 0 0   0
2   16.750    3.985 0 0   0
2   16.377    3.998 0 0   0
2   16.375    3.998 0 0   0
2   16.329    4.000 0 0   0
2   16.000    4.025 0 0   0
2   15.972    4.028 0 0   0
2   15.625    4.060 0 0   0
2   15.558    4.067 0 0   0
2   15.250    4.102 0 0   0
2   15.132    4.118 0 0   0
2   14.875    4.150 0 0   0
2   14.700    4.175 0 0   0
2   14.500    4.204 0 0   0
2   14.259    4.241 0 0   0
2   14.125    4.262 0 0   0
2   13.813    4.312 0 0   0
2   13.750    4.323 0 0   0
2   13.448    4.375 0 0   0
2   13.375    4.398 0 0   0
2   13.343    4.407 0 0   0
2   13.000    4.513 0 0   0
2   12.802    4.573 0 0   0
2   12.625    4.629 0 0   0
2   12.266    4.734 0 0   0
2   12.250    4.739 0 0   0
2   12.213    4.750 0 0   0
2   11.875    4.945 0 0   0
2   11.519    5.125 0 0   0
2   11.500    5.153 0 0   0
2   11.235    5.500 0 0   0
2   11.278    5.722 0 0   0
2   11.346    5.875 0 0   0
2   11.427    5.948 0 0   0
2   11.500    5.995 0 0   0
2   11.640    6.110 0 0   0
2   11.862    6.250 0 0   0
2   11.870    6.255 0 0   0
2   11.875    6.257 0 0   0
2   12.109    6.391 0 0   0
2   12.250    6.462 0 0   0
2   12.352    6.523 0 0   0
2   12.525    6.625 0 0   0
2   12.590    6.660 0 0   0
2   12.625    6.679 0 0   0
2   12.821    6.804 0 0   0
2   13.000    6.922 0 0   0
2   13.045    6.955 0 0   0
2   13.101    7.000 0 0   0
2   13.256    7.119 0 0   0
2   13.375    7.216 0 0   0
2   13.458    7.292 0 0   0
2   13.538    7.375 0 0   0
2   13.645    7.480 0 0   0
2   13.750    7.594 0 0   0
2   13.822    7.678 0 0   0
2   13.874    7.750 0 0   0
2   13.983    7.892 0 0   0
2   14.125    8.102 0 0   0
2   14.134    8.116 0 0   0
2   14.138    8.125 0 0   0
2   14.269    8.356 0 0   0
2   14.338    8.500 0 0   0
2   14.393    8.607 0 0   0
2   14.500    8.856 0 0   0
2   14.506    8.869 0 0   0
2   14.507    8.875 0 0   0
2   14.605    9.145 0 0   0
2   14.635    9.250 0 0   0
2   14.693    9.432 0 0   0
2   14.741    9.625 0 0   0
2   14.769    9.731 0 0   0
2   14.828   10.000 0 0   0
2   14.836   10.039 0 0   0
2   14.875   10.257 0 0   0
2   14.892   10.358 0 0   0
2   14.893   10.375 0 0   0
2   14.934   10.691 0 0   0
2   14.938   10.750 0 0   0
6   14.854   10.824    0.000    0.150   1
5
3   14.938   10.750 0 0   0
2   14.963   11.037 0 0   0
2   14.967   11.125 0 0   0
2   14.980   11.395 0 0   0
2   14.981   11.500 0 0   0
2   14.981   11.769 0 0   0
2   14.978   11.875 0 0   0
2   14.964   12.161 0 0   0
2   14.958   12.250 0 0   0
2   14.924   12.576 0 0   0
2   14.918   12.625 0 0   0
2   14.875   12.888 0 0   0
2   14.854   13.000 0 0   0
2   14.847   13.028 0 0   0
2   14.755   13.375 0 0   0
2   14.691   13.559 0 0   0
2   14.623   13.750 0 0   0
2   14.500   14.015 0 0   0
2   14.442   14.125 0 0   0
2   14.317   14.308 0 0   0
2   14.186   14.500 0 0   0
2   14.125   14.570 0 0   0
2   13.816   14.875 0 0   0
2   13.750   14.926 0 0   0
2   13.589   15.036 0 0   0
2   13.375   15.183 0 0   0
2   13.264   15.250 0 0   0
2   13.000   15.374 0 0   0
2   12.786   15.464 0 0   0
2   12.625   15.533 0 0   0
2   12.381   15.625 0 0   0
2   12.250   15.664 0 0   0
2   12.197   15.678 0 0   0
2   11.875   15.766 0 0   0
2   11.688   15.812 0 0   0
2   11.500   15.859 0 0   0
2   11.195   15.930 0 0   0
2   11.125   15.947 0 0   0
2   10.882   16.000 0 0   0
2   10.750   16.022 0 0   0
2   10.724   16.026 0 0   0
2   10.375   16.083 0 0   0
2   10.278   16.097 0 0   0
2   10.000   16.140 0 0   0
2    9.837   16.163 0 0   0
2    9.625   16.195 0 0   0
2    9.400   16.225 0 0   0
2    9.250   16.247 0 0   0
2    8.965   16.285 0 0   0
2    8.875   16.298 0 0   0
2    8.534   16.341 0 0   0
2    8.500   16.346 0 0   0
2    8.272   16.375 0 0   0
2    8.125   16.389 0 0   0
2    8.110   16.390 0 0   0
2    7.750   16.423 0 0   0
2    7.698   16.427 0 0   0
2    7.375   16.456 0 0   0
2    7.289   16.461 0 0   0
2    7.000   16.486 0 0   0
2    6.881   16.494 0 0   0
2    6.625   16.515 0 0   0
2    6.477   16.523 0 0   0
2    6.250   16.541 0 0   0
2    6.073   16.552 0 0   0
2    5.875   16.566 0 0   0
2    5.674   16.576 0 0   0
2    5.500   16.587 0 0   0
2    5.276   16.599 0 0   0
2    5.125   16.608 0 0   0
2    4.882   16.618 0 0   0
2    4.750   16.625 0 0   0
2    4.489   16.636 0 0   0
2    4.375   16.641 0 0   0
2    4.102   16.648 0 0   0
2    4.000   16.652 0 0   0
2    3.714   16.661 0 0   0
2    3.625   16.663 0 0   0
2    3.333   16.667 0 0   0
2    3.250   16.669 0 0   0
2    2.951   16.674 0 0   0
2    2.875   16.675 0 0   0
2    2.576   16.674 0 0   0
2    2.500   16.674 0 0   0
3   17.500    3.597 0 0   0
2   17.500    3.597 0 0   0
2   17.152    3.598 0 0   0
2   17.125    3.598 0 0   0
2   16.772    3.603 0 0   0
2   16.750    3.603 0 0   0
2   16.389    3.611 0 0   0
2   16.375    3.611 0 0   0
2   16.002    3.623 0 0   0
2   16.000    3.623 0 0   0
2   15.943    3.625 0 0   0
2   15.625    3.642 0 0   0
2   15.606    3.644 0 0   0
2   15.250    3.668 0 0   0
2   15.204    3.671 0 0   0
2   14.875    3.696 0 0   0
2   14.797    3.703 0 0   0
2   14.500    3.729 0 0   0
2   14.385    3.740 0 0   0
2   14.125    3.764 0 0   0
2   13.969    3.781 0 0   0
2   13.750    3.804 0 0   0
2   13.549    3.826 0 0   0
2   13.375    3.844 0 0   0
2   13.126    3.874 0 0   0
2   13.000    3.889 0 0   0
2   12.700    3.925 0 0   0
2   12.625    3.934 0 0   0
2   12.270    3.980 0 0   0
2   12.250    3.982 0 0   0
2   12.115    4.000 0 0   0
2   11.875    4.046 0 0   0
2   11.819    4.056 0 0   0
2   11.500    4.119 0 0   0
2   11.352    4.148 0 0   0
2   11.125    4.192 0 0   0
2   10.887    4.238 0 0   0
2   10.750    4.266 0 0   0
2   10.418    4.332 0 0   0
2   10.375    4.340 0 0   0
2   10.204    4.375 0 0   0
2   10.000    4.436 0 0   0
2    9.916    4.459 0 0   0
2    9.625    4.546 0 0   0
2    9.386    4.614 0 0   0
2    9.250    4.655 0 0   0
2    8.926    4.750 0 0   0
2    8.875    4.772 0 0   0
2    8.838    4.787 0 0   0
2    8.500    4.934 0 0   0
2    8.183    5.067 0 0   0
2    8.125    5.093 0 0   0
2    8.053    5.125 0 0   0
2    7.750    5.314 0 0   0
2    7.453    5.500 0 0   0
2    7.375    5.567 0 0   0
2    7.042    5.875 0 0   0
2    7.000    5.927 0 0   0
2    6.762    6.250 0 0   0
2    6.625    6.503 0 0   0
2    6.568    6.625 0 0   0
2    6.538    6.712 0 0   0
2    6.452    7.000 0 0   0
2    6.408    7.217 0 0   0
2    6.385    7.375 0 0   0
2    6.365    7.635 0 0   0
2    6.363    7.750 0 0   0
2    6.374    8.001 0 0   0
2    6.385    8.125 0 0   0
2    6.417    8.333 0 0   0
2    6.449    8.500 0 0   0
2    6.484    8.641 0 0   0
2    6.549    8.875 0 0   0
2    6.568    8.932 0 0   0
2    6.625    9.091 0 0   0
2    6.678    9.197 0 0   0
2    6.706    9.250 0 0   0
2    6.816    9.434 0 0   0
2    6.930    9.625 0 0   0
2    6.958    9.667 0 0   0
2    7.000    9.728 0 0   0
2    7.137    9.863 0 0   0
2    7.269   10.000 0 0   0
2    7.325   10.050 0 0   0
2    7.375   10.099 0 0   0
2    7.551   10.199 0 0   0
2    7.750   10.329 0 0   0
2    7.786   10.339 0 0   0
2    7.887   10.375 0 0   0
2    8.070   10.430 0 0   0
2    8.125   10.451 0 0   0
2    8.400   10.475 0 0   0
2    8.500   10.491 0 0   0
2    8.789   10.461 0 0   0
2    8.875   10.457 0 0   0
2    9.192   10.375 0 0   0
2    9.250   10.358 0 0   0
2    9.282   10.343 0 0   0
2    9.625   10.195 0 0   0
2   10.000   10.000 0 0   0
6    9.990    9.978    0.000    0.150   1
6
3   10.000   10.000 0 0   0
2   10.000   10.000 0 0   0
2   10.000   10.000 0 0   0
2   10.375    9.805 0 0   0
2   10.718    9.657 0 0   0
2   10.750    9.642 0 0   0
2   10.808    9.625 0 0   0
2   11.125    9.543 0 0   0
2   11.211    9.539 0 0   0
2   11.500    9.509 0 0   0
2   11.600    9.525 0 0   0
2   11.875    9.549 0 0   0
2   11.930    9.570 0 0   0
2   12.113    9.625 0 0   0
2   12.214    9.661 0 0   0
2   12.250    9.671 0 0   0
2   12.449    9.801 0 0   0
2   12.625    9.901 0 0   0
2   12.675    9.950 0 0   0
2   12.731   10.000 0 0   0
2   12.863   10.137 0 0   0
2   13.000   10.272 0 0   0
2   13.042   10.333 0 0   0
2   13.070   10.375 0 0   0
2   13.184   10.566 0 0   0
2   13.294   10.750 0 0   0
2   13.322   10.803 0 0   0
2   13.375   10.909 0 0   0
2   13.432   11.068 0 0   0
2   13.451   11.125 0 0   0
2   13.516   11.359 0 0   0
2   13.551   11.500 0 0   0
2   13.583   11.667 0 0   0
2   13.615   11.875 0 0   0
2   13.626   11.999 0 0   0
2   13.637   12.250 0 0   0
2   13.635   12.365 0 0   0
2   13.615   12.625 0 0   0
2   13.592   12.783 0 0   0
2   13.548   13.000 0 0   0
2   13.462   13.288 0 0   0
2   13.432   13.375 0 0   0
2   13.375   13.497 0 0   0
2   13.238   13.750 0 0   0
2   13.000   14.073 0 0   0
2   12.958   14.125 0 0   0
2   12.625   14.433 0 0   0
2   12.547   14.500 0 0   0
2   12.250   14.686 0 0   0
2   11.947   14.875 0 0   0
2   11.875   14.907 0 0   0
2   11.817   14.933 0 0   0
2   11.500   15.066 0 0   0
2   11.162   15.213 0 0   0
2   11.125   15.228 0 0   0
2   11.074   15.250 0 0   0
2   10.750   15.345 0 0   0
2   10.614   15.386 0 0   0
2   10.375   15.454 0 0   0
2   10.084   15.541 0 0   0
2   10.000   15.564 0 0   0
2    9.796   15.625 0 0   0
2    9.625   15.660 0 0   0
2    9.582   15.668 0 0   0
2    9.250   15.734 0 0   0
2    9.113   15.762 0 0   0
2    8.875   15.808 0 0   0
2    8.648   15.852 0 0   0
2    8.500   15.881 0 0   0
2    8.181   15.944 0 0   0
2    8.125   15.954 0 0   0
2    7.885   16.000 0 0   0
2    7.750   16.018 0 0   0
2    7.730   16.020 0 0   0
2    7.375   16.066 0 0   0
2    7.300   16.075 0 0   0
2    7.000   16.111 0 0   0
2    6.874   16.126 0 0   0
2    6.625   16.156 0 0   0
2    6.451   16.174 0 0   0
2    6.250   16.196 0 0   0
2    6.031   16.219 0 0   0
2    5.875   16.236 0 0   0
2    5.615   16.260 0 0   0
2    5.500   16.271 0 0   0
2    5.203   16.297 0 0   0
2    5.125   16.304 0 0   0
2    4.796   16.329 0 0   0
2    4.750   16.332 0 0   0
2    4.394   16.356 0 0   0
2    4.375   16.358 0 0   0
2    4.057   16.375 0 0   0
2    4.000   16.377 0 0   0
2    3.998   16.377 0 0   0
2    3.625   16.389 0 0   0
2    3.611   16.389 0 0   0
2    3.250   16.397 0 0   0
2    3.228   16.397 0 0   0
2    2.875   16.402 0 0   0
2    2.848   16.402 0 0   0
2    2.500   16.403 0 0   0
3   17.500    3.326 0 0   0
2   17.500    3.326 0 0   0
2   17.424    3.326 0 0   0
2   17.125    3.325 0 0   0
2   17.049    3.326 0 0   0
2   16.750    3.331 0 0   0
2   16.667    3.333 0 0   0
2   16.375    3.337 0 0   0
2   16.286    3.339 0 0   0
2   16.000    3.348 0 0   0
2   15.898    3.352 0 0   0
2   15.625    3.359 0 0   0
2   15.511    3.364 0 0   0
2   15.250    3.375 0 0   0
2   15.118    3.382 0 0   0
2   14.875    3.392 0 0   0
2   14.724    3.401 0 0   0
2   14.500    3.413 0 0   0
2   14.326    3.424 0 0   0
2   14.125    3.434 0 0   0
2   13.927    3.448 0 0   0
2   13.750    3.459 0 0   0
2   13.523    3.477 0 0   0
2   13.375    3.485 0 0   0
2   13.119    3.506 0 0   0
2   13.000    3.514 0 0   0
2   12.711    3.539 0 0   0
2   12.625    3.544 0 0   0
2   12.302    3.573 0 0   0
2   12.250    3.577 0 0   0
2   11.890    3.610 0 0   0
2   11.875    3.611 0 0   0
2   11.728    3.625 0 0   0
2   11.500    3.654 0 0   0
2   11.466    3.659 0 0   0
2   11.125    3.702 0 0   0
2   11.035    3.715 0 0   0
2   10.750    3.753 0 0   0
2   10.600    3.775 0 0   0
2   10.375    3.805 0 0   0
2   10.163    3.837 0 0   0
2   10.000    3.860 0 0   0
2    9.722    3.903 0 0   0
2    9.625    3.917 0 0   0
2    9.276    3.974 0 0   0
2    9.250    3.978 0 0   0
2    9.118    4.000 0 0   0
2    8.875    4.053 0 0   0
2    8.805    4.070 0 0   0
2    8.500    4.141 0 0   0
2    8.312    4.188 0 0   0
2    8.125    4.234 0 0   0
2    7.803    4.322 0 0   0
2    7.750    4.336 0 0   0
2    7.619    4.375 0 0   0
2    7.375    4.467 0 0   0
2    7.214    4.536 0 0   0
2    7.000    4.626 0 0   0
2    6.736    4.750 0 0   0
2    6.625    4.817 0 0   0
2    6.411    4.964 0 0   0
2    6.250    5.074 0 0   0
2    6.184    5.125 0 0   0
2    5.875    5.430 0 0   0
2    5.814    5.500 0 0   0
2    5.683    5.692 0 0   0
2    5.558    5.875 0 0   0
2    5.500    5.985 0 0   0
2    5.377    6.250 0 0   0
2    5.309    6.441 0 0   0
2    5.245    6.625 0 0   0
2    5.153    6.972 0 0   0
2    5.146    7.000 0 0   0
2    5.125    7.112 0 0   0
2    5.082    7.375 0 0   0
2    5.076    7.424 0 0   0
2    5.042    7.750 0 0   0
2    5.036    7.839 0 0   0
2    5.022    8.125 0 0   0
2    5.019    8.231 0 0   0
2    5.019    8.500 0 0   0
2    5.020    8.605 0 0   0
2    5.033    8.875 0 0   0
6    4.937    8.847    0.000    0.150   1
7
3    5.033    8.875 0 0   0
2    5.037    8.963 0 0   0
2    5.062    9.250 0 0   0
2    5.066    9.309 0 0   0
2    5.107    9.625 0 0   0
2    5.108    9.642 0 0   0
2    5.125    9.743 0 0   0
2    5.164    9.961 0 0   0
2    5.172   10.000 0 0   0
2    5.231   10.269 0 0   0
2    5.259   10.375 0 0   0
2    5.307   10.568 0 0   0
2    5.365   10.750 0 0   0
2    5.395   10.855 0 0   0
2    5.493   11.125 0 0   0
2    5.494   11.131 0 0   0
2    5.500   11.144 0 0   0
2    5.607   11.393 0 0   0
2    5.662   11.500 0 0   0
2    5.731   11.644 0 0   0
2    5.862   11.875 0 0   0
2    5.866   11.884 0 0   0
2    5.875   11.898 0 0   0
2    6.017   12.108 0 0   0
2    6.126   12.250 0 0   0
2    6.178   12.322 0 0   0
2    6.250   12.406 0 0   0
2    6.355   12.520 0 0   0
2    6.462   12.625 0 0   0
2    6.542   12.708 0 0   0
2    6.625   12.784 0 0   0
2    6.744   12.881 0 0   0
2    6.899   13.000 0 0   0
2    6.955   13.045 0 0   0
2    7.000   13.078 0 0   0
2    7.179   13.196 0 0   0
2    7.375   13.321 0 0   0
2    7.410   13.340 0 0   0
2    7.475   13.375 0 0   0
2    7.648   13.477 0 0   0
2    7.750   13.538 0 0   0
2    7.891   13.609 0 0   0
2    8.125   13.743 0 0   0
2    8.130   13.745 0 0   0
2    8.138   13.750 0 0   0
2    8.360   13.890 0 0   0
2    8.500   14.005 0 0   0
2    8.573   14.052 0 0   0
2    8.654   14.125 0 0   0
2    8.722   14.278 0 0   0
2    8.765   14.500 0 0   0
2    8.500   14.847 0 0   0
2    8.481   14.875 0 0   0
2    8.125   15.055 0 0   0
2    7.787   15.250 0 0   0
2    7.750   15.261 0 0   0
2    7.734   15.266 0 0   0
2    7.375   15.371 0 0   0
2    7.198   15.427 0 0   0
2    7.000   15.487 0 0   0
2    6.657   15.593 0 0   0
2    6.625   15.602 0 0   0
2    6.552   15.625 0 0   0
2    6.250   15.677 0 0   0
2    6.187   15.688 0 0   0
2    5.875   15.738 0 0   0
2    5.741   15.759 0 0   0
2    5.500   15.796 0 0   0
2    5.300   15.825 0 0   0
2    5.125   15.850 0 0   0
2    4.868   15.882 0 0   0
2    4.750   15.898 0 0   0
2    4.442   15.933 0 0   0
2    4.375   15.940 0 0   0
2    4.028   15.972 0 0   0
2    4.000   15.975 0 0   0
2    3.671   16.000 0 0   0
2    3.625   16.002 0 0   0
2    3.623   16.002 0 0   0
2    3.250   16.015 0 0   0
2    3.235   16.015 0 0   0
2    2.875   16.023 0 0   0
2    2.852   16.023 0 0   0
2    2.500   16.025 0 0   0
3   17.500    3.095 0 0   0
2   17.500    3.095 0 0   0
2   17.280    3.095 0 0   0
2   17.125    3.095 0 0   0
2   16.902    3.098 0 0   0
2   16.750    3.099 0 0   0
2   16.524    3.101 0 0   0
2   16.375    3.102 0 0   0
2   16.143    3.107 0 0   0
2   16.000    3.109 0 0   0
2   15.761    3.114 0 0   0
2   15.625    3.116 0 0   0
2   15.376    3.124 0 0   0
2   15.250    3.126 0 0   0
2   14.991    3.134 0 0   0
2   14.875    3.136 0 0   0
2   14.602    3.148 0 0   0
2   14.500    3.150 0 0   0
2   14.214    3.161 0 0   0
2   14.125    3.163 0 0   0
2   13.822    3.178 0 0   0
2   13.750    3.180 0 0   0
2   13.430    3.195 0 0   0
2   13.375    3.196 0 0   0
2   13.035    3.215 0 0   0
2   13.000    3.216 0 0   0
2   12.640    3.235 0 0   0
2   12.625    3.236 0 0   0
2   12.388    3.250 0 0   0
2   12.250    3.260 0 0   0
2   12.239    3.261 0 0   0
2   11.875    3.287 0 0   0
2   11.834    3.291 0 0   0
2   11.500    3.317 0 0   0
2   11.426    3.324 0 0   0
2   11.125    3.347 0 0   0
2   11.017    3.358 0 0   0
2   10.750    3.380 0 0   0
2   10.605    3.395 0 0   0
2   10.375    3.413 0 0   0
2   10.192    3.433 0 0   0
2   10.000    3.450 0 0   0
2    9.775    3.475 0 0   0
2    9.625    3.488 0 0   0
2    9.355    3.520 0 0   0
2    9.250    3.530 0 0   0
2    8.931    3.569 0 0   0
2    8.875    3.574 0 0   0
2    8.501    3.624 0 0   0
2    8.500    3.624 0 0   0
2    8.493    3.625 0 0   0
2    8.125    3.688 0 0   0
2    8.046    3.704 0 0   0
2    7.750    3.760 0 0   0
2    7.576    3.799 0 0   0
2    7.375    3.839 0 0   0
2    7.087    3.913 0 0   0
2    7.000    3.932 0 0   0
2    6.761    4.000 0 0   0
2    6.625    4.047 0 0   0
2    6.544    4.081 0 0   0
2    6.250    4.197 0 0   0
2    5.881    4.375 0 0   0
2    5.875    4.378 0 0   0
2    5.863    4.387 0 0   0
2    5.500    4.640 0 0   0
6    5.434    4.666    0.000    0.150   1
8
3    5.500    4.640 0 0   0
2    5.367    4.750 0 0   0
2    5.125    5.004 0 0   0
2    5.025    5.125 0 0   0
2    4.848    5.402 0 0   0
2    4.783    5.500 0 0   0
2    4.750    5.565 0 0   0
2    4.606    5.875 0 0   0
2    4.525    6.100 0 0   0
2    4.470    6.250 0 0   0
2    4.375    6.582 0 0   0
2    4.363    6.625 0 0   0
2    4.359    6.641 0 0   0
2    4.278    7.000 0 0   0
2    4.255    7.120 0 0   0
2    4.210    7.375 0 0   0
2    4.181    7.569 0 0   0
2    4.156    7.750 0 0   0
2    4.126    7.999 0 0   0
2    4.114    8.125 0 0   0
2    4.086    8.414 0 0   0
2    4.080    8.500 0 0   0
2    4.057    8.818 0 0   0
2    4.055    8.875 0 0   0
2    4.038    9.212 0 0   0
2    4.038    9.250 0 0   0
2    4.026    9.599 0 0   0
2    4.027    9.625 0 0   0
2    4.022    9.978 0 0   0
2    4.023   10.000 0 0   0
2    4.023   10.352 0 0   0
2    4.025   10.375 0 0   0
2    4.031   10.719 0 0   0
2    4.034   10.750 0 0   0
2    4.045   11.080 0 0   0
2    4.050   11.125 0 0   0
2    4.065   11.435 0 0   0
2    4.075   11.500 0 0   0
2    4.092   11.783 0 0   0
2    4.109   11.875 0 0   0
2    4.128   12.122 0 0   0
2    4.154   12.250 0 0   0
2    4.173   12.452 0 0   0
2    4.214   12.625 0 0   0
2    4.229   12.771 0 0   0
2    4.290   13.000 0 0   0
2    4.299   13.076 0 0   0
2    4.375   13.334 0 0   0
2    4.383   13.367 0 0   0
2    4.386   13.375 0 0   0
2    4.454   13.671 0 0   0
2    4.489   13.750 0 0   0
2    4.529   13.971 0 0   0
2    4.587   14.125 0 0   0
2    4.574   14.301 0 0   0
2    4.597   14.500 0 0   0
2    4.375   14.837 0 0   0
2    4.344   14.875 0 0   0
2    4.000   15.016 0 0   0
2    3.807   15.068 0 0   0
2    3.625   15.123 0 0   0
2    3.300   15.200 0 0   0
2    3.250   15.212 0 0   0
2    2.877   15.248 0 0   0
2    2.875   15.248 0 0   0
2    2.846   15.250 0 0   0
2    2.500   15.263 0 0   0
3   17.500    2.880 0 0   0
2   17.500    2.880 0 0   0
2   17.495    2.880 0 0   0
2   17.125    2.881 0 0   0
2   17.119    2.881 0 0   0
2   16.750    2.883 0 0   0
2   16.742    2.883 0 0   0
2   16.375    2.885 0 0   0
2   16.364    2.886 0 0   0
2   16.000    2.890 0 0   0
2   15.984    2.891 0 0   0
2   15.625    2.895 0 0   0
2   15.604    2.896 0 0   0
2   15.250    2.902 0 0   0
2   15.222    2.903 0 0   0
2   14.875    2.909 0 0   0
2   14.839    2.911 0 0   0
2   14.500    2.919 0 0   0
2   14.455    2.920 0 0   0
2   14.125    2.928 0 0   0
2   14.069    2.931 0 0   0
2   13.750    2.940 0 0   0
2   13.682    2.943 0 0   0
2   13.375    2.951 0 0   0
2   13.295    2.955 0 0   0
2   13.000    2.965 0 0   0
2   12.906    2.969 0 0   0
2   12.625    2.978 0 0   0
2   12.515    2.985 0 0   0
2   12.250    2.994 0 0   0
2   12.124    3.001 0 0   0
2   11.875    3.009 0 0   0
2   11.732    3.018 0 0   0
2   11.500    3.027 0 0   0
2   11.338    3.037 0 0   0
2   11.125    3.044 0 0   0
2   10.943    3.057 0 0   0
2   10.750    3.064 0 0   0
2   10.547    3.078 0 0   0
2   10.375    3.084 0 0   0
2   10.149    3.101 0 0   0
2   10.000    3.107 0 0   0
2    9.750    3.125 0 0   0
2    9.625    3.130 0 0   0
2    9.348    3.152 0 0   0
2    9.250    3.156 0 0   0
2    8.944    3.181 0 0   0
6    8.875    3.168    0.000    0.150   1
9
3    8.944    3.181 0 0   0
2    8.875    3.184 0 0   0
2    8.536    3.214 0 0   0
2    8.500    3.216 0 0   0
2    8.131    3.250 0 0   0
2    8.125    3.251 0 0   0
2    8.124    3.251 0 0   0
2    7.750    3.295 0 0   0
2    7.696    3.304 0 0   0
2    7.375    3.345 0 0   0
2    7.259    3.366 0 0   0
2    7.000    3.403 0 0   0
2    6.807    3.443 0 0   0
2    6.625    3.471 0 0   0
2    6.335    3.540 0 0   0
2    6.250    3.555 0 0   0
2    5.990    3.625 0 0   0
2    5.875    3.662 0 0   0
2    5.811    3.689 0 0   0
2    5.500    3.806 0 0   0
2    5.141    3.984 0 0   0
2    5.125    3.991 0 0   0
2    5.110    4.000 0 0   0
2    4.750    4.262 0 0   0
2    4.623    4.375 0 0   0
2    4.375    4.657 0 0   0
2    4.302    4.750 0 0   0
2    4.190    4.935 0 0   0
2    4.069    5.125 0 0   0
2    4.000    5.267 0 0   0
2    3.886    5.500 0 0   0
2    3.816    5.684 0 0   0
2    3.737    5.875 0 0   0
2    3.625    6.214 0 0   0
2    3.611    6.250 0 0   0
2    3.604    6.271 0 0   0
2    3.485    6.625 0 0   0
2    3.425    6.825 0 0   0
2    3.372    7.000 0 0   0
2    3.278    7.347 0 0   0
2    3.271    7.375 0 0   0
2    3.250    7.456 0 0   0
2    3.135    7.750 0 0   0
2    3.063    7.937 0 0   0
2    2.995    8.125 0 0   0
2    2.875    8.442 0 0   0
2    2.808    8.500 0 0   0
2    2.500    8.781 0 0   0
3   17.500    2.690 0 0   0
2   17.500    2.690 0 0   0
2   17.310    2.690 0 0   0
2   17.125    2.690 0 0   0
2   16.934    2.691 0 0   0
2   16.750    2.691 0 0   0
2   16.558    2.692 0 0   0
2   16.375    2.692 0 0   0
2   16.181    2.694 0 0   0
2   16.000    2.694 0 0   0
2   15.804    2.696 0 0   0
2   15.625    2.696 0 0   0
2   15.425    2.700 0 0   0
2   15.250    2.700 0 0   0
2   15.047    2.703 0 0   0
2   14.875    2.703 0 0   0
2   14.668    2.707 0 0   0
2   14.500    2.707 0 0   0
2   14.289    2.711 0 0   0
2   14.125    2.711 0 0   0
2   13.908    2.717 0 0   0
2   13.750    2.717 0 0   0
2   13.528    2.722 0 0   0
2   13.375    2.722 0 0   0
2   13.147    2.728 0 0   0
2   13.000    2.728 0 0   0
2   12.766    2.734 0 0   0
2   12.625    2.734 0 0   0
2   12.383    2.742 0 0   0
2   12.250    2.742 0 0   0
2   12.001    2.749 0 0   0
2   11.875    2.749 0 0   0
2   11.618    2.757 0 0   0
2   11.500    2.757 0 0   0
2   11.235    2.765 0 0   0
2   11.125    2.765 0 0   0
2   10.850    2.775 0 0   0
2   10.750    2.775 0 0   0
2   10.465    2.785 0 0   0
2   10.375    2.785 0 0   0
2   10.080    2.795 0 0   0
6    9.927    2.780    0.000    0.150   2
10
3   10.080    2.795 0 0   0
2   10.000    2.795 0 0   0
2    9.693    2.807 0 0   0
2    9.625    2.807 0 0   0
2    9.306    2.819 0 0   0
2    9.250    2.819 0 0   0
2    8.917    2.833 0 0   0
2    8.875    2.833 0 0   0
2    8.526    2.849 0 0   0
2    8.500    2.849 0 0   0
2    8.135    2.865 0 0   0
2    8.125    2.865 0 0   0
2    7.940    2.875 0 0   0
2    7.750    2.886 0 0   0
2    7.738    2.887 0 0   0
2    7.375    2.909 0 0   0
2    7.336    2.914 0 0   0
2    7.000    2.937 0 0   0
2    6.928    2.947 0 0   0
2    6.625    2.970 0 0   0
2    6.513    2.987 0 0   0
2    6.250    3.011 0 0   0
2    6.085    3.040 0 0   0
2    5.875    3.060 0 0   0
2    5.642    3.108 0 0   0
2    5.500    3.125 0 0   0
2    5.173    3.202 0 0   0
2    5.125    3.209 0 0   0
2    4.977    3.250 0 0   0
2    4.750    3.326 0 0   0
2    4.599    3.401 0 0   0
2    4.375    3.492 0 0   0
2    4.140    3.625 0 0   0
2    4.000    3.728 0 0   0
2    3.688    4.000 0 0   0
2    3.625    4.072 0 0   0
2    3.353    4.375 0 0   0
2    3.250    4.522 0 0   0
2    3.042    4.750 0 0   0
2    2.875    4.972 0 0   0
2    2.572    5.125 0 0   0
2    2.500    5.164 0 0   0
3    2.500    2.500 0 0   0
2    2.500    2.500 0 0   0
2    2.875    2.500 0 0   0
2    2.875    2.500 0 0   0
2    3.250    2.500 0 0   0
2    3.250    2.500 0 0   0
2    3.625    2.500 0 0   0
2    3.625    2.500 0 0   0
2    4.000    2.500 0 0   0
2    4.000    2.500 0 0   0
2    4.375    2.500 0 0   0
2    4.375    2.500 0 0   0
2    4.750    2.500 0 0   0
2    4.750    2.500 0 0   0
2    5.125    2.500 0 0   0
2    5.125    2.500 0 0   0
2    5.500    2.500 0 0   0
2    5.500    2.500 0 0   0
2    5.875    2.500 0 0   0
2    5.875    2.500 0 0   0
2    6.250    2.500 0 0   0
2    6.250    2.500 0 0   0
2    6.625    2.500 0 0   0
2    6.625    2.500 0 0   0
2    7.000    2.500 0 0   0
2    7.000    2.500 0 0   0
2    7.375    2.500 0 0   0
2    7.375    2.500 0 0   0
2    7.750    2.500 0 0   0
2    7.750    2.500 0 0   0
2    8.125    2.500 0 0   0
2    8.125    2.500 0 0   0
2    8.500    2.500 0 0   0
2    8.500    2.500 0 0   0
2    8.875    2.500 0 0   0
2    8.875    2.500 0 0   0
2    9.250    2.500 0 0   0
2    9.250    2.500 0 0   0
2    9.625    2.500 0 0   0
2    9.625    2.500 0 0   0
2   10.000    2.500 0 0   0
6    9.890    2.485    0.000    0.150   2
11
3   10.000    2.500 0 0   0
2   10.000    2.500 0 0   0
2   10.375    2.500 0 0   0
2   10.375    2.500 0 0   0
2   10.750    2.500 0 0   0
2   10.750    2.500 0 0   0
2   11.125    2.500 0 0   0
2   11.125    2.500 0 0   0
2   11.500    2.500 0 0   0
2   11.500    2.500 0 0   0
2   11.875    2.500 0 0   0
2   11.875    2.500 0 0   0
2   12.250    2.500 0 0   0
2   12.250    2.500 0 0   0
2   12.625    2.500 0 0   0
2   12.625    2.500 0 0   0
2   13.000    2.500 0 0   0
2   13.000    2.500 0 0   0
2   13.375    2.500 0 0   0
2   13.375    2.500 0 0   0
2   13.750    2.500 0 0   0
2   13.750    2.500 0 0   0
2   14.125    2.500 0 0   0
2   14.125    2.500 0 0   0
2   14.500    2.500 0 0   0
2   14.500    2.500 0 0   0
2   14.875    2.500 0 0   0
2   14.875    2.500 0 0   0
2   15.250    2.500 0 0   0
2   15.250    2.500 0 0   0
2   15.625    2.500 0 0   0
2   15.625    2.500 0 0   0
2   16.000    2.500 0 0   0
2   16.000    2.500 0 0   0
2   16.375    2.500 0 0   0
2   16.375    2.500 0 0   0
2   16.750    2.500 0 0   0
2   16.750    2.500 0 0   0
2   17.125    2.500 0 0   0
2   17.125    2.500 0 0   0
2   17.500    2.500 0 0   0
2   17.500    2.500 0 0   0
3    2.500    2.500 0 0   0
2    2.875    2.500 0 0   0
2    3.250    2.500 0 0   0
2    3.625    2.500 0 0   0
2    4.000    2.500 0 0   0
2    4.375    2.500 0 0   0
2    4.750    2.500 0 0   0
2    5.125    2.500 0 0   0
2    5.500    2.500 0 0   0
2    5.875    2.500 0 0   0
2    6.250    2.500 0 0   0
2    6.625    2.500 0 0   0
2    7.000    2.500 0 0   0
2    7.375    2.500 0 0   0
2    7.750    2.500 0 0   0
2    8.125    2.500 0 0   0
2    8.500    2.500 0 0   0
2    8.875    2.500 0 0   0
2    9.250    2.500 0 0   0
2    9.625    2.500 0 0   0
2   10.000    2.500 0 0   0
2   10.375    2.500 0 0   0
2   10.750    2.500 0 0   0
2   11.125    2.500 0 0   0
2   11.500    2.500 0 0   0
2   11.875    2.500 0 0   0
2   12.250    2.500 0 0   0
2   12.625    2.500 0 0   0
2   13.000    2.500 0 0   0
2   13.375    2.500 0 0   0
2   13.750    2.500 0 0   0
2   14.125    2.500 0 0   0
2   14.500    2.500 0 0   0
2   14.875    2.500 0 0   0
2   15.250    2.500 0 0   0
2   15.625    2.500 0 0   0
2   16.000    2.500 0 0   0
2   16.375    2.500 0 0   0
2   16.750    2.500 0 0   0
2   17.125    2.500 0 0   0
2   17.500    2.500 0 0   0
3   17.500    2.500 0 0   0
2   17.500    2.875 0 0   0
2   17.500    3.250 0 0   0
2   17.500    3.625 0 0   0
2   17.500    4.000 0 0   0
2   17.500    4.375 0 0   0
2   17.500    4.750 0 0   0
2   17.500    5.125 0 0   0
2   17.500    5.500 0 0   0
2   17.500    5.875 0 0   0
2   17.500    6.250 0 0   0
2   17.500    6.625 0 0   0
2   17.500    7.000 0 0   0
2   17.500    7.375 0 0   0
2   17.500    7.750 0 0   0
2   17.500    8.125 0 0   0
2   17.500    8.500 0 0   0
2   17.500    8.875 0 0   0
2   17.500    9.250 0 0   0
2   17.500    9.625 0 0   0
2   17.500   10.000 0 0   0
2   17.500   10.375 0 0   0
2   17.500   10.750 0 0   0
2   17.500   11.125 0 0   0
2   17.500   11.500 0 0   0
2   17.500   11.875 0 0   0
2   17.500   12.250 0 0   0
2   17.500   12.625 0 0   0
2   17.500   13.000 0 0   0
2   17.500   13.375 0 0   0
2   17.500   13.750 0 0   0
2   17.500   14.125 0 0   0
2   17.500   14.500 0 0   0
2   17.500   14.875 0 0   0
2   17.500   15.250 0 0   0
2   17.500   15.625 0 0   0
2   17.500   16.000 0 0   0
2   17.500   16.375 0 0   0
2   17.500   16.750 0 0   0
2   17.500   17.125 0 0   0
2   17.500   17.500 0 0   0
3   17.500   17.500 0 0   0
2   17.125   17.500 0 0   0
2   16.750   17.500 0 0   0
2   16.375   17.500 0 0   0
2   16.000   17.500 0 0   0
2   15.625   17.500 0 0   0
2   15.250   17.500 0 0   0
2   14.875   17.500 0 0   0
2   14.500   17.500 0 0   0
2   14.125   17.500 0 0   0
2   13.750   17.500 0 0   0
2   13.375   17.500 0 0   0
2   13.000   17.500 0 0   0
2   12.625   17.500 0 0   0
2   12.250   17.500 0 0   0
2   11.875   17.500 0 0   0
2   11.500   17.500 0 0   0
2   11.125   17.500 0 0   0
2   10.750   17.500 0 0   0
2   10.375   17.500 0 0   0
2   10.000   17.500 0 0   0
2    9.625   17.500 0 0   0
2    9.250   17.500 0 0   0
2    8.875   17.500 0 0   0
2    8.500   17.500 0 0   0
2    8.125   17.500 0 0   0
2    7.750   17.500 0 0   0
2    7.375   17.500 0 0   0
2    7.000   17.500 0 0   0
2    6.625   17.500 0 0   0
2    6.250   17.500 0 0   0
2    5.875   17.500 0 0   0
2    5.500   17.500 0 0   0
2    5.125   17.500 0 0   0
2    4.750   17.500 0 0   0
2    4.375   17.500 0 0   0
2    4.000   17.500 0 0   0
2    3.625   17.500 0 0   0
2    3.250   17.500 0 0   0
2    2.875   17.500 0 0   0
2    2.500   17.500 0 0   0
3    2.500   17.500 0 0   0
2    2.500   17.125 0 0   0
2    2.500   16.750 0 0   0
2    2.500   16.375 0 0   0
2    2.500   16.000 0 0   0
2    2.500   15.625 0 0   0
2    2.500   15.250 0 0   0
2    2.500   14.875 0 0   0
2    2.500   14.500 0 0   0
2    2.500   14.125 0 0   0
2    2.500   13.750 0 0   0
2    2.500   13.375 0 0   0
2    2.500   13.000 0 0   0
2    2.500   12.625 0 0   0
2    2.500   12.250 0 0   0
2    2.500   11.875 0 0   0
2    2.500   11.500 0 0   0
2    2.500   11.125 0 0   0
2    2.500   10.750 0 0   0
2    2.500   10.375 0 0   0
2    2.500   10.000 0 0   0
2    2.500    9.625 0 0   0
2    2.500    9.250 0 0   0
2    2.500    8.875 0 0   0
2    2.500    8.500 0 0   0
2    2.500    8.125 0 0   0
2    2.500    7.750 0 0   0
2    2.500    7.375 0 0   0
2    2.500    7.000 0 0   0
2    2.500    6.625 0 0   0
2    2.500    6.250 0 0   0
2    2.500    5.875 0 0   0
2    2.500    5.500 0 0   0
2    2.500    5.125 0 0   0
2    2.500    4.750 0 0   0
2    2.500    4.375 0 0   0
2    2.500    4.000 0 0   0
2    2.500    3.625 0 0   0
2    2.500    3.250 0 0   0
2    2.500    2.875 0 0   0
2    2.500    2.500 0 0   0
6   20.000    1.000    0.000    0.250  18
scalex:     15.000
6   20.000    1.500    0.000    0.250  18
scaley:     15.000
6   18.300    8.800    0.000    0.150   6
LEVELS
6   18.000    2.700    0.000    0.250  14
 1       0.000
6   18.000    3.200    0.000    0.250  14
 2       0.100
6   18.000    3.700    0.000    0.250  14
 3       0.200
6   18.000    4.200    0.000    0.250  14
 4       0.300
6   18.000    4.700    0.000    0.250  14
 5       0.400
6   18.000    5.200    0.000    0.250  14
 6       0.500
6   18.000    5.700    0.000    0.250  14
 7       0.600
6   18.000    6.200    0.000    0.250  14
 8       0.700
6   18.000    6.700    0.000    0.250  14
 9       0.800
6   18.000    7.200    0.000    0.250  14
10       0.900
6   18.000    7.700    0.000    0.250  14
11       1.000
6    1.000    0.250    0.000    0.300   4
inew
5    0.000    0.000 0 0   0
