1    1.000   20.000 0 0   0
6    3.500    0.750    0.000    0.250  80
x                                                                               
3   23.750    0.875 0 0   0
2   24.500    0.875 0 0   0
2   24.250    1.000 0 0   0
2   24.250    0.750 0 0   0
2   24.500    0.875 0 0   0
6    0.875    3.500   90.000    0.250  80
y                                                                               
3    0.750   23.750 0 0   0
2    0.750   24.500 0 0   0
2    0.625   24.250 0 0   0
2    0.875   24.250 0 0   0
2    0.750   24.500 0 0   0
3   10.000   10.000 0 0   0
2   10.000   10.000 0 0   0
2   10.000   10.000 0 0   0
2   10.000   10.000 0 0   0
6    9.919    9.966    0.000    0.150   1
1
3   10.000   10.000 0 0   0
2   10.000   10.000 0 0   0
2   10.000   10.000 0 0   0
2   10.000   10.000 0 0   0
2   10.000   10.000 0 0   0
3    8.439    8.500 0 0   0
2    8.439    8.500 0 0   0
2    8.500    8.439 0 0   0
2    8.761    8.239 0 0   0
2    8.875    8.151 0 0   0
2    8.924    8.125 0 0   0
2    9.250    7.983 0 0   0
2    9.442    7.933 0 0   0
2    9.625    7.884 0 0   0
2    9.887    7.863 0 0   0
2   10.000    7.853 0 0   0
2   10.252    7.873 0 0   0
2   10.375    7.884 0 0   0
2   10.567    7.933 0 0   0
2   10.750    7.982 0 0   0
2   10.851    8.024 0 0   0
2   11.088    8.125 0 0   0
2   11.113    8.137 0 0   0
2   11.125    8.144 0 0   0
2   11.328    8.297 0 0   0
2   11.500    8.423 0 0   0
2   11.540    8.460 0 0   0
2   11.579    8.500 0 0   0
2   11.709    8.666 0 0   0
2   11.869    8.875 0 0   0
2   11.871    8.879 0 0   0
2   11.875    8.885 0 0   0
2   11.987    9.138 0 0   0
2   12.032    9.250 0 0   0
2   12.076    9.424 0 0   0
2   12.127    9.625 0 0   0
2   12.136    9.739 0 0   0
2   12.156   10.000 0 0   0
2   12.146   10.104 0 0   0
2   12.123   10.375 0 0   0
2   12.078   10.547 0 0   0
2   12.024   10.750 0 0   0
2   11.875   11.082 0 0   0
2   11.852   11.125 0 0   0
2   11.770   11.230 0 0   0
6   11.676   11.327    0.000    0.150   1
2
3   11.770   11.230 0 0   0
2   11.562   11.500 0 0   0
2   11.500   11.562 0 0   0
2   11.256   11.744 0 0   0
2   11.125   11.843 0 0   0
2   11.067   11.875 0 0   0
2   10.750   12.015 0 0   0
2   10.560   12.065 0 0   0
2   10.375   12.111 0 0   0
2   10.119   12.131 0 0   0
2   10.000   12.144 0 0   0
2    9.747   12.128 0 0   0
2    9.625   12.116 0 0   0
2    9.433   12.067 0 0   0
2    9.250   12.024 0 0   0
2    9.142   11.983 0 0   0
2    8.904   11.875 0 0   0
2    8.885   11.865 0 0   0
2    8.875   11.859 0 0   0
2    8.667   11.708 0 0   0
2    8.500   11.576 0 0   0
2    8.462   11.538 0 0   0
2    8.425   11.500 0 0   0
2    8.296   11.329 0 0   0
2    8.146   11.125 0 0   0
2    8.138   11.112 0 0   0
2    8.125   11.086 0 0   0
2    8.023   10.852 0 0   0
2    7.980   10.750 0 0   0
2    7.933   10.567 0 0   0
2    7.884   10.375 0 0   0
2    7.873   10.252 0 0   0
2    7.852   10.000 0 0   0
2    7.862    9.888 0 0   0
2    7.886    9.625 0 0   0
2    7.935    9.440 0 0   0
2    7.983    9.250 0 0   0
2    8.125    8.926 0 0   0
2    8.152    8.875 0 0   0
2    8.242    8.758 0 0   0
2    8.439    8.500 0 0   0
3    9.238    7.000 0 0   0
2    9.238    7.000 0 0   0
2    9.250    6.997 0 0   0
2    9.254    6.996 0 0   0
2    9.625    6.938 0 0   0
2    9.691    6.934 0 0   0
2   10.000    6.918 0 0   0
2   10.078    6.922 0 0   0
2   10.375    6.937 0 0   0
2   10.430    6.945 0 0   0
2   10.750    6.996 0 0   0
2   10.754    6.996 0 0   0
2   10.767    7.000 0 0   0
2   11.046    7.079 0 0   0
2   11.125    7.104 0 0   0
2   11.316    7.184 0 0   0
2   11.500    7.264 0 0   0
2   11.572    7.303 0 0   0
2   11.699    7.375 0 0   0
2   11.807    7.443 0 0   0
2   11.875    7.489 0 0   0
2   12.021    7.604 0 0   0
2   12.196    7.750 0 0   0
2   12.224    7.776 0 0   0
2   12.250    7.803 0 0   0
2   12.399    7.976 0 0   0
2   12.518    8.125 0 0   0
2   12.562    8.188 0 0   0
2   12.625    8.287 0 0   0
2   12.703    8.422 0 0   0
2   12.744    8.500 0 0   0
2   12.821    8.679 0 0   0
2   12.900    8.875 0 0   0
2   12.924    8.951 0 0   0
2   13.000    9.219 0 0   0
2   13.006    9.244 0 0   0
2   13.008    9.250 0 0   0
2   13.057    9.568 0 0   0
2   13.065    9.625 0 0   0
2   13.079    9.921 0 0   0
2   13.083   10.000 0 0   0
2   13.066   10.309 0 0   0
2   13.063   10.375 0 0   0
2   13.004   10.746 0 0   0
2   13.004   10.750 0 0   0
2   13.000   10.765 0 0   0
2   12.893   11.125 0 0   0
2   12.811   11.314 0 0   0
2   12.732   11.500 0 0   0
2   12.625   11.689 0 0   0
2   12.501   11.875 0 0   0
2   12.250   12.175 0 0   0
2   12.174   12.250 0 0   0
2   11.875   12.495 0 0   0
2   11.674   12.625 0 0   0
2   11.500   12.721 0 0   0
2   11.336   12.789 0 0   0
2   11.125   12.878 0 0   0
6   10.926   12.912    0.000    0.150   1
3
3   11.125   12.878 0 0   0
2   10.770   12.980 0 0   0
2   10.750   12.986 0 0   0
2   10.673   13.000 0 0   0
2   10.375   13.048 0 0   0
2   10.325   13.050 0 0   0
2   10.000   13.066 0 0   0
2    9.937   13.063 0 0   0
2    9.625   13.051 0 0   0
2    9.581   13.044 0 0   0
2    9.299   13.000 0 0   0
2    9.257   12.993 0 0   0
2    9.250   12.992 0 0   0
2    8.961   12.914 0 0   0
2    8.875   12.888 0 0   0
2    8.688   12.812 0 0   0
2    8.500   12.734 0 0   0
2    8.427   12.698 0 0   0
2    8.302   12.625 0 0   0
2    8.194   12.556 0 0   0
2    8.125   12.510 0 0   0
2    7.979   12.396 0 0   0
2    7.809   12.250 0 0   0
2    7.779   12.221 0 0   0
2    7.750   12.190 0 0   0
2    7.605   12.020 0 0   0
2    7.491   11.875 0 0   0
2    7.444   11.806 0 0   0
2    7.375   11.696 0 0   0
2    7.303   11.572 0 0   0
2    7.265   11.500 0 0   0
2    7.185   11.315 0 0   0
2    7.106   11.125 0 0   0
2    7.081   11.044 0 0   0
2    7.000   10.762 0 0   0
2    6.997   10.753 0 0   0
2    6.997   10.750 0 0   0
2    6.948   10.427 0 0   0
2    6.941   10.375 0 0   0
2    6.925   10.075 0 0   0
2    6.922   10.000 0 0   0
2    6.941    9.684 0 0   0
2    6.944    9.625 0 0   0
2    7.000    9.263 0 0   0
2    7.002    9.250 0 0   0
2    7.003    9.247 0 0   0
2    7.116    8.875 0 0   0
2    7.204    8.671 0 0   0
2    7.275    8.500 0 0   0
2    7.375    8.320 0 0   0
2    7.502    8.125 0 0   0
2    7.750    7.824 0 0   0
2    7.824    7.750 0 0   0
2    8.125    7.498 0 0   0
2    8.311    7.375 0 0   0
2    8.500    7.268 0 0   0
2    8.685    7.190 0 0   0
2    8.875    7.108 0 0   0
2    9.238    7.000 0 0   0
3    9.214    6.250 0 0   0
2    9.214    6.250 0 0   0
2    9.250    6.243 0 0   0
2    9.258    6.242 0 0   0
2    9.625    6.202 0 0   0
2    9.674    6.201 0 0   0
2   10.000    6.185 0 0   0
2   10.063    6.187 0 0   0
2   10.375    6.200 0 0   0
2   10.420    6.205 0 0   0
2   10.750    6.241 0 0   0
2   10.758    6.242 0 0   0
2   10.798    6.250 0 0   0
2   11.068    6.307 0 0   0
2   11.125    6.321 0 0   0
2   11.362    6.388 0 0   0
2   11.500    6.432 0 0   0
2   11.639    6.486 0 0   0
2   11.875    6.587 0 0   0
2   11.901    6.599 0 0   0
2   11.950    6.625 0 0   0
2   12.143    6.732 0 0   0
2   12.250    6.797 0 0   0
2   12.371    6.879 0 0   0
2   12.534    7.000 0 0   0
2   12.585    7.040 0 0   0
2   12.625    7.075 0 0   0
2   12.781    7.219 0 0   0
2   12.931    7.375 0 0   0
2   12.963    7.412 0 0   0
2   13.000    7.458 0 0   0
2   13.126    7.624 0 0   0
2   13.211    7.750 0 0   0
2   13.273    7.852 0 0   0
2   13.375    8.037 0 0   0
2   13.405    8.095 0 0   0
2   13.419    8.125 0 0   0
2   13.517    8.358 0 0   0
2   13.571    8.500 0 0   0
2   13.614    8.636 0 0   0
2   13.683    8.875 0 0   0
2   13.695    8.930 0 0   0
2   13.750    9.195 0 0   0
2   13.759    9.241 0 0   0
2   13.760    9.250 0 0   0
2   13.797    9.578 0 0   0
2   13.802    9.625 0 0   0
2   13.814    9.936 0 0   0
2   13.816   10.000 0 0   0
2   13.803   10.322 0 0   0
2   13.801   10.375 0 0   0
2   13.758   10.742 0 0   0
2   13.757   10.750 0 0   0
2   13.750   10.788 0 0   0
2   13.678   11.125 0 0   0
2   13.645   11.230 0 0   0
2   13.563   11.500 0 0   0
2   13.431   11.819 0 0   0
2   13.409   11.875 0 0   0
2   13.375   11.941 0 0   0
2   13.194   12.250 0 0   0
2   13.000   12.518 0 0   0
2   12.910   12.625 0 0   0
2   12.625   12.907 0 0   0
2   12.512   13.000 0 0   0
2   12.250   13.186 0 0   0
2   11.922   13.375 0 0   0
2   11.875   13.399 0 0   0
2   11.836   13.414 0 0   0
2   11.500   13.549 0 0   0
2   11.253   13.622 0 0   0
2   11.125   13.662 0 0   0
6   10.918   13.684    0.000    0.150   1
4
3   11.125   13.662 0 0   0
2   10.762   13.738 0 0   0
2   10.750   13.741 0 0   0
2   10.676   13.750 0 0   0
2   10.375   13.784 0 0   0
2   10.340   13.785 0 0   0
2   10.000   13.798 0 0   0
2    9.953   13.797 0 0   0
2    9.625   13.785 0 0   0
2    9.593   13.782 0 0   0
2    9.308   13.750 0 0   0
2    9.256   13.744 0 0   0
2    9.250   13.743 0 0   0
2    8.943   13.682 0 0   0
2    8.875   13.667 0 0   0
2    8.648   13.602 0 0   0
2    8.500   13.556 0 0   0
2    8.367   13.508 0 0   0
2    8.125   13.407 0 0   0
2    8.103   13.397 0 0   0
2    8.060   13.375 0 0   0
2    7.858   13.267 0 0   0
2    7.750   13.200 0 0   0
2    7.630   13.120 0 0   0
2    7.468   13.000 0 0   0
2    7.416   12.959 0 0   0
2    7.375   12.923 0 0   0
2    7.222   12.778 0 0   0
2    7.080   12.625 0 0   0
2    7.043   12.582 0 0   0
2    7.000   12.528 0 0   0
2    6.880   12.370 0 0   0
2    6.801   12.250 0 0   0
2    6.734   12.141 0 0   0
2    6.625   11.947 0 0   0
2    6.600   11.900 0 0   0
2    6.588   11.875 0 0   0
2    6.488   11.637 0 0   0
2    6.436   11.500 0 0   0
2    6.390   11.360 0 0   0
2    6.324   11.125 0 0   0
2    6.311   11.064 0 0   0
2    6.250   10.774 0 0   0
2    6.246   10.754 0 0   0
2    6.245   10.750 0 0   0
2    6.211   10.414 0 0   0
2    6.207   10.375 0 0   0
2    6.194   10.056 0 0   0
2    6.192   10.000 0 0   0
2    6.210    9.665 0 0   0
2    6.211    9.625 0 0   0
2    6.250    9.274 0 0   0
2    6.253    9.250 0 0   0
2    6.254    9.246 0 0   0
2    6.336    8.875 0 0   0
2    6.376    8.749 0 0   0
2    6.449    8.500 0 0   0
2    6.584    8.166 0 0   0
2    6.600    8.125 0 0   0
2    6.625    8.076 0 0   0
2    6.814    7.750 0 0   0
2    7.000    7.488 0 0   0
2    7.093    7.375 0 0   0
2    7.375    7.090 0 0   0
2    7.481    7.000 0 0   0
2    7.750    6.805 0 0   0
2    8.060    6.625 0 0   0
2    8.125    6.592 0 0   0
2    8.181    6.569 0 0   0
2    8.500    6.437 0 0   0
2    8.766    6.359 0 0   0
2    8.875    6.325 0 0   0
2    9.214    6.250 0 0   0
3    7.750    6.012 0 0   0
2    7.750    6.012 0 0   0
2    7.455    6.170 0 0   0
2    7.375    6.211 0 0   0
2    7.312    6.250 0 0   0
2    7.000    6.473 0 0   0
2    6.826    6.625 0 0   0
2    6.625    6.828 0 0   0
2    6.479    7.000 0 0   0
2    6.250    7.325 0 0   0
2    6.219    7.375 0 0   0
2    6.188    7.437 0 0   0
2    6.024    7.750 0 0   0
2    5.875    8.109 0 0   0
2    5.869    8.125 0 0   0
2    5.866    8.134 0 0   0
2    5.757    8.500 0 0   0
2    5.726    8.649 0 0   0
2    5.672    8.875 0 0   0
2    5.633    9.117 0 0   0
2    5.612    9.250 0 0   0
2    5.586    9.539 0 0   0
2    5.577    9.625 0 0   0
2    5.563    9.937 0 0   0
2    5.562   10.000 0 0   0
2    5.571   10.304 0 0   0
2    5.572   10.375 0 0   0
2    5.593   10.657 0 0   0
2    5.603   10.750 0 0   0
2    5.638   10.987 0 0   0
2    5.660   11.125 0 0   0
2    5.696   11.304 0 0   0
2    5.743   11.500 0 0   0
2    5.771   11.604 0 0   0
2    5.854   11.875 0 0   0
2    5.859   11.891 0 0   0
2    5.875   11.930 0 0   0
2    5.967   12.158 0 0   0
2    6.009   12.250 0 0   0
2    6.087   12.413 0 0   0
2    6.206   12.625 0 0   0
2    6.222   12.653 0 0   0
2    6.250   12.696 0 0   0
2    6.371   12.879 0 0   0
2    6.465   13.000 0 0   0
2    6.536   13.089 0 0   0
2    6.625   13.191 0 0   0
2    6.713   13.287 0 0   0
2    6.808   13.375 0 0   0
2    6.910   13.465 0 0   0
2    7.000   13.538 0 0   0
2    7.119   13.631 0 0   0
2    7.296   13.750 0 0   0
2    7.344   13.781 0 0   0
2    7.375   13.799 0 0   0
2    7.588   13.912 0 0   0
2    7.750   13.990 0 0   0
2    7.843   14.032 0 0   0
2    8.087   14.125 0 0   0
2    8.115   14.135 0 0   0
2    8.125   14.139 0 0   0
2    8.401   14.224 0 0   0
2    8.500   14.250 0 0   0
2    8.704   14.296 0 0   0
2    8.875   14.331 0 0   0
2    9.020   14.355 0 0   0
2    9.250   14.388 0 0   0
2    9.352   14.398 0 0   0
2    9.625   14.422 0 0   0
2    9.701   14.424 0 0   0
2   10.000   14.433 0 0   0
2   10.070   14.430 0 0   0
2   10.375   14.421 0 0   0
2   10.462   14.413 0 0   0
2   10.750   14.388 0 0   0
2   10.884   14.366 0 0   0
2   11.125   14.330 0 0   0
2   11.346   14.279 0 0   0
2   11.500   14.247 0 0   0
2   11.860   14.140 0 0   0
2   11.875   14.136 0 0   0
2   11.904   14.125 0 0   0
6   12.062   14.034    0.000    0.150   1
5
3   11.904   14.125 0 0   0
2   12.250   13.983 0 0   0
2   12.551   13.824 0 0   0
2   12.625   13.787 0 0   0
2   12.685   13.750 0 0   0
2   13.000   13.527 0 0   0
2   13.178   13.375 0 0   0
2   13.375   13.180 0 0   0
2   13.528   13.000 0 0   0
2   13.750   12.693 0 0   0
2   13.793   12.625 0 0   0
2   13.838   12.537 0 0   0
2   13.991   12.250 0 0   0
2   14.125   11.929 0 0   0
2   14.146   11.875 0 0   0
2   14.154   11.846 0 0   0
2   14.260   11.500 0 0   0
2   14.298   11.327 0 0   0
2   14.345   11.125 0 0   0
2   14.385   10.865 0 0   0
2   14.404   10.750 0 0   0
2   14.433   10.442 0 0   0
2   14.439   10.375 0 0   0
2   14.450   10.050 0 0   0
2   14.451   10.000 0 0   0
2   14.442    9.683 0 0   0
2   14.440    9.625 0 0   0
2   14.415    9.335 0 0   0
2   14.407    9.250 0 0   0
2   14.371    9.004 0 0   0
2   14.350    8.875 0 0   0
2   14.311    8.689 0 0   0
2   14.267    8.500 0 0   0
2   14.236    8.389 0 0   0
2   14.156    8.125 0 0   0
2   14.148    8.102 0 0   0
2   14.125    8.041 0 0   0
2   14.042    7.833 0 0   0
2   14.004    7.750 0 0   0
2   13.922    7.578 0 0   0
2   13.811    7.375 0 0   0
2   13.789    7.336 0 0   0
2   13.750    7.277 0 0   0
2   13.638    7.112 0 0   0
2   13.550    7.000 0 0   0
2   13.471    6.904 0 0   0
2   13.375    6.800 0 0   0
2   13.290    6.710 0 0   0
2   13.197    6.625 0 0   0
2   13.092    6.533 0 0   0
2   13.000    6.458 0 0   0
2   12.882    6.368 0 0   0
2   12.702    6.250 0 0   0
2   12.655    6.220 0 0   0
2   12.625    6.203 0 0   0
2   12.415    6.085 0 0   0
2   12.250    6.006 0 0   0
2   12.160    5.965 0 0   0
2   11.937    5.875 0 0   0
2   11.893    5.857 0 0   0
2   11.875    5.851 0 0   0
2   11.606    5.769 0 0   0
2   11.500    5.740 0 0   0
2   11.307    5.693 0 0   0
2   11.125    5.655 0 0   0
2   10.991    5.634 0 0   0
2   10.750    5.598 0 0   0
2   10.662    5.588 0 0   0
2   10.375    5.564 0 0   0
2   10.312    5.563 0 0   0
2   10.000    5.553 0 0   0
2    9.945    5.555 0 0   0
2    9.625    5.566 0 0   0
2    9.551    5.574 0 0   0
2    9.250    5.600 0 0   0
2    9.130    5.620 0 0   0
2    8.875    5.659 0 0   0
2    8.666    5.709 0 0   0
2    8.500    5.744 0 0   0
2    8.151    5.849 0 0   0
2    8.125    5.856 0 0   0
2    8.076    5.875 0 0   0
2    7.750    6.012 0 0   0
3    7.750    5.324 0 0   0
2    7.750    5.324 0 0   0
2    7.421    5.454 0 0   0
2    7.375    5.471 0 0   0
2    7.312    5.500 0 0   0
2    7.000    5.662 0 0   0
2    6.665    5.875 0 0   0
2    6.625    5.904 0 0   0
2    6.420    6.080 0 0   0
2    6.250    6.225 0 0   0
2    6.225    6.250 0 0   0
2    6.096    6.404 0 0   0
2    5.909    6.625 0 0   0
2    5.875    6.673 0 0   0
2    5.670    7.000 0 0   0
2    5.500    7.335 0 0   0
2    5.482    7.375 0 0   0
2    5.472    7.403 0 0   0
2    5.339    7.750 0 0   0
2    5.272    7.978 0 0   0
2    5.225    8.125 0 0   0
2    5.142    8.483 0 0   0
2    5.137    8.500 0 0   0
2    5.125    8.566 0 0   0
2    5.071    8.875 0 0   0
2    5.064    8.936 0 0   0
2    5.028    9.250 0 0   0
2    5.021    9.354 0 0   0
2    4.999    9.625 0 0   0
2    4.995    9.755 0 0   0
2    4.989   10.000 0 0   0
2    4.992   10.133 0 0   0
2    4.995   10.375 0 0   0
2    5.001   10.499 0 0   0
2    5.019   10.750 0 0   0
2    5.029   10.846 0 0   0
2    5.059   11.125 0 0   0
2    5.067   11.183 0 0   0
2    5.121   11.500 0 0   0
2    5.122   11.503 0 0   0
2    5.125   11.517 0 0   0
2    5.191   11.809 0 0   0
2    5.208   11.875 0 0   0
2    5.273   12.102 0 0   0
2    5.322   12.250 0 0   0
2    5.367   12.383 0 0   0
2    5.466   12.625 0 0   0
2    5.476   12.649 0 0   0
2    5.500   12.698 0 0   0
2    5.599   12.901 0 0   0
2    5.656   13.000 0 0   0
2    5.736   13.139 0 0   0
2    5.875   13.351 0 0   0
2    5.884   13.366 0 0   0
2    5.892   13.375 0 0   0
2    6.051   13.574 0 0   0
2    6.205   13.750 0 0   0
2    6.226   13.774 0 0   0
2    6.250   13.796 0 0   0
2    6.423   13.952 0 0   0
2    6.625   14.114 0 0   0
2    6.631   14.119 0 0   0
2    6.640   14.125 0 0   0
2    6.856   14.269 0 0   0
2    7.000   14.349 0 0   0
2    7.098   14.402 0 0   0
2    7.299   14.500 0 0   0
2    7.350   14.525 0 0   0
2    7.375   14.534 0 0   0
2    7.621   14.629 0 0   0
2    7.750   14.674 0 0   0
2    7.901   14.724 0 0   0
2    8.125   14.784 0 0   0
2    8.197   14.803 0 0   0
2    8.500   14.871 0 0   0
2    8.503   14.872 0 0   0
2    8.520   14.875 0 0   0
2    8.825   14.925 0 0   0
2    8.875   14.932 0 0   0
2    9.159   14.966 0 0   0
2    9.250   14.975 0 0   0
2    9.507   14.993 0 0   0
2    9.625   15.000 0 0   0
2    9.869   15.006 0 0   0
2   10.000   15.009 0 0   0
2   10.247   15.003 0 0   0
2   10.375   15.001 0 0   0
2   10.643   14.982 0 0   0
2   10.750   14.976 0 0   0
2   11.060   14.940 0 0   0
2   11.125   14.934 0 0   0
2   11.478   14.875 0 0   0
2   11.500   14.871 0 0   0
2   11.505   14.870 0 0   0
2   11.875   14.786 0 0   0
2   12.004   14.746 0 0   0
6   12.107   14.692    0.000    0.150   1
6
3   12.004   14.746 0 0   0
2   12.250   14.673 0 0   0
2   12.578   14.547 0 0   0
2   12.625   14.530 0 0   0
2   12.692   14.500 0 0   0
2   13.000   14.345 0 0   0
2   13.350   14.125 0 0   0
2   13.375   14.107 0 0   0
2   13.498   14.002 0 0   0
2   13.750   13.788 0 0   0
2   13.788   13.750 0 0   0
2   14.001   13.499 0 0   0
2   14.107   13.375 0 0   0
2   14.125   13.350 0 0   0
2   14.346   13.000 0 0   0
2   14.500   12.702 0 0   0
2   14.535   12.625 0 0   0
2   14.556   12.569 0 0   0
2   14.681   12.250 0 0   0
2   14.757   11.993 0 0   0
2   14.796   11.875 0 0   0
2   14.875   11.544 0 0   0
2   14.885   11.500 0 0   0
2   14.886   11.489 0 0   0
2   14.948   11.125 0 0   0
2   14.957   11.043 0 0   0
2   14.992   10.750 0 0   0
2   15.000   10.625 0 0   0
2   15.018   10.375 0 0   0
2   15.022   10.228 0 0   0
2   15.027   10.000 0 0   0
2   15.024    9.851 0 0   0
2   15.020    9.625 0 0   0
2   15.011    9.489 0 0   0
2   14.994    9.250 0 0   0
2   14.983    9.142 0 0   0
2   14.952    8.875 0 0   0
2   14.942    8.808 0 0   0
2   14.889    8.500 0 0   0
2   14.887    8.488 0 0   0
2   14.875    8.434 0 0   0
2   14.818    8.182 0 0   0
2   14.803    8.125 0 0   0
2   14.736    7.889 0 0   0
2   14.691    7.750 0 0   0
2   14.642    7.608 0 0   0
2   14.549    7.375 0 0   0
2   14.535    7.340 0 0   0
2   14.500    7.267 0 0   0
2   14.413    7.087 0 0   0
2   14.364    7.000 0 0   0
2   14.277    6.848 0 0   0
2   14.130    6.625 0 0   0
2   14.128    6.622 0 0   0
2   14.125    6.619 0 0   0
2   13.959    6.416 0 0   0
2   13.808    6.250 0 0   0
2   13.781    6.219 0 0   0
2   13.750    6.193 0 0   0
2   13.577    6.048 0 0   0
2   13.375    5.887 0 0   0
2   13.369    5.881 0 0   0
2   13.359    5.875 0 0   0
2   13.141    5.734 0 0   0
2   13.000    5.653 0 0   0
2   12.903    5.597 0 0   0
2   12.704    5.500 0 0   0
2   12.651    5.474 0 0   0
2   12.625    5.464 0 0   0
2   12.385    5.365 0 0   0
2   12.250    5.319 0 0   0
2   12.105    5.270 0 0   0
2   11.875    5.203 0 0   0
2   11.814    5.186 0 0   0
2   11.542    5.125 0 0   0
2   11.508    5.117 0 0   0
2   11.500    5.116 0 0   0
2   11.189    5.061 0 0   0
2   11.125    5.052 0 0   0
2   10.854    5.021 0 0   0
2   10.750    5.010 0 0   0
2   10.508    4.992 0 0   0
2   10.375    4.984 0 0   0
2   10.145    4.980 0 0   0
2   10.000    4.978 0 0   0
2    9.768    4.982 0 0   0
2    9.625    4.985 0 0   0
2    9.370    5.005 0 0   0
2    9.250    5.013 0 0   0
2    8.953    5.047 0 0   0
2    8.875    5.055 0 0   0
2    8.505    5.120 0 0   0
2    8.500    5.120 0 0   0
2    8.479    5.125 0 0   0
2    8.125    5.208 0 0   0
2    8.003    5.247 0 0   0
2    7.750    5.324 0 0   0
3    7.551    4.750 0 0   0
2    7.551    4.750 0 0   0
2    7.750    4.695 0 0   0
2    7.819    4.681 0 0   0
2    8.125    4.611 0 0   0
2    8.292    4.583 0 0   0
2    8.500    4.545 0 0   0
2    8.733    4.517 0 0   0
2    8.875    4.497 0 0   0
2    9.153    4.472 0 0   0
2    9.250    4.462 0 0   0
2    9.552    4.448 0 0   0
2    9.625    4.443 0 0   0
2    9.938    4.437 0 0   0
2   10.000    4.436 0 0   0
2   10.309    4.441 0 0   0
2   10.375    4.442 0 0   0
2   10.669    4.456 0 0   0
2   10.750    4.461 0 0   0
2   11.017    4.483 0 0   0
2   11.125    4.494 0 0   0
2   11.354    4.521 0 0   0
2   11.500    4.541 0 0   0
2   11.680    4.570 0 0   0
2   11.875    4.606 0 0   0
2   11.996    4.629 0 0   0
2   12.250    4.690 0 0   0
2   12.298    4.702 0 0   0
2   12.468    4.750 0 0   0
2   12.590    4.785 0 0   0
2   12.625    4.797 0 0   0
2   12.869    4.881 0 0   0
2   13.000    4.935 0 0   0
2   13.136    4.989 0 0   0
2   13.375    5.104 0 0   0
2   13.389    5.111 0 0   0
2   13.413    5.125 0 0   0
2   13.628    5.247 0 0   0
2   13.750    5.326 0 0   0
2   13.858    5.392 0 0   0
2   13.990    5.500 0 0   0
2   14.065    5.560 0 0   0
2   14.125    5.611 0 0   0
2   14.267    5.733 0 0   0
2   14.394    5.875 0 0   0
2   14.444    5.931 0 0   0
2   14.500    5.999 0 0   0
2   14.615    6.135 0 0   0
2   14.689    6.250 0 0   0
2   14.764    6.361 0 0   0
2   14.875    6.561 0 0   0
2   14.898    6.602 0 0   0
2   14.909    6.625 0 0   0
2   15.021    6.854 0 0   0
2   15.078    7.000 0 0   0
2   15.127    7.123 0 0   0
2   15.212    7.375 0 0   0
2   15.222    7.403 0 0   0
2   15.250    7.503 0 0   0
2   15.304    7.696 0 0   0
2   15.317    7.750 0 0   0
2   15.375    8.000 0 0   0
2   15.399    8.125 0 0   0
2   15.435    8.315 0 0   0
2   15.463    8.500 0 0   0
2   15.483    8.642 0 0   0
2   15.510    8.875 0 0   0
2   15.521    8.979 0 0   0
2   15.543    9.250 0 0   0
2   15.547    9.328 0 0   0
2   15.562    9.625 0 0   0
2   15.563    9.687 0 0   0
2   15.568   10.000 0 0   0
2   15.567   10.058 0 0   0
2   15.561   10.375 0 0   0
2   15.557   10.443 0 0   0
2   15.541   10.750 0 0   0
2   15.532   10.843 0 0   0
2   15.507   11.125 0 0   0
2   15.488   11.262 0 0   0
2   15.459   11.500 0 0   0
2   15.421   11.704 0 0   0
2   15.394   11.875 0 0   0
2   15.325   12.175 0 0   0
2   15.310   12.250 0 0   0
2   15.250   12.467 0 0   0
2   15.203   12.625 0 0   0
2   15.172   12.703 0 0   0
2   15.066   13.000 0 0   0
2   14.915   13.335 0 0   0
2   14.898   13.375 0 0   0
2   14.875   13.418 0 0   0
2   14.674   13.750 0 0   0
2   14.500   13.987 0 0   0
2   14.382   14.125 0 0   0
2   14.125   14.382 0 0   0
2   13.986   14.500 0 0   0
2   13.750   14.674 0 0   0
2   13.419   14.875 0 0   0
2   13.375   14.898 0 0   0
2   13.335   14.915 0 0   0
2   13.000   15.065 0 0   0
2   12.710   15.165 0 0   0
2   12.625   15.198 0 0   0
6   12.516   15.206    0.000    0.150   1
7
3   12.625   15.198 0 0   0
2   12.449   15.250 0 0   0
2   12.250   15.304 0 0   0
2   12.183   15.317 0 0   0
2   11.875   15.384 0 0   0
2   11.718   15.407 0 0   0
2   11.500   15.446 0 0   0
2   11.277   15.473 0 0   0
2   11.125   15.493 0 0   0
2   10.862   15.513 0 0   0
2   10.750   15.524 0 0   0
2   10.462   15.538 0 0   0
2   10.375   15.543 0 0   0
2   10.078   15.547 0 0   0
2   10.000   15.548 0 0   0
2    9.706   15.544 0 0   0
2    9.625   15.542 0 0   0
2    9.347   15.528 0 0   0
2    9.250   15.522 0 0   0
2    8.999   15.501 0 0   0
2    8.875   15.490 0 0   0
2    8.660   15.465 0 0   0
2    8.500   15.442 0 0   0
2    8.333   15.417 0 0   0
2    8.125   15.379 0 0   0
2    8.016   15.359 0 0   0
2    7.750   15.297 0 0   0
2    7.712   15.288 0 0   0
2    7.572   15.250 0 0   0
2    7.417   15.208 0 0   0
2    7.375   15.194 0 0   0
2    7.137   15.113 0 0   0
2    7.000   15.060 0 0   0
2    6.866   15.009 0 0   0
2    6.625   14.893 0 0   0
2    6.613   14.887 0 0   0
2    6.591   14.875 0 0   0
2    6.371   14.754 0 0   0
2    6.250   14.673 0 0   0
2    6.145   14.605 0 0   0
2    6.015   14.500 0 0   0
2    5.937   14.438 0 0   0
2    5.875   14.380 0 0   0
2    5.741   14.259 0 0   0
2    5.622   14.125 0 0   0
2    5.564   14.061 0 0   0
2    5.500   13.980 0 0   0
2    5.398   13.852 0 0   0
2    5.333   13.750 0 0   0
2    5.250   13.625 0 0   0
2    5.125   13.402 0 0   0
2    5.115   13.385 0 0   0
2    5.110   13.375 0 0   0
2    4.992   13.133 0 0   0
2    4.938   13.000 0 0   0
2    4.883   12.867 0 0   0
2    4.801   12.625 0 0   0
2    4.788   12.587 0 0   0
2    4.750   12.454 0 0   0
2    4.704   12.296 0 0   0
2    4.694   12.250 0 0   0
2    4.634   11.991 0 0   0
2    4.612   11.875 0 0   0
2    4.574   11.676 0 0   0
2    4.549   11.500 0 0   0
2    4.529   11.346 0 0   0
2    4.503   11.125 0 0   0
2    4.491   11.009 0 0   0
2    4.473   10.750 0 0   0
2    4.469   10.656 0 0   0
2    4.454   10.375 0 0   0
2    4.453   10.297 0 0   0
2    4.452   10.000 0 0   0
2    4.454    9.921 0 0   0
2    4.459    9.625 0 0   0
2    4.464    9.536 0 0   0
2    4.482    9.250 0 0   0
2    4.495    9.130 0 0   0
2    4.516    8.875 0 0   0
2    4.539    8.711 0 0   0
2    4.566    8.500 0 0   0
2    4.609    8.266 0 0   0
2    4.631    8.125 0 0   0
2    4.705    7.795 0 0   0
2    4.714    7.750 0 0   0
2    4.750    7.614 0 0   0
2    4.819    7.375 0 0   0
2    4.862    7.263 0 0   0
2    4.955    7.000 0 0   0
2    5.124    6.626 0 0   0
2    5.125    6.625 0 0   0
2    5.125    6.624 0 0   0
2    5.346    6.250 0 0   0
2    5.500    6.040 0 0   0
2    5.640    5.875 0 0   0
2    5.875    5.638 0 0   0
2    6.037    5.500 0 0   0
2    6.250    5.343 0 0   0
2    6.606    5.125 0 0   0
2    6.625    5.115 0 0   0
2    6.643    5.107 0 0   0
2    7.000    4.943 0 0   0
2    7.287    4.838 0 0   0
2    7.375    4.803 0 0   0
2    7.551    4.750 0 0   0
3    8.471    4.000 0 0   0
2    8.471    4.000 0 0   0
2    8.500    3.996 0 0   0
2    8.504    3.996 0 0   0
2    8.875    3.963 0 0   0
2    8.914    3.961 0 0   0
2    9.250    3.939 0 0   0
2    9.313    3.937 0 0   0
2    9.625    3.925 0 0   0
2    9.700    3.925 0 0   0
2   10.000    3.920 0 0   0
2   10.079    3.921 0 0   0
2   10.375    3.925 0 0   0
2   10.448    3.927 0 0   0
2   10.750    3.938 0 0   0
2   10.810    3.940 0 0   0
2   11.125    3.961 0 0   0
2   11.161    3.964 0 0   0
2   11.500    3.994 0 0   0
2   11.506    3.994 0 0   0
2   11.551    4.000 0 0   0
2   11.840    4.035 0 0   0
2   11.875    4.041 0 0   0
2   12.166    4.084 0 0   0
2   12.250    4.100 0 0   0
2   12.483    4.142 0 0   0
2   12.625    4.177 0 0   0
2   12.788    4.212 0 0   0
2   13.000    4.271 0 0   0
2   13.083    4.292 0 0   0
2   13.327    4.375 0 0   0
2   13.363    4.387 0 0   0
2   13.375    4.392 0 0   0
2   13.636    4.489 0 0   0
2   13.750    4.543 0 0   0
2   13.894    4.606 0 0   0
2   14.125    4.736 0 0   0
2   14.134    4.741 0 0   0
2   14.148    4.750 0 0   0
2   14.366    4.884 0 0   0
2   14.500    4.993 0 0   0
2   14.576    5.049 0 0   0
2   14.660    5.125 0 0   0
2   14.776    5.224 0 0   0
2   14.875    5.335 0 0   0
2   14.955    5.420 0 0   0
2   15.015    5.500 0 0   0
2   15.121    5.629 0 0   0
2   15.250    5.835 0 0   0
2   15.266    5.859 0 0   0
2   15.274    5.875 0 0   0
2   15.402    6.098 0 0   0
2   15.468    6.250 0 0   0
2   15.519    6.356 0 0   0
2   15.620    6.625 0 0   0
2   15.621    6.629 0 0   0
2   15.625    6.640 0 0   0
2   15.714    6.911 0 0   0
2   15.736    7.000 0 0   0
2   15.794    7.206 0 0   0
2   15.829    7.375 0 0   0
2   15.861    7.514 0 0   0
2   15.904    7.750 0 0   0
2   15.919    7.831 0 0   0
2   15.963    8.125 0 0   0
2   15.968    8.157 0 0   0
2   16.000    8.425 0 0   0
2   16.008    8.492 0 0   0
2   16.009    8.500 0 0   0
2   16.039    8.836 0 0   0
2   16.042    8.875 0 0   0
2   16.062    9.188 0 0   0
2   16.065    9.250 0 0   0
2   16.076    9.549 0 0   0
2   16.078    9.625 0 0   0
2   16.082    9.918 0 0   0
2   16.082   10.000 0 0   0
2   16.078   10.297 0 0   0
2   16.077   10.375 0 0   0
2   16.065   10.685 0 0   0
2   16.063   10.750 0 0   0
2   16.042   11.083 0 0   0
2   16.040   11.125 0 0   0
2   16.006   11.494 0 0   0
2   16.006   11.500 0 0   0
2   16.000   11.547 0 0   0
2   15.959   11.875 0 0   0
2   15.950   11.925 0 0   0
2   15.899   12.250 0 0   0
2   15.870   12.380 0 0   0
2   15.824   12.625 0 0   0
2   15.759   12.866 0 0   0
2   15.729   13.000 0 0   0
2   15.625   13.344 0 0   0
2   15.614   13.375 0 0   0
2   15.606   13.394 0 0   0
2   15.462   13.750 0 0   0
2   15.287   14.088 0 0   0
2   15.270   14.125 0 0   0
2   15.250   14.158 0 0   0
2   15.014   14.500 0 0   0
2   14.875   14.665 0 0   0
2   14.665   14.875 0 0   0
2   14.500   15.014 0 0   0
2   14.158   15.250 0 0   0
2   14.125   15.270 0 0   0
2   14.088   15.287 0 0   0
2   13.750   15.463 0 0   0
2   13.390   15.610 0 0   0
2   13.375   15.617 0 0   0
2   13.349   15.625 0 0   0
2   13.000   15.729 0 0   0
2   12.869   15.756 0 0   0
2   12.625   15.821 0 0   0
2   12.383   15.867 0 0   0
2   12.250   15.895 0 0   0
2   11.937   15.938 0 0   0
2   11.875   15.950 0 0   0
6   11.660   15.957    0.000    0.150   1
8
3   11.875   15.950 0 0   0
2   11.505   15.995 0 0   0
2   11.500   15.996 0 0   0
2   11.452   16.000 0 0   0
2   11.125   16.026 0 0   0
2   11.098   16.027 0 0   0
2   10.750   16.049 0 0   0
2   10.700   16.050 0 0   0
2   10.375   16.060 0 0   0
2   10.315   16.060 0 0   0
2   10.000   16.064 0 0   0
2    9.936   16.064 0 0   0
2    9.625   16.059 0 0   0
2    9.568   16.057 0 0   0
2    9.250   16.045 0 0   0
2    9.207   16.043 0 0   0
2    8.875   16.021 0 0   0
2    8.855   16.020 0 0   0
2    8.635   16.000 0 0   0
2    8.511   15.989 0 0   0
2    8.500   15.987 0 0   0
2    8.176   15.949 0 0   0
2    8.125   15.942 0 0   0
2    7.849   15.901 0 0   0
2    7.750   15.883 0 0   0
2    7.531   15.844 0 0   0
2    7.375   15.808 0 0   0
2    7.224   15.776 0 0   0
2    7.000   15.716 0 0   0
2    6.926   15.699 0 0   0
2    6.702   15.625 0 0   0
2    6.644   15.606 0 0   0
2    6.625   15.599 0 0   0
2    6.369   15.506 0 0   0
2    6.250   15.449 0 0   0
2    6.111   15.389 0 0   0
2    5.875   15.259 0 0   0
2    5.869   15.256 0 0   0
2    5.860   15.250 0 0   0
2    5.639   15.111 0 0   0
2    5.500   15.001 0 0   0
2    5.427   14.948 0 0   0
2    5.351   14.875 0 0   0
2    5.231   14.769 0 0   0
2    5.125   14.646 0 0   0
2    5.054   14.571 0 0   0
2    5.002   14.500 0 0   0
2    4.891   14.359 0 0   0
2    4.750   14.136 0 0   0
2    4.746   14.129 0 0   0
2    4.743   14.125 0 0   0
2    4.610   13.890 0 0   0
2    4.549   13.750 0 0   0
2    4.492   13.633 0 0   0
2    4.394   13.375 0 0   0
2    4.389   13.361 0 0   0
2    4.375   13.319 0 0   0
2    4.297   13.078 0 0   0
2    4.277   13.000 0 0   0
2    4.216   12.784 0 0   0
2    4.182   12.625 0 0   0
2    4.148   12.477 0 0   0
2    4.107   12.250 0 0   0
2    4.090   12.160 0 0   0
2    4.050   11.875 0 0   0
2    4.044   11.831 0 0   0
2    4.004   11.500 0 0   0
2    4.003   11.497 0 0   0
2    4.000   11.452 0 0   0
2    3.976   11.149 0 0   0
2    3.975   11.125 0 0   0
2    3.953   10.797 0 0   0
2    3.952   10.750 0 0   0
2    3.944   10.431 0 0   0
2    3.942   10.375 0 0   0
2    3.938   10.062 0 0   0
2    3.938   10.000 0 0   0
2    3.946    9.679 0 0   0
2    3.947    9.625 0 0   0
2    3.959    9.291 0 0   0
2    3.961    9.250 0 0   0
2    3.987    8.888 0 0   0
2    3.987    8.875 0 0   0
2    4.000    8.731 0 0   0
2    4.021    8.500 0 0   0
2    4.025    8.475 0 0   0
2    4.068    8.125 0 0   0
2    4.084    8.041 0 0   0
2    4.128    7.750 0 0   0
2    4.164    7.586 0 0   0
2    4.201    7.375 0 0   0
2    4.269    7.106 0 0   0
2    4.293    7.000 0 0   0
2    4.375    6.734 0 0   0
2    4.412    6.625 0 0   0
2    4.441    6.559 0 0   0
2    4.560    6.250 0 0   0
2    4.750    5.879 0 0   0
2    4.752    5.875 0 0   0
2    4.758    5.867 0 0   0
2    5.011    5.500 0 0   0
2    5.125    5.363 0 0   0
2    5.361    5.125 0 0   0
2    5.500    5.007 0 0   0
2    5.865    4.750 0 0   0
2    5.875    4.744 0 0   0
2    5.886    4.739 0 0   0
2    6.250    4.551 0 0   0
2    6.580    4.420 0 0   0
2    6.625    4.400 0 0   0
2    6.695    4.375 0 0   0
2    7.000    4.276 0 0   0
2    7.127    4.248 0 0   0
2    7.375    4.182 0 0   0
2    7.615    4.135 0 0   0
2    7.750    4.104 0 0   0
2    8.071    4.054 0 0   0
2    8.125    4.044 0 0   0
2    8.471    4.000 0 0   0
3    6.250    3.815 0 0   0
2    6.250    3.815 0 0   0
2    5.969    3.906 0 0   0
2    5.875    3.932 0 0   0
2    5.698    4.000 0 0   0
2    5.500    4.087 0 0   0
2    5.290    4.210 0 0   0
2    5.125    4.298 0 0   0
2    5.014    4.375 0 0   0
2    4.750    4.592 0 0   0
2    4.594    4.750 0 0   0
2    4.375    5.022 0 0   0
2    4.306    5.125 0 0   0
2    4.228    5.272 0 0   0
2    4.098    5.500 0 0   0
2    4.000    5.723 0 0   0
2    3.941    5.875 0 0   0
2    3.918    5.957 0 0   0
2    3.824    6.250 0 0   0
2    3.779    6.471 0 0   0
2    3.736    6.625 0 0   0
2    3.671    6.954 0 0   0
2    3.660    7.000 0 0   0
2    3.625    7.253 0 0   0
2    3.609    7.375 0 0   0
2    3.608    7.392 0 0   0
2    3.562    7.750 0 0   0
2    3.557    7.818 0 0   0
2    3.527    8.125 0 0   0
2    3.521    8.229 0 0   0
2    3.499    8.500 0 0   0
2    3.493    8.632 0 0   0
2    3.476    8.875 0 0   0
2    3.470    9.030 0 0   0
2    3.460    9.250 0 0   0
2    3.457    9.418 0 0   0
2    3.449    9.625 0 0   0
2    3.446    9.804 0 0   0
2    3.444   10.000 0 0   0
2    3.446   10.179 0 0   0
2    3.445   10.375 0 0   0
2    3.446   10.554 0 0   0
2    3.451   10.750 0 0   0
2    3.457   10.918 0 0   0
2    3.464   11.125 0 0   0
2    3.469   11.281 0 0   0
2    3.484   11.500 0 0   0
2    3.492   11.633 0 0   0
2    3.510   11.875 0 0   0
2    3.517   11.983 0 0   0
2    3.546   12.250 0 0   0
2    3.553   12.322 0 0   0
2    3.591   12.625 0 0   0
2    3.594   12.656 0 0   0
2    3.625   12.843 0 0   0
2    3.646   12.979 0 0   0
2    3.651   13.000 0 0   0
2    3.704   13.296 0 0   0
2    3.725   13.375 0 0   0
2    3.774   13.601 0 0   0
2    3.820   13.750 0 0   0
2    3.855   13.895 0 0   0
2    3.940   14.125 0 0   0
2    3.953   14.172 0 0   0
2    4.000   14.280 0 0   0
2    4.063   14.437 0 0   0
2    4.098   14.500 0 0   0
2    4.186   14.689 0 0   0
2    4.304   14.875 0 0   0
2    4.329   14.921 0 0   0
2    4.375   14.979 0 0   0
2    4.488   15.137 0 0   0
2    4.595   15.250 0 0   0
2    4.665   15.335 0 0   0
2    4.750   15.407 0 0   0
2    4.862   15.513 0 0   0
2    5.022   15.625 0 0   0
2    5.080   15.670 0 0   0
2    5.125   15.695 0 0   0
2    5.310   15.815 0 0   0
2    5.500   15.900 0 0   0
2    5.566   15.934 0 0   0
2    5.732   16.000 0 0   0
2    5.832   16.043 0 0   0
2    5.875   16.055 0 0   0
2    6.112   16.138 0 0   0
2    6.250   16.173 0 0   0
2    6.405   16.220 0 0   0
2    6.625   16.265 0 0   0
2    6.713   16.287 0 0   0
2    7.000   16.340 0 0   0
2    7.029   16.346 0 0   0
2    7.221   16.375 0 0   0
2    7.354   16.396 0 0   0
2    7.375   16.398 0 0   0
2    7.685   16.440 0 0   0
2    7.750   16.445 0 0   0
2    8.025   16.475 0 0   0
2    8.125   16.482 0 0   0
2    8.371   16.504 0 0   0
2    8.500   16.512 0 0   0
2    8.723   16.527 0 0   0
2    8.875   16.534 0 0   0
2    9.082   16.543 0 0   0
2    9.250   16.549 0 0   0
2    9.445   16.555 0 0   0
2    9.625   16.559 0 0   0
2    9.815   16.560 0 0   0
2   10.000   16.563 0 0   0
2   10.188   16.562 0 0   0
2   10.375   16.561 0 0   0
2   10.569   16.556 0 0   0
2   10.750   16.554 0 0   0
2   10.953   16.547 0 0   0
2   11.125   16.541 0 0   0
2   11.349   16.526 0 0   0
2   11.500   16.522 0 0   0
2   11.746   16.504 0 0   0
2   11.875   16.496 0 0   0
2   12.159   16.466 0 0   0
2   12.250   16.461 0 0   0
2   12.575   16.425 0 0   0
2   12.625   16.420 0 0   0
2   12.912   16.375 0 0   0
2   13.000   16.360 0 0   0
2   13.020   16.355 0 0   0
2   13.375   16.291 0 0   0
2   13.492   16.258 0 0   0
6   13.597   16.211    0.000    0.150   1
9
3   13.492   16.258 0 0   0
2   13.750   16.197 0 0   0
2   14.019   16.106 0 0   0
2   14.125   16.075 0 0   0
2   14.316   16.000 0 0   0
2   14.500   15.917 0 0   0
2   14.699   15.801 0 0   0
2   14.875   15.708 0 0   0
2   14.998   15.625 0 0   0
2   15.250   15.423 0 0   0
2   15.424   15.250 0 0   0
2   15.625   15.002 0 0   0
2   15.712   14.875 0 0   0
2   15.808   14.692 0 0   0
2   15.920   14.500 0 0   0
2   16.000   14.318 0 0   0
2   16.075   14.125 0 0   0
2   16.103   14.022 0 0   0
2   16.193   13.750 0 0   0
2   16.252   13.498 0 0   0
2   16.286   13.375 0 0   0
2   16.352   13.023 0 0   0
2   16.358   13.000 0 0   0
2   16.375   12.898 0 0   0
2   16.418   12.625 0 0   0
2   16.422   12.578 0 0   0
2   16.464   12.250 0 0   0
2   16.471   12.154 0 0   0
2   16.502   11.875 0 0   0
2   16.510   11.740 0 0   0
2   16.531   11.500 0 0   0
2   16.538   11.337 0 0   0
2   16.553   11.125 0 0   0
2   16.558   10.942 0 0   0
2   16.568   10.750 0 0   0
2   16.572   10.553 0 0   0
2   16.577   10.375 0 0   0
2   16.578   10.172 0 0   0
2   16.580   10.000 0 0   0
2   16.579    9.796 0 0   0
2   16.577    9.625 0 0   0
2   16.574    9.426 0 0   0
2   16.569    9.250 0 0   0
2   16.563    9.062 0 0   0
2   16.554    8.875 0 0   0
2   16.547    8.703 0 0   0
2   16.533    8.500 0 0   0
2   16.524    8.351 0 0   0
2   16.504    8.125 0 0   0
2   16.496    8.004 0 0   0
2   16.467    7.750 0 0   0
2   16.460    7.665 0 0   0
2   16.421    7.375 0 0   0
2   16.416    7.334 0 0   0
2   16.375    7.079 0 0   0
2   16.364    7.011 0 0   0
2   16.362    7.000 0 0   0
2   16.306    6.694 0 0   0
2   16.288    6.625 0 0   0
2   16.237    6.388 0 0   0
2   16.195    6.250 0 0   0
2   16.156    6.094 0 0   0
2   16.075    5.875 0 0   0
2   16.058    5.817 0 0   0
2   16.000    5.681 0 0   0
2   15.949    5.551 0 0   0
2   15.921    5.500 0 0   0
2   15.827    5.298 0 0   0
2   15.716    5.125 0 0   0
2   15.684    5.066 0 0   0
2   15.625    4.993 0 0   0
2   15.523    4.852 0 0   0
2   15.424    4.750 0 0   0
2   15.345    4.655 0 0   0
2   15.250    4.579 0 0   0
2   15.144    4.481 0 0   0
2   14.990    4.375 0 0   0
2   14.925    4.325 0 0   0
2   14.875    4.298 0 0   0
2   14.695    4.180 0 0   0
2   14.500    4.089 0 0   0
2   14.443    4.057 0 0   0
2   14.298    4.000 0 0   0
2   14.177    3.948 0 0   0
2   14.125    3.932 0 0   0
2   13.900    3.850 0 0   0
2   13.750    3.813 0 0   0
2   13.606    3.769 0 0   0
2   13.375    3.719 0 0   0
2   13.301    3.699 0 0   0
2   13.000    3.643 0 0   0
2   12.985    3.640 0 0   0
2   12.892    3.625 0 0   0
2   12.663    3.587 0 0   0
2   12.625    3.583 0 0   0
2   12.332    3.543 0 0   0
2   12.250    3.536 0 0   0
2   11.994    3.506 0 0   0
2   11.875    3.498 0 0   0
2   11.647    3.478 0 0   0
2   11.500    3.470 0 0   0
2   11.295    3.455 0 0   0
2   11.125    3.448 0 0   0
2   10.935    3.440 0 0   0
2   10.750    3.434 0 0   0
2   10.572    3.428 0 0   0
2   10.375    3.425 0 0   0
2   10.201    3.424 0 0   0
2   10.000    3.422 0 0   0
2    9.826    3.424 0 0   0
2    9.625    3.425 0 0   0
2    9.444    3.431 0 0   0
2    9.250    3.434 0 0   0
2    9.057    3.443 0 0   0
2    8.875    3.449 0 0   0
2    8.661    3.464 0 0   0
2    8.500    3.472 0 0   0
2    8.258    3.492 0 0   0
2    8.125    3.500 0 0   0
2    7.843    3.532 0 0   0
2    7.750    3.539 0 0   0
2    7.418    3.582 0 0   0
2    7.375    3.586 0 0   0
2    7.127    3.625 0 0   0
2    7.000    3.646 0 0   0
2    6.972    3.653 0 0   0
2    6.625    3.723 0 0   0
2    6.488    3.762 0 0   0
2    6.250    3.815 0 0   0
3    5.447    3.250 0 0   0
2    5.447    3.250 0 0   0
2    5.500    3.237 0 0   0
2    5.515    3.235 0 0   0
2    5.875    3.166 0 0   0
2    5.967    3.158 0 0   0
2    6.250    3.114 0 0   0
2    6.397    3.103 0 0   0
2    6.625    3.071 0 0   0
2    6.817    3.058 0 0   0
2    7.000    3.037 0 0   0
2    7.224    3.026 0 0   0
2    7.375    3.010 0 0   0
2    7.627    2.998 0 0   0
2    7.750    2.987 0 0   0
2    8.023    2.977 0 0   0
2    8.125    2.970 0 0   0
2    8.414    2.961 0 0   0
2    8.500    2.956 0 0   0
2    8.801    2.949 0 0   0
2    8.875    2.946 0 0   0
2    9.184    2.941 0 0   0
2    9.250    2.939 0 0   0
2    9.564    2.936 0 0   0
2    9.625    2.934 0 0   0
2    9.942    2.933 0 0   0
2   10.000    2.933 0 0   0
2   10.316    2.934 0 0   0
2   10.375    2.934 0 0   0
2   10.688    2.937 0 0   0
2   10.750    2.938 0 0   0
2   11.057    2.943 0 0   0
2   11.125    2.945 0 0   0
2   11.423    2.952 0 0   0
2   11.500    2.955 0 0   0
2   11.787    2.963 0 0   0
2   11.875    2.969 0 0   0
2   12.147    2.978 0 0   0
2   12.250    2.986 0 0   0
2   12.503    2.997 0 0   0
2   12.625    3.008 0 0   0
2   12.855    3.020 0 0   0
2   13.000    3.036 0 0   0
2   13.202    3.048 0 0   0
2   13.375    3.071 0 0   0
2   13.543    3.082 0 0   0
2   13.750    3.114 0 0   0
2   13.876    3.124 0 0   0
2   14.125    3.169 0 0   0
2   14.199    3.176 0 0   0
2   14.500    3.239 0 0   0
2   14.510    3.240 0 0   0
2   14.549    3.250 0 0   0
2   14.815    3.310 0 0   0
2   14.875    3.333 0 0   0
2   15.104    3.396 0 0   0
2   15.250    3.464 0 0   0
2   15.372    3.503 0 0   0
2   15.605    3.625 0 0   0
2   15.619    3.631 0 0   0
2   15.625    3.636 0 0   0
2   15.850    3.775 0 0   0
2   16.000    3.912 0 0   0
2   16.052    3.948 0 0   0
2   16.091    4.000 0 0   0
2   16.230    4.145 0 0   0
2   16.371    4.375 0 0   0
2   16.373    4.377 0 0   0
2   16.375    4.381 0 0   0
2   16.508    4.617 0 0   0
2   16.549    4.750 0 0   0
2   16.612    4.888 0 0   0
2   16.674    5.125 0 0   0
2   16.695    5.180 0 0   0
2   16.750    5.426 0 0   0
2   16.765    5.485 0 0   0
2   16.766    5.500 0 0   0
2   16.829    5.796 0 0   0
2   16.836    5.875 0 0   0
2   16.880    6.120 0 0   0
2   16.890    6.250 0 0   0
2   16.921    6.454 0 0   0
2   16.933    6.625 0 0   0
2   16.954    6.796 0 0   0
2   16.967    7.000 0 0   0
2   16.982    7.143 0 0   0
2   16.994    7.375 0 0   0
2   17.005    7.495 0 0   0
2   17.016    7.750 0 0   0
2   17.023    7.852 0 0   0
2   17.033    8.125 0 0   0
2   17.038    8.212 0 0   0
2   17.046    8.500 0 0   0
2   17.050    8.575 0 0   0
2   17.056    8.875 0 0   0
2   17.058    8.942 0 0   0
2   17.063    9.250 0 0   0
2   17.064    9.311 0 0   0
2   17.067    9.625 0 0   0
2   17.067    9.683 0 0   0
2   17.068   10.000 0 0   0
2   17.068   10.057 0 0   0
2   17.066   10.375 0 0   0
2   17.065   10.435 0 0   0
2   17.062   10.750 0 0   0
2   17.060   10.815 0 0   0
2   17.055   11.125 0 0   0
2   17.052   11.198 0 0   0
2   17.045   11.500 0 0   0
2   17.040   11.585 0 0   0
2   17.031   11.875 0 0   0
2   17.024   11.976 0 0   0
2   17.014   12.250 0 0   0
2   17.004   12.371 0 0   0
2   16.992   12.625 0 0   0
2   16.978   12.772 0 0   0
2   16.966   13.000 0 0   0
2   16.944   13.181 0 0   0
2   16.932   13.375 0 0   0
2   16.902   13.598 0 0   0
2   16.890   13.750 0 0   0
2   16.845   14.030 0 0   0
2   16.836   14.125 0 0   0
2   16.762   14.488 0 0   0
2   16.761   14.500 0 0   0
2   16.750   14.548 0 0   0
2   16.666   14.875 0 0   0
2   16.609   15.016 0 0   0
2   16.537   15.250 0 0   0
2   16.375   15.592 0 0   0
2   16.356   15.625 0 0   0
2   16.284   15.716 0 0   0
2   16.071   16.000 0 0   0
2   16.000   16.070 0 0   0
2   15.738   16.262 0 0   0
2   15.625   16.350 0 0   0
2   15.579   16.375 0 0   0
2   15.250   16.524 0 0   0
2   15.043   16.582 0 0   0
2   14.875   16.648 0 0   0
6   14.595   16.677    0.000    0.150   2
10
3   14.875   16.648 0 0   0
2   14.511   16.739 0 0   0
2   14.500   16.743 0 0   0
2   14.472   16.750 0 0   0
2   14.125   16.828 0 0   0
2   14.034   16.841 0 0   0
2   13.750   16.888 0 0   0
2   13.601   16.899 0 0   0
2   13.375   16.935 0 0   0
2   13.174   16.951 0 0   0
2   13.000   16.972 0 0   0
2   12.765   16.985 0 0   0
2   12.625   16.997 0 0   0
2   12.371   17.004 0 0   0
2   12.250   17.014 0 0   0
2   11.976   17.024 0 0   0
2   11.875   17.030 0 0   0
2   11.593   17.032 0 0   0
2   11.500   17.038 0 0   0
2   11.206   17.044 0 0   0
2   11.125   17.046 0 0   0
2   10.828   17.047 0 0   0
2   10.750   17.050 0 0   0
2   10.448   17.052 0 0   0
2   10.375   17.053 0 0   0
2   10.074   17.051 0 0   0
2   10.000   17.051 0 0   0
2    9.700   17.050 0 0   0
2    9.625   17.049 0 0   0
2    9.330   17.045 0 0   0
2    9.250   17.043 0 0   0
2    8.961   17.039 0 0   0
2    8.875   17.036 0 0   0
2    8.596   17.029 0 0   0
2    8.500   17.025 0 0   0
2    8.233   17.017 0 0   0
2    8.125   17.011 0 0   0
2    7.873   17.002 0 0   0
2    7.750   16.993 0 0   0
2    7.517   16.983 0 0   0
2    7.375   16.970 0 0   0
2    7.165   16.960 0 0   0
2    7.000   16.943 0 0   0
2    6.818   16.932 0 0   0
2    6.625   16.908 0 0   0
2    6.476   16.899 0 0   0
2    6.250   16.865 0 0   0
2    6.144   16.856 0 0   0
2    5.875   16.812 0 0   0
2    5.818   16.807 0 0   0
2    5.544   16.750 0 0   0
2    5.507   16.743 0 0   0
2    5.500   16.741 0 0   0
2    5.198   16.677 0 0   0
2    5.125   16.649 0 0   0
2    4.908   16.592 0 0   0
2    4.750   16.525 0 0   0
2    4.634   16.491 0 0   0
2    4.424   16.375 0 0   0
2    4.391   16.359 0 0   0
2    4.375   16.347 0 0   0
2    4.159   16.216 0 0   0
2    4.000   16.063 0 0   0
2    3.964   16.036 0 0   0
2    3.937   16.000 0 0   0
2    3.786   15.839 0 0   0
2    3.658   15.625 0 0   0
2    3.644   15.606 0 0   0
2    3.625   15.567 0 0   0
2    3.511   15.364 0 0   0
2    3.475   15.250 0 0   0
2    3.404   15.096 0 0   0
2    3.343   14.875 0 0   0
2    3.317   14.808 0 0   0
2    3.250   14.513 0 0   0
2    3.247   14.503 0 0   0
2    3.247   14.500 0 0   0
2    3.184   14.191 0 0   0
2    3.177   14.125 0 0   0
2    3.131   13.869 0 0   0
2    3.122   13.750 0 0   0
2    3.091   13.534 0 0   0
2    3.079   13.375 0 0   0
2    3.056   13.194 0 0   0
2    3.047   13.000 0 0   0
2    3.031   12.844 0 0   0
2    3.019   12.625 0 0   0
2    3.007   12.493 0 0   0
2    3.000   12.250 0 0   0
2    2.993   12.132 0 0   0
2    2.983   11.875 0 0   0
2    2.977   11.773 0 0   0
2    2.973   11.500 0 0   0
2    2.970   11.405 0 0   0
2    2.964   11.125 0 0   0
2    2.961   11.039 0 0   0
2    2.961   10.750 0 0   0
2    2.960   10.665 0 0   0
2    2.957   10.375 0 0   0
2    2.957   10.293 0 0   0
2    2.959   10.000 0 0   0
2    2.961    9.914 0 0   0
2    2.961    9.625 0 0   0
2    2.963    9.537 0 0   0
2    2.967    9.250 0 0   0
2    2.971    9.154 0 0   0
2    2.975    8.875 0 0   0
2    2.980    8.770 0 0   0
2    2.984    8.500 0 0   0
2    2.990    8.385 0 0   0
2    2.998    8.125 0 0   0
2    3.007    7.993 0 0   0
2    3.010    7.750 0 0   0
2    3.019    7.606 0 0   0
2    3.028    7.375 0 0   0
2    3.046    7.204 0 0   0
2    3.052    7.000 0 0   0
2    3.068    6.807 0 0   0
2    3.078    6.625 0 0   0
2    3.111    6.389 0 0   0
2    3.122    6.250 0 0   0
2    3.180    5.945 0 0   0
2    3.187    5.875 0 0   0
2    3.250    5.546 0 0   0
2    3.260    5.500 0 0   0
2    3.264    5.486 0 0   0
2    3.376    5.125 0 0   0
2    3.474    4.901 0 0   0
2    3.518    4.750 0 0   0
2    3.625    4.518 0 0   0
2    3.704    4.375 0 0   0
2    3.933    4.067 0 0   0
2    3.977    4.000 0 0   0
2    4.000    3.976 0 0   0
2    4.099    3.901 0 0   0
2    4.375    3.676 0 0   0
2    4.459    3.625 0 0   0
2    4.750    3.479 0 0   0
2    4.965    3.410 0 0   0
2    5.125    3.339 0 0   0
2    5.447    3.250 0 0   0
3    2.500    2.500 0 0   0
2    2.875    2.500 0 0   0
2    3.250    2.500 0 0   0
2    3.625    2.500 0 0   0
2    4.000    2.500 0 0   0
2    4.375    2.500 0 0   0
2    4.750    2.500 0 0   0
2    5.125    2.500 0 0   0
2    5.500    2.500 0 0   0
2    5.875    2.500 0 0   0
2    6.250    2.500 0 0   0
2    6.625    2.500 0 0   0
2    7.000    2.500 0 0   0
2    7.375    2.500 0 0   0
2    7.750    2.500 0 0   0
2    8.125    2.500 0 0   0
2    8.500    2.500 0 0   0
2    8.875    2.500 0 0   0
2    9.250    2.500 0 0   0
2    9.625    2.500 0 0   0
2   10.000    2.500 0 0   0
2   10.375    2.500 0 0   0
2   10.750    2.500 0 0   0
2   11.125    2.500 0 0   0
2   11.500    2.500 0 0   0
2   11.875    2.500 0 0   0
2   12.250    2.500 0 0   0
2   12.625    2.500 0 0   0
2   13.000    2.500 0 0   0
2   13.375    2.500 0 0   0
2   13.750    2.500 0 0   0
2   14.125    2.500 0 0   0
2   14.500    2.500 0 0   0
2   14.875    2.500 0 0   0
2   15.250    2.500 0 0   0
2   15.625    2.500 0 0   0
2   16.000    2.500 0 0   0
2   16.375    2.500 0 0   0
2   16.750    2.500 0 0   0
2   17.125    2.500 0 0   0
2   17.500    2.500 0 0   0
3   17.500    2.500 0 0   0
2   17.500    2.875 0 0   0
2   17.500    3.250 0 0   0
2   17.500    3.625 0 0   0
2   17.500    4.000 0 0   0
2   17.500    4.375 0 0   0
2   17.500    4.750 0 0   0
2   17.500    5.125 0 0   0
2   17.500    5.500 0 0   0
2   17.500    5.875 0 0   0
2   17.500    6.250 0 0   0
2   17.500    6.625 0 0   0
2   17.500    7.000 0 0   0
2   17.500    7.375 0 0   0
2   17.500    7.750 0 0   0
2   17.500    8.125 0 0   0
2   17.500    8.500 0 0   0
2   17.500    8.875 0 0   0
2   17.500    9.250 0 0   0
2   17.500    9.625 0 0   0
2   17.500   10.000 0 0   0
2   17.500   10.375 0 0   0
2   17.500   10.750 0 0   0
2   17.500   11.125 0 0   0
2   17.500   11.500 0 0   0
2   17.500   11.875 0 0   0
2   17.500   12.250 0 0   0
2   17.500   12.625 0 0   0
2   17.500   13.000 0 0   0
2   17.500   13.375 0 0   0
2   17.500   13.750 0 0   0
2   17.500   14.125 0 0   0
2   17.500   14.500 0 0   0
2   17.500   14.875 0 0   0
2   17.500   15.250 0 0   0
2   17.500   15.625 0 0   0
2   17.500   16.000 0 0   0
2   17.500   16.375 0 0   0
2   17.500   16.750 0 0   0
2   17.500   17.125 0 0   0
2   17.500   17.500 0 0   0
3   17.500   17.500 0 0   0
2   17.125   17.500 0 0   0
2   16.750   17.500 0 0   0
2   16.375   17.500 0 0   0
2   16.000   17.500 0 0   0
2   15.625   17.500 0 0   0
2   15.250   17.500 0 0   0
2   14.875   17.500 0 0   0
2   14.500   17.500 0 0   0
2   14.125   17.500 0 0   0
2   13.750   17.500 0 0   0
2   13.375   17.500 0 0   0
2   13.000   17.500 0 0   0
2   12.625   17.500 0 0   0
2   12.250   17.500 0 0   0
2   11.875   17.500 0 0   0
2   11.500   17.500 0 0   0
2   11.125   17.500 0 0   0
2   10.750   17.500 0 0   0
2   10.375   17.500 0 0   0
2   10.000   17.500 0 0   0
2    9.625   17.500 0 0   0
2    9.250   17.500 0 0   0
2    8.875   17.500 0 0   0
2    8.500   17.500 0 0   0
2    8.125   17.500 0 0   0
2    7.750   17.500 0 0   0
2    7.375   17.500 0 0   0
2    7.000   17.500 0 0   0
2    6.625   17.500 0 0   0
2    6.250   17.500 0 0   0
2    5.875   17.500 0 0   0
2    5.500   17.500 0 0   0
2    5.125   17.500 0 0   0
2    4.750   17.500 0 0   0
2    4.375   17.500 0 0   0
2    4.000   17.500 0 0   0
2    3.625   17.500 0 0   0
2    3.250   17.500 0 0   0
2    2.875   17.500 0 0   0
2    2.500   17.500 0 0   0
3    2.500   17.500 0 0   0
2    2.500   17.125 0 0   0
2    2.500   16.750 0 0   0
2    2.500   16.375 0 0   0
2    2.500   16.000 0 0   0
2    2.500   15.625 0 0   0
2    2.500   15.250 0 0   0
2    2.500   14.875 0 0   0
2    2.500   14.500 0 0   0
2    2.500   14.125 0 0   0
2    2.500   13.750 0 0   0
2    2.500   13.375 0 0   0
2    2.500   13.000 0 0   0
2    2.500   12.625 0 0   0
2    2.500   12.250 0 0   0
2    2.500   11.875 0 0   0
2    2.500   11.500 0 0   0
2    2.500   11.125 0 0   0
2    2.500   10.750 0 0   0
2    2.500   10.375 0 0   0
2    2.500   10.000 0 0   0
2    2.500    9.625 0 0   0
2    2.500    9.250 0 0   0
2    2.500    8.875 0 0   0
2    2.500    8.500 0 0   0
2    2.500    8.125 0 0   0
2    2.500    7.750 0 0   0
2    2.500    7.375 0 0   0
2    2.500    7.000 0 0   0
2    2.500    6.625 0 0   0
2    2.500    6.250 0 0   0
2    2.500    5.875 0 0   0
2    2.500    5.500 0 0   0
2    2.500    5.125 0 0   0
2    2.500    4.750 0 0   0
2    2.500    4.375 0 0   0
2    2.500    4.000 0 0   0
2    2.500    3.625 0 0   0
2    2.500    3.250 0 0   0
2    2.500    2.875 0 0   0
2    2.500    2.500 0 0   0
6   20.000    1.000    0.000    0.250  18
scalex:     15.000
6   20.000    1.500    0.000    0.250  18
scaley:     15.000
6   18.300    8.800    0.000    0.150   6
LEVELS
6   18.000    2.700    0.000    0.250  14
 1      -8.062
6   18.000    3.200    0.000    0.250  14
 2      -7.247
6   18.000    3.700    0.000    0.250  14
 3      -6.432
6   18.000    4.200    0.000    0.250  14
 4      -5.617
6   18.000    4.700    0.000    0.250  14
 5      -4.802
6   18.000    5.200    0.000    0.250  14
 6      -3.987
6   18.000    5.700    0.000    0.250  14
 7      -3.172
6   18.000    6.200    0.000    0.250  14
 8      -2.358
6   18.000    6.700    0.000    0.250  14
 9      -1.543
6   18.000    7.200    0.000    0.250  14
10      -0.728
6   18.000    7.700    0.000    0.250  14
11       0.087
6    1.000    0.250    0.000    0.300   7
STREAM:
5    0.000    0.000 0 0   0
