1    1.000   18.000 0 0   0
6    3.500    0.750    0.000    0.250  80
x                                                                               
3   23.750    0.875 0 0   0
2   24.500    0.875 0 0   0
2   24.250    1.000 0 0   0
2   24.250    0.750 0 0   0
2   24.500    0.875 0 0   0
6    0.875    3.500   90.000    0.250  80
y                                                                               
3    0.750   23.750 0 0   0
2    0.750   24.500 0 0   0
2    0.625   24.250 0 0   0
2    0.875   24.250 0 0   0
2    0.750   24.500 0 0   0
3    2.500   12.500 0 0   0
2    2.500   12.500 0 0   0
2    2.500   12.500 0 0   0
2    2.750   12.500 0 0   0
2    2.750   12.500 0 0   0
2    3.000   12.500 0 0   0
2    3.000   12.500 0 0   0
2    3.250   12.500 0 0   0
2    3.250   12.500 0 0   0
2    3.500   12.500 0 0   0
2    3.500   12.500 0 0   0
2    3.750   12.500 0 0   0
2    3.750   12.500 0 0   0
2    4.000   12.500 0 0   0
2    4.000   12.500 0 0   0
2    4.250   12.500 0 0   0
2    4.250   12.500 0 0   0
2    4.500   12.500 0 0   0
2    4.500   12.500 0 0   0
2    4.750   12.500 0 0   0
2    4.750   12.500 0 0   0
2    5.000   12.500 0 0   0
2    5.000   12.500 0 0   0
2    5.250   12.500 0 0   0
2    5.250   12.500 0 0   0
2    5.500   12.500 0 0   0
2    5.500   12.500 0 0   0
2    5.750   12.500 0 0   0
2    5.750   12.500 0 0   0
2    6.000   12.500 0 0   0
2    6.000   12.500 0 0   0
2    6.250   12.500 0 0   0
2    6.250   12.500 0 0   0
2    6.500   12.500 0 0   0
2    6.500   12.500 0 0   0
2    6.750   12.500 0 0   0
2    6.750   12.500 0 0   0
2    7.000   12.500 0 0   0
2    7.000   12.500 0 0   0
2    7.250   12.500 0 0   0
2    7.250   12.500 0 0   0
6    7.338   12.465    0.000    0.150   1
1
3    7.250   12.500 0 0   0
2    7.500   12.500 0 0   0
2    7.500   12.500 0 0   0
2    7.750   12.500 0 0   0
2    7.750   12.500 0 0   0
2    8.000   12.500 0 0   0
2    8.000   12.500 0 0   0
2    8.250   12.500 0 0   0
2    8.250   12.500 0 0   0
2    8.500   12.500 0 0   0
2    8.500   12.500 0 0   0
2    8.750   12.500 0 0   0
2    8.750   12.500 0 0   0
2    9.000   12.500 0 0   0
2    9.000   12.500 0 0   0
2    9.250   12.500 0 0   0
2    9.250   12.500 0 0   0
2    9.500   12.500 0 0   0
2    9.500   12.500 0 0   0
2    9.750   12.500 0 0   0
2    9.750   12.500 0 0   0
2   10.000   12.500 0 0   0
2   10.000   12.500 0 0   0
2   10.250   12.500 0 0   0
2   10.250   12.500 0 0   0
2   10.500   12.500 0 0   0
2   10.500   12.500 0 0   0
2   10.750   12.500 0 0   0
2   10.750   12.500 0 0   0
2   11.000   12.500 0 0   0
2   11.000   12.500 0 0   0
2   11.250   12.500 0 0   0
2   11.250   12.500 0 0   0
2   11.500   12.500 0 0   0
2   11.500   12.500 0 0   0
2   11.750   12.500 0 0   0
2   11.750   12.500 0 0   0
2   12.000   12.500 0 0   0
2   12.000   12.500 0 0   0
2   12.250   12.500 0 0   0
2   12.250   12.500 0 0   0
2   12.500   12.500 0 0   0
3   12.500   11.064 0 0   0
2   12.500   11.064 0 0   0
2   12.435   11.065 0 0   0
2   12.250   11.067 0 0   0
2   12.182   11.068 0 0   0
2   12.000   11.072 0 0   0
2   11.926   11.074 0 0   0
2   11.750   11.081 0 0   0
2   11.665   11.085 0 0   0
2   11.500   11.094 0 0   0
2   11.401   11.100 0 0   0
2   11.250   11.109 0 0   0
2   11.133   11.118 0 0   0
2   11.000   11.128 0 0   0
2   10.861   11.139 0 0   0
2   10.750   11.149 0 0   0
2   10.586   11.164 0 0   0
2   10.500   11.172 0 0   0
2   10.309   11.191 0 0   0
2   10.250   11.197 0 0   0
2   10.029   11.221 0 0   0
2   10.000   11.224 0 0   0
2    9.767   11.250 0 0   0
2    9.750   11.252 0 0   0
2    9.748   11.252 0 0   0
2    9.500   11.280 0 0   0
2    9.466   11.284 0 0   0
2    9.250   11.309 0 0   0
2    9.184   11.316 0 0   0
2    9.000   11.337 0 0   0
2    8.902   11.349 0 0   0
2    8.750   11.366 0 0   0
2    8.620   11.381 0 0   0
2    8.500   11.394 0 0   0
2    8.339   11.412 0 0   0
2    8.250   11.422 0 0   0
2    8.058   11.443 0 0   0
2    8.000   11.449 0 0   0
2    7.778   11.472 0 0   0
2    7.750   11.475 0 0   0
2    7.500   11.500 0 0   0
6    7.466   11.465    0.000    0.150   1
2
3    7.500   11.500 0 0   0
2    7.500   11.500 0 0   0
2    7.500   11.500 0 0   0
2    7.250   11.523 0 0   0
2    7.225   11.526 0 0   0
2    7.000   11.546 0 0   0
2    6.950   11.550 0 0   0
2    6.750   11.567 0 0   0
2    6.678   11.573 0 0   0
2    6.500   11.587 0 0   0
2    6.407   11.594 0 0   0
2    6.250   11.605 0 0   0
2    6.137   11.613 0 0   0
2    6.000   11.623 0 0   0
2    5.869   11.631 0 0   0
2    5.750   11.639 0 0   0
2    5.603   11.648 0 0   0
2    5.500   11.654 0 0   0
2    5.338   11.663 0 0   0
2    5.250   11.667 0 0   0
2    5.074   11.676 0 0   0
2    5.000   11.680 0 0   0
2    4.812   11.688 0 0   0
2    4.750   11.691 0 0   0
2    4.552   11.699 0 0   0
2    4.500   11.701 0 0   0
2    4.292   11.708 0 0   0
2    4.250   11.709 0 0   0
2    4.034   11.716 0 0   0
2    4.000   11.717 0 0   0
2    3.778   11.722 0 0   0
2    3.750   11.723 0 0   0
2    3.522   11.728 0 0   0
2    3.500   11.728 0 0   0
2    3.268   11.732 0 0   0
2    3.250   11.732 0 0   0
2    3.015   11.735 0 0   0
2    3.000   11.735 0 0   0
2    2.763   11.737 0 0   0
2    2.750   11.737 0 0   0
2    2.513   11.737 0 0   0
2    2.500   11.737 0 0   0
3   12.500    9.737 0 0   0
2   12.500    9.737 0 0   0
2   12.260    9.740 0 0   0
2   12.250    9.740 0 0   0
2   12.001    9.749 0 0   0
2   12.000    9.749 0 0   0
2   11.978    9.750 0 0   0
2   11.750    9.763 0 0   0
2   11.736    9.765 0 0   0
2   11.500    9.784 0 0   0
2   11.463    9.787 0 0   0
2   11.250    9.809 0 0   0
2   11.183    9.817 0 0   0
2   11.000    9.840 0 0   0
2   10.897    9.854 0 0   0
2   10.750    9.875 0 0   0
2   10.604    9.897 0 0   0
2   10.500    9.913 0 0   0
2   10.305    9.946 0 0   0
2   10.250    9.955 0 0   0
2   10.000   10.000 0 0   0
2   10.000   10.000 0 0   0
2   10.000   10.000 0 0   0
2    9.750   10.048 0 0   0
2    9.691   10.059 0 0   0
2    9.500   10.097 0 0   0
2    9.379   10.122 0 0   0
2    9.250   10.148 0 0   0
2    9.064   10.186 0 0   0
2    9.000   10.200 0 0   0
2    8.758   10.250 0 0   0
2    8.750   10.252 0 0   0
2    8.748   10.252 0 0   0
2    8.500   10.303 0 0   0
2    8.434   10.316 0 0   0
2    8.250   10.354 0 0   0
2    8.121   10.380 0 0   0
2    8.000   10.404 0 0   0
2    7.809   10.441 0 0   0
2    7.750   10.453 0 0   0
2    7.500   10.500 0 0   0
6    7.470   10.464    0.000    0.150   1
3
3    7.500   10.500 0 0   0
2    7.500   10.500 0 0   0
2    7.500   10.500 0 0   0
2    7.250   10.545 0 0   0
2    7.196   10.554 0 0   0
2    7.000   10.588 0 0   0
2    6.896   10.605 0 0   0
2    6.750   10.629 0 0   0
2    6.598   10.652 0 0   0
2    6.500   10.667 0 0   0
2    6.304   10.696 0 0   0
2    6.250   10.704 0 0   0
2    6.013   10.737 0 0   0
2    6.000   10.738 0 0   0
2    5.911   10.750 0 0   0
2    5.750   10.770 0 0   0
2    5.728   10.773 0 0   0
2    5.500   10.799 0 0   0
2    5.446   10.805 0 0   0
2    5.250   10.825 0 0   0
2    5.167   10.834 0 0   0
2    5.000   10.849 0 0   0
2    4.891   10.859 0 0   0
2    4.750   10.871 0 0   0
2    4.619   10.882 0 0   0
2    4.500   10.891 0 0   0
2    4.349   10.901 0 0   0
2    4.250   10.908 0 0   0
2    4.082   10.918 0 0   0
2    4.000   10.923 0 0   0
2    3.818   10.932 0 0   0
2    3.750   10.935 0 0   0
2    3.557   10.943 0 0   0
2    3.500   10.946 0 0   0
2    3.298   10.952 0 0   0
2    3.250   10.954 0 0   0
2    3.042   10.958 0 0   0
2    3.000   10.959 0 0   0
2    2.788   10.962 0 0   0
2    2.750   10.963 0 0   0
2    2.536   10.964 0 0   0
2    2.500   10.964 0 0   0
3   12.500    8.555 0 0   0
2   12.500    8.555 0 0   0
2   12.444    8.556 0 0   0
2   12.250    8.559 0 0   0
2   12.190    8.561 0 0   0
2   12.000    8.569 0 0   0
2   11.927    8.573 0 0   0
2   11.750    8.585 0 0   0
2   11.658    8.592 0 0   0
2   11.500    8.607 0 0   0
2   11.380    8.620 0 0   0
2   11.250    8.636 0 0   0
2   11.094    8.656 0 0   0
2   11.000    8.670 0 0   0
2   10.800    8.701 0 0   0
2   10.750    8.709 0 0   0
2   10.516    8.750 0 0   0
2   10.500    8.753 0 0   0
2   10.496    8.754 0 0   0
2   10.250    8.803 0 0   0
2   10.183    8.817 0 0   0
2   10.000    8.857 0 0   0
2    9.862    8.888 0 0   0
2    9.750    8.914 0 0   0
2    9.534    8.966 0 0   0
2    9.500    8.974 0 0   0
2    9.398    9.000 0 0   0
2    9.250    9.037 0 0   0
2    9.200    9.050 0 0   0
2    9.000    9.103 0 0   0
2    8.861    9.139 0 0   0
2    8.750    9.169 0 0   0
2    8.520    9.231 0 0   0
2    8.500    9.236 0 0   0
2    8.448    9.250 0 0   0
2    8.250    9.303 0 0   0
2    8.178    9.322 0 0   0
2    8.000    9.369 0 0   0
2    7.838    9.412 0 0   0
2    7.750    9.435 0 0   0
2    7.500    9.500 0 0   0
6    7.472    9.464    0.000    0.150   1
4
3    7.500    9.500 0 0   0
2    7.500    9.500 0 0   0
2    7.500    9.500 0 0   0
2    7.250    9.562 0 0   0
2    7.168    9.582 0 0   0
2    7.000    9.622 0 0   0
2    6.841    9.659 0 0   0
2    6.750    9.680 0 0   0
2    6.518    9.732 0 0   0
2    6.500    9.736 0 0   0
2    6.433    9.750 0 0   0
2    6.250    9.788 0 0   0
2    6.203    9.797 0 0   0
2    6.000    9.836 0 0   0
2    5.895    9.856 0 0   0
2    5.750    9.882 0 0   0
2    5.591    9.909 0 0   0
2    5.500    9.924 0 0   0
2    5.293    9.957 0 0   0
2    5.250    9.964 0 0   0
2    5.000   10.000 0 0   0
2    5.000   10.000 0 0   0
2    5.000   10.000 0 0   0
2    4.750   10.032 0 0   0
2    4.714   10.036 0 0   0
2    4.500   10.060 0 0   0
2    4.433   10.067 0 0   0
2    4.250   10.085 0 0   0
2    4.156   10.094 0 0   0
2    4.000   10.107 0 0   0
2    3.884   10.116 0 0   0
2    3.750   10.126 0 0   0
2    3.616   10.134 0 0   0
2    3.500   10.141 0 0   0
2    3.352   10.148 0 0   0
2    3.250   10.153 0 0   0
2    3.092   10.158 0 0   0
2    3.000   10.161 0 0   0
2    2.835   10.165 0 0   0
2    2.750   10.166 0 0   0
2    2.582   10.168 0 0   0
2    2.500   10.168 0 0   0
3   12.500    7.500 0 0   0
2   12.500    7.500 0 0   0
2   12.500    7.500 0 0   0
2   12.250    7.503 0 0   0
2   12.247    7.503 0 0   0
2   12.000    7.513 0 0   0
2   11.987    7.513 0 0   0
2   11.750    7.528 0 0   0
2   11.719    7.531 0 0   0
2   11.500    7.550 0 0   0
2   11.444    7.556 0 0   0
2   11.250    7.578 0 0   0
2   11.161    7.589 0 0   0
2   11.000    7.611 0 0   0
2   10.870    7.630 0 0   0
2   10.750    7.650 0 0   0
2   10.569    7.681 0 0   0
2   10.500    7.693 0 0   0
2   10.260    7.740 0 0   0
2   10.250    7.742 0 0   0
2   10.212    7.750 0 0   0
2   10.000    7.797 0 0   0
2    9.940    7.810 0 0   0
2    9.750    7.856 0 0   0
2    9.610    7.890 0 0   0
2    9.500    7.918 0 0   0
2    9.272    7.978 0 0   0
2    9.250    7.984 0 0   0
2    9.191    8.000 0 0   0
2    9.000    8.053 0 0   0
2    8.926    8.074 0 0   0
2    8.750    8.125 0 0   0
2    8.573    8.177 0 0   0
2    8.500    8.199 0 0   0
2    8.328    8.250 0 0   0
2    8.250    8.273 0 0   0
2    8.217    8.284 0 0   0
2    8.000    8.349 0 0   0
2    7.858    8.392 0 0   0
2    7.750    8.425 0 0   0
2    7.500    8.500 0 0   0
6    7.474    8.463    0.000    0.150   1
5
3    7.500    8.500 0 0   0
2    7.500    8.500 0 0   0
2    7.500    8.500 0 0   0
2    7.250    8.574 0 0   0
2    7.146    8.604 0 0   0
2    7.000    8.646 0 0   0
2    6.797    8.703 0 0   0
2    6.750    8.716 0 0   0
2    6.627    8.750 0 0   0
2    6.500    8.784 0 0   0
2    6.454    8.796 0 0   0
2    6.250    8.848 0 0   0
2    6.120    8.880 0 0   0
2    6.000    8.909 0 0   0
2    5.792    8.958 0 0   0
2    5.750    8.967 0 0   0
2    5.602    9.000 0 0   0
2    5.500    9.022 0 0   0
2    5.473    9.027 0 0   0
2    5.250    9.071 0 0   0
2    5.163    9.087 0 0   0
2    5.000    9.117 0 0   0
2    4.860    9.141 0 0   0
2    4.750    9.158 0 0   0
2    4.563    9.187 0 0   0
2    4.500    9.196 0 0   0
2    4.274    9.226 0 0   0
2    4.250    9.229 0 0   0
2    4.074    9.250 0 0   0
2    4.000    9.258 0 0   0
2    3.991    9.259 0 0   0
2    3.750    9.282 0 0   0
2    3.715    9.285 0 0   0
2    3.500    9.302 0 0   0
2    3.444    9.306 0 0   0
2    3.250    9.317 0 0   0
2    3.179    9.321 0 0   0
2    3.000    9.328 0 0   0
2    2.919    9.331 0 0   0
2    2.750    9.335 0 0   0
2    2.664    9.336 0 0   0
2    2.500    9.337 0 0   0
3   12.500    6.545 0 0   0
2   12.500    6.545 0 0   0
2   12.454    6.546 0 0   0
2   12.250    6.548 0 0   0
2   12.201    6.549 0 0   0
2   12.000    6.556 0 0   0
2   11.941    6.559 0 0   0
2   11.750    6.570 0 0   0
2   11.675    6.575 0 0   0
2   11.500    6.589 0 0   0
2   11.402    6.598 0 0   0
2   11.250    6.613 0 0   0
2   11.122    6.628 0 0   0
2   11.000    6.643 0 0   0
2   10.835    6.665 0 0   0
2   10.750    6.677 0 0   0
2   10.541    6.709 0 0   0
2   10.500    6.716 0 0   0
2   10.306    6.750 0 0   0
2   10.250    6.760 0 0   0
2   10.237    6.763 0 0   0
2   10.000    6.810 0 0   0
2    9.923    6.826 0 0   0
2    9.750    6.865 0 0   0
2    9.601    6.899 0 0   0
2    9.500    6.923 0 0   0
2    9.271    6.979 0 0   0
2    9.250    6.985 0 0   0
2    9.191    7.000 0 0   0
2    9.000    7.051 0 0   0
2    8.930    7.070 0 0   0
2    8.750    7.121 0 0   0
2    8.581    7.169 0 0   0
2    8.500    7.193 0 0   0
2    8.307    7.250 0 0   0
2    8.250    7.267 0 0   0
2    8.225    7.275 0 0   0
2    8.000    7.344 0 0   0
2    7.864    7.386 0 0   0
2    7.750    7.422 0 0   0
2    7.500    7.500 0 0   0
6    7.474    7.463    0.000    0.150   1
6
3    7.500    7.500 0 0   0
2    7.500    7.500 0 0   0
2    7.500    7.500 0 0   0
2    7.250    7.578 0 0   0
2    7.136    7.614 0 0   0
2    7.000    7.656 0 0   0
2    6.775    7.725 0 0   0
2    6.750    7.733 0 0   0
2    6.693    7.750 0 0   0
2    6.500    7.807 0 0   0
2    6.419    7.831 0 0   0
2    6.250    7.879 0 0   0
2    6.070    7.930 0 0   0
2    6.000    7.949 0 0   0
2    5.809    8.000 0 0   0
2    5.750    8.015 0 0   0
2    5.729    8.021 0 0   0
2    5.500    8.077 0 0   0
2    5.399    8.101 0 0   0
2    5.250    8.135 0 0   0
2    5.077    8.174 0 0   0
2    5.000    8.190 0 0   0
2    4.763    8.237 0 0   0
2    4.750    8.240 0 0   0
2    4.694    8.250 0 0   0
2    4.500    8.284 0 0   0
2    4.459    8.291 0 0   0
2    4.250    8.323 0 0   0
2    4.165    8.335 0 0   0
2    4.000    8.357 0 0   0
2    3.878    8.372 0 0   0
2    3.750    8.387 0 0   0
2    3.598    8.402 0 0   0
2    3.500    8.411 0 0   0
2    3.325    8.425 0 0   0
2    3.250    8.430 0 0   0
2    3.059    8.441 0 0   0
2    3.000    8.444 0 0   0
2    2.799    8.451 0 0   0
2    2.750    8.452 0 0   0
2    2.546    8.454 0 0   0
2    2.500    8.455 0 0   0
3   12.500    5.663 0 0   0
2   12.500    5.663 0 0   0
2   12.336    5.664 0 0   0
2   12.250    5.665 0 0   0
2   12.081    5.669 0 0   0
2   12.000    5.672 0 0   0
2   11.821    5.679 0 0   0
2   11.750    5.683 0 0   0
2   11.556    5.694 0 0   0
2   11.500    5.698 0 0   0
2   11.285    5.715 0 0   0
2   11.250    5.718 0 0   0
2   11.009    5.741 0 0   0
2   11.000    5.742 0 0   0
2   10.926    5.750 0 0   0
2   10.750    5.771 0 0   0
2   10.726    5.774 0 0   0
2   10.500    5.804 0 0   0
2   10.437    5.813 0 0   0
2   10.250    5.842 0 0   0
2   10.140    5.859 0 0   0
2   10.000    5.883 0 0   0
2    9.837    5.913 0 0   0
2    9.750    5.929 0 0   0
2    9.527    5.973 0 0   0
2    9.500    5.978 0 0   0
2    9.398    6.000 0 0   0
2    9.250    6.033 0 0   0
2    9.208    6.042 0 0   0
2    9.000    6.091 0 0   0
2    8.880    6.120 0 0   0
2    8.750    6.152 0 0   0
2    8.546    6.204 0 0   0
2    8.500    6.216 0 0   0
2    8.373    6.250 0 0   0
2    8.250    6.284 0 0   0
2    8.203    6.297 0 0   0
2    8.000    6.354 0 0   0
2    7.854    6.396 0 0   0
2    7.750    6.426 0 0   0
2    7.500    6.500 0 0   0
6    7.474    6.463    0.000    0.150   1
7
3    7.500    6.500 0 0   0
2    7.500    6.500 0 0   0
2    7.500    6.500 0 0   0
2    7.250    6.575 0 0   0
2    7.142    6.608 0 0   0
2    7.000    6.651 0 0   0
2    6.783    6.716 0 0   0
2    6.750    6.727 0 0   0
2    6.672    6.750 0 0   0
2    6.500    6.801 0 0   0
2    6.427    6.823 0 0   0
2    6.250    6.875 0 0   0
2    6.074    6.926 0 0   0
2    6.000    6.947 0 0   0
2    5.809    7.000 0 0   0
2    5.750    7.016 0 0   0
2    5.728    7.022 0 0   0
2    5.500    7.082 0 0   0
2    5.390    7.110 0 0   0
2    5.250    7.144 0 0   0
2    5.060    7.190 0 0   0
2    5.000    7.203 0 0   0
2    4.788    7.250 0 0   0
2    4.750    7.258 0 0   0
2    4.740    7.260 0 0   0
2    4.500    7.307 0 0   0
2    4.431    7.319 0 0   0
2    4.250    7.350 0 0   0
2    4.130    7.370 0 0   0
2    4.000    7.389 0 0   0
2    3.839    7.411 0 0   0
2    3.750    7.422 0 0   0
2    3.556    7.444 0 0   0
2    3.500    7.450 0 0   0
2    3.281    7.469 0 0   0
2    3.250    7.472 0 0   0
2    3.013    7.487 0 0   0
2    3.000    7.487 0 0   0
2    2.753    7.497 0 0   0
2    2.750    7.497 0 0   0
2    2.500    7.500 0 0   0
2    2.500    7.500 0 0   0
3   12.500    4.832 0 0   0
2   12.500    4.832 0 0   0
2   12.418    4.832 0 0   0
2   12.250    4.834 0 0   0
2   12.165    4.835 0 0   0
2   12.000    4.839 0 0   0
2   11.908    4.842 0 0   0
2   11.750    4.847 0 0   0
2   11.648    4.852 0 0   0
2   11.500    4.859 0 0   0
2   11.384    4.866 0 0   0
2   11.250    4.874 0 0   0
2   11.116    4.884 0 0   0
2   11.000    4.893 0 0   0
2   10.844    4.906 0 0   0
2   10.750    4.915 0 0   0
2   10.567    4.933 0 0   0
2   10.500    4.940 0 0   0
2   10.286    4.964 0 0   0
2   10.250    4.968 0 0   0
2   10.000    5.000 0 0   0
2   10.000    5.000 0 0   0
2   10.000    5.000 0 0   0
2    9.750    5.036 0 0   0
2    9.707    5.043 0 0   0
2    9.500    5.076 0 0   0
2    9.409    5.091 0 0   0
2    9.250    5.118 0 0   0
2    9.105    5.144 0 0   0
2    9.000    5.164 0 0   0
2    8.797    5.203 0 0   0
2    8.750    5.212 0 0   0
2    8.567    5.250 0 0   0
2    8.500    5.264 0 0   0
2    8.482    5.268 0 0   0
2    8.250    5.320 0 0   0
2    8.159    5.341 0 0   0
2    8.000    5.378 0 0   0
2    7.832    5.418 0 0   0
2    7.750    5.438 0 0   0
2    7.500    5.500 0 0   0
6    7.472    5.464    0.000    0.150   1
8
3    7.500    5.500 0 0   0
2    7.500    5.500 0 0   0
2    7.500    5.500 0 0   0
2    7.250    5.565 0 0   0
2    7.162    5.588 0 0   0
2    7.000    5.631 0 0   0
2    6.822    5.678 0 0   0
2    6.750    5.697 0 0   0
2    6.552    5.750 0 0   0
2    6.500    5.764 0 0   0
2    6.480    5.769 0 0   0
2    6.250    5.831 0 0   0
2    6.139    5.861 0 0   0
2    6.000    5.897 0 0   0
2    5.800    5.950 0 0   0
2    5.750    5.963 0 0   0
2    5.602    6.000 0 0   0
2    5.500    6.026 0 0   0
2    5.466    6.034 0 0   0
2    5.250    6.086 0 0   0
2    5.138    6.112 0 0   0
2    5.000    6.143 0 0   0
2    4.817    6.183 0 0   0
2    4.750    6.197 0 0   0
2    4.504    6.246 0 0   0
2    4.500    6.247 0 0   0
2    4.484    6.250 0 0   0
2    4.250    6.291 0 0   0
2    4.200    6.299 0 0   0
2    4.000    6.330 0 0   0
2    3.906    6.344 0 0   0
2    3.750    6.364 0 0   0
2    3.620    6.380 0 0   0
2    3.500    6.393 0 0   0
2    3.342    6.408 0 0   0
2    3.250    6.415 0 0   0
2    3.073    6.427 0 0   0
2    3.000    6.431 0 0   0
2    2.810    6.439 0 0   0
2    2.750    6.441 0 0   0
2    2.556    6.444 0 0   0
2    2.500    6.445 0 0   0
3   12.500    4.036 0 0   0
2   12.500    4.036 0 0   0
2   12.464    4.036 0 0   0
2   12.250    4.037 0 0   0
2   12.212    4.038 0 0   0
2   12.000    4.041 0 0   0
2   11.958    4.042 0 0   0
2   11.750    4.046 0 0   0
2   11.702    4.048 0 0   0
2   11.500    4.054 0 0   0
2   11.443    4.057 0 0   0
2   11.250    4.065 0 0   0
2   11.182    4.068 0 0   0
2   11.000    4.077 0 0   0
2   10.918    4.082 0 0   0
2   10.750    4.092 0 0   0
2   10.651    4.099 0 0   0
2   10.500    4.109 0 0   0
2   10.381    4.118 0 0   0
2   10.250    4.129 0 0   0
2   10.109    4.141 0 0   0
2   10.000    4.151 0 0   0
2    9.833    4.166 0 0   0
2    9.750    4.175 0 0   0
2    9.554    4.195 0 0   0
2    9.500    4.201 0 0   0
2    9.272    4.227 0 0   0
2    9.250    4.230 0 0   0
2    9.089    4.250 0 0   0
2    9.000    4.262 0 0   0
2    8.987    4.263 0 0   0
2    8.750    4.296 0 0   0
2    8.696    4.304 0 0   0
2    8.500    4.333 0 0   0
2    8.402    4.348 0 0   0
2    8.250    4.371 0 0   0
2    8.104    4.395 0 0   0
2    8.000    4.412 0 0   0
2    7.804    4.446 0 0   0
2    7.750    4.455 0 0   0
2    7.500    4.500 0 0   0
6    7.470    4.464    0.000    0.150   1
9
3    7.500    4.500 0 0   0
2    7.500    4.500 0 0   0
2    7.500    4.500 0 0   0
2    7.250    4.547 0 0   0
2    7.191    4.559 0 0   0
2    7.000    4.596 0 0   0
2    6.879    4.620 0 0   0
2    6.750    4.646 0 0   0
2    6.566    4.684 0 0   0
2    6.500    4.697 0 0   0
2    6.252    4.748 0 0   0
2    6.250    4.748 0 0   0
2    6.242    4.750 0 0   0
2    6.000    4.800 0 0   0
2    5.936    4.814 0 0   0
2    5.750    4.852 0 0   0
2    5.621    4.878 0 0   0
2    5.500    4.903 0 0   0
2    5.309    4.941 0 0   0
2    5.250    4.952 0 0   0
2    5.000    5.000 0 0   0
2    5.000    5.000 0 0   0
2    5.000    5.000 0 0   0
2    4.750    5.045 0 0   0
2    4.695    5.054 0 0   0
2    4.500    5.087 0 0   0
2    4.396    5.103 0 0   0
2    4.250    5.125 0 0   0
2    4.103    5.146 0 0   0
2    4.000    5.160 0 0   0
2    3.817    5.183 0 0   0
2    3.750    5.191 0 0   0
2    3.537    5.213 0 0   0
2    3.500    5.216 0 0   0
2    3.264    5.235 0 0   0
2    3.250    5.237 0 0   0
2    3.022    5.250 0 0   0
2    3.000    5.251 0 0   0
2    2.999    5.251 0 0   0
2    2.750    5.260 0 0   0
2    2.740    5.260 0 0   0
2    2.500    5.263 0 0   0
3   12.500    3.263 0 0   0
2   12.500    3.263 0 0   0
2   12.487    3.263 0 0   0
2   12.250    3.263 0 0   0
2   12.237    3.263 0 0   0
2   12.000    3.265 0 0   0
2   11.985    3.265 0 0   0
2   11.750    3.268 0 0   0
2   11.732    3.268 0 0   0
2   11.500    3.272 0 0   0
2   11.478    3.272 0 0   0
2   11.250    3.277 0 0   0
2   11.222    3.278 0 0   0
2   11.000    3.283 0 0   0
2   10.966    3.284 0 0   0
2   10.750    3.291 0 0   0
2   10.708    3.292 0 0   0
2   10.500    3.299 0 0   0
2   10.448    3.301 0 0   0
2   10.250    3.309 0 0   0
2   10.188    3.312 0 0   0
2   10.000    3.320 0 0   0
2    9.926    3.324 0 0   0
2    9.750    3.333 0 0   0
2    9.662    3.337 0 0   0
2    9.500    3.346 0 0   0
2    9.397    3.352 0 0   0
2    9.250    3.361 0 0   0
2    9.131    3.369 0 0   0
2    9.000    3.377 0 0   0
2    8.863    3.387 0 0   0
2    8.750    3.395 0 0   0
2    8.593    3.406 0 0   0
2    8.500    3.413 0 0   0
2    8.322    3.427 0 0   0
2    8.250    3.433 0 0   0
2    8.050    3.450 0 0   0
2    8.000    3.454 0 0   0
2    7.775    3.474 0 0   0
2    7.750    3.477 0 0   0
2    7.500    3.500 0 0   0
6    7.391    3.465    0.000    0.150   2
10
3    7.500    3.500 0 0   0
2    7.500    3.500 0 0   0
2    7.500    3.500 0 0   0
2    7.250    3.525 0 0   0
2    7.222    3.528 0 0   0
2    7.000    3.551 0 0   0
2    6.942    3.557 0 0   0
2    6.750    3.578 0 0   0
2    6.661    3.588 0 0   0
2    6.500    3.606 0 0   0
2    6.380    3.619 0 0   0
2    6.250    3.634 0 0   0
2    6.098    3.651 0 0   0
2    6.000    3.663 0 0   0
2    5.816    3.684 0 0   0
2    5.750    3.691 0 0   0
2    5.534    3.716 0 0   0
2    5.500    3.720 0 0   0
2    5.252    3.748 0 0   0
2    5.250    3.748 0 0   0
2    5.233    3.750 0 0   0
2    5.000    3.776 0 0   0
2    4.971    3.779 0 0   0
2    4.750    3.803 0 0   0
2    4.691    3.809 0 0   0
2    4.500    3.828 0 0   0
2    4.414    3.836 0 0   0
2    4.250    3.851 0 0   0
2    4.139    3.861 0 0   0
2    4.000    3.872 0 0   0
2    3.867    3.882 0 0   0
2    3.750    3.891 0 0   0
2    3.599    3.900 0 0   0
2    3.500    3.906 0 0   0
2    3.335    3.915 0 0   0
2    3.250    3.919 0 0   0
2    3.074    3.926 0 0   0
2    3.000    3.928 0 0   0
2    2.818    3.932 0 0   0
2    2.750    3.933 0 0   0
2    2.565    3.935 0 0   0
2    2.500    3.936 0 0   0
3    2.500    2.500 0 0   0
2    2.500    2.500 0 0   0
2    2.750    2.500 0 0   0
2    2.750    2.500 0 0   0
2    3.000    2.500 0 0   0
2    3.000    2.500 0 0   0
2    3.250    2.500 0 0   0
2    3.250    2.500 0 0   0
2    3.500    2.500 0 0   0
2    3.500    2.500 0 0   0
2    3.750    2.500 0 0   0
2    3.750    2.500 0 0   0
2    4.000    2.500 0 0   0
2    4.000    2.500 0 0   0
2    4.250    2.500 0 0   0
2    4.250    2.500 0 0   0
2    4.500    2.500 0 0   0
2    4.500    2.500 0 0   0
2    4.750    2.500 0 0   0
2    4.750    2.500 0 0   0
2    5.000    2.500 0 0   0
2    5.000    2.500 0 0   0
2    5.250    2.500 0 0   0
2    5.250    2.500 0 0   0
2    5.500    2.500 0 0   0
2    5.500    2.500 0 0   0
2    5.750    2.500 0 0   0
2    5.750    2.500 0 0   0
2    6.000    2.500 0 0   0
2    6.000    2.500 0 0   0
2    6.250    2.500 0 0   0
2    6.250    2.500 0 0   0
2    6.500    2.500 0 0   0
2    6.500    2.500 0 0   0
2    6.750    2.500 0 0   0
2    6.750    2.500 0 0   0
2    7.000    2.500 0 0   0
2    7.000    2.500 0 0   0
2    7.250    2.500 0 0   0
2    7.250    2.500 0 0   0
2    7.500    2.500 0 0   0
6    7.387    2.465    0.000    0.150   2
11
3    7.500    2.500 0 0   0
2    7.500    2.500 0 0   0
2    7.750    2.500 0 0   0
2    7.750    2.500 0 0   0
2    8.000    2.500 0 0   0
2    8.000    2.500 0 0   0
2    8.250    2.500 0 0   0
2    8.250    2.500 0 0   0
2    8.500    2.500 0 0   0
2    8.500    2.500 0 0   0
2    8.750    2.500 0 0   0
2    8.750    2.500 0 0   0
2    9.000    2.500 0 0   0
2    9.000    2.500 0 0   0
2    9.250    2.500 0 0   0
2    9.250    2.500 0 0   0
2    9.500    2.500 0 0   0
2    9.500    2.500 0 0   0
2    9.750    2.500 0 0   0
2    9.750    2.500 0 0   0
2   10.000    2.500 0 0   0
2   10.000    2.500 0 0   0
2   10.250    2.500 0 0   0
2   10.250    2.500 0 0   0
2   10.500    2.500 0 0   0
2   10.500    2.500 0 0   0
2   10.750    2.500 0 0   0
2   10.750    2.500 0 0   0
2   11.000    2.500 0 0   0
2   11.000    2.500 0 0   0
2   11.250    2.500 0 0   0
2   11.250    2.500 0 0   0
2   11.500    2.500 0 0   0
2   11.500    2.500 0 0   0
2   11.750    2.500 0 0   0
2   11.750    2.500 0 0   0
2   12.000    2.500 0 0   0
2   12.000    2.500 0 0   0
2   12.250    2.500 0 0   0
2   12.250    2.500 0 0   0
2   12.500    2.500 0 0   0
2   12.500    2.500 0 0   0
3    2.500    2.500 0 0   0
2    2.750    2.500 0 0   0
2    3.000    2.500 0 0   0
2    3.250    2.500 0 0   0
2    3.500    2.500 0 0   0
2    3.750    2.500 0 0   0
2    4.000    2.500 0 0   0
2    4.250    2.500 0 0   0
2    4.500    2.500 0 0   0
2    4.750    2.500 0 0   0
2    5.000    2.500 0 0   0
2    5.250    2.500 0 0   0
2    5.500    2.500 0 0   0
2    5.750    2.500 0 0   0
2    6.000    2.500 0 0   0
2    6.250    2.500 0 0   0
2    6.500    2.500 0 0   0
2    6.750    2.500 0 0   0
2    7.000    2.500 0 0   0
2    7.250    2.500 0 0   0
2    7.500    2.500 0 0   0
2    7.750    2.500 0 0   0
2    8.000    2.500 0 0   0
2    8.250    2.500 0 0   0
2    8.500    2.500 0 0   0
2    8.750    2.500 0 0   0
2    9.000    2.500 0 0   0
2    9.250    2.500 0 0   0
2    9.500    2.500 0 0   0
2    9.750    2.500 0 0   0
2   10.000    2.500 0 0   0
2   10.250    2.500 0 0   0
2   10.500    2.500 0 0   0
2   10.750    2.500 0 0   0
2   11.000    2.500 0 0   0
2   11.250    2.500 0 0   0
2   11.500    2.500 0 0   0
2   11.750    2.500 0 0   0
2   12.000    2.500 0 0   0
2   12.250    2.500 0 0   0
2   12.500    2.500 0 0   0
3   12.500    2.500 0 0   0
2   12.500    2.750 0 0   0
2   12.500    3.000 0 0   0
2   12.500    3.250 0 0   0
2   12.500    3.500 0 0   0
2   12.500    3.750 0 0   0
2   12.500    4.000 0 0   0
2   12.500    4.250 0 0   0
2   12.500    4.500 0 0   0
2   12.500    4.750 0 0   0
2   12.500    5.000 0 0   0
2   12.500    5.250 0 0   0
2   12.500    5.500 0 0   0
2   12.500    5.750 0 0   0
2   12.500    6.000 0 0   0
2   12.500    6.250 0 0   0
2   12.500    6.500 0 0   0
2   12.500    6.750 0 0   0
2   12.500    7.000 0 0   0
2   12.500    7.250 0 0   0
2   12.500    7.500 0 0   0
2   12.500    7.750 0 0   0
2   12.500    8.000 0 0   0
2   12.500    8.250 0 0   0
2   12.500    8.500 0 0   0
2   12.500    8.750 0 0   0
2   12.500    9.000 0 0   0
2   12.500    9.250 0 0   0
2   12.500    9.500 0 0   0
2   12.500    9.750 0 0   0
2   12.500   10.000 0 0   0
2   12.500   10.250 0 0   0
2   12.500   10.500 0 0   0
2   12.500   10.750 0 0   0
2   12.500   11.000 0 0   0
2   12.500   11.250 0 0   0
2   12.500   11.500 0 0   0
2   12.500   11.750 0 0   0
2   12.500   12.000 0 0   0
2   12.500   12.250 0 0   0
2   12.500   12.500 0 0   0
3   12.500   12.500 0 0   0
2   12.250   12.500 0 0   0
2   12.000   12.500 0 0   0
2   11.750   12.500 0 0   0
2   11.500   12.500 0 0   0
2   11.250   12.500 0 0   0
2   11.000   12.500 0 0   0
2   10.750   12.500 0 0   0
2   10.500   12.500 0 0   0
2   10.250   12.500 0 0   0
2   10.000   12.500 0 0   0
2    9.750   12.500 0 0   0
2    9.500   12.500 0 0   0
2    9.250   12.500 0 0   0
2    9.000   12.500 0 0   0
2    8.750   12.500 0 0   0
2    8.500   12.500 0 0   0
2    8.250   12.500 0 0   0
2    8.000   12.500 0 0   0
2    7.750   12.500 0 0   0
2    7.500   12.500 0 0   0
2    7.250   12.500 0 0   0
2    7.000   12.500 0 0   0
2    6.750   12.500 0 0   0
2    6.500   12.500 0 0   0
2    6.250   12.500 0 0   0
2    6.000   12.500 0 0   0
2    5.750   12.500 0 0   0
2    5.500   12.500 0 0   0
2    5.250   12.500 0 0   0
2    5.000   12.500 0 0   0
2    4.750   12.500 0 0   0
2    4.500   12.500 0 0   0
2    4.250   12.500 0 0   0
2    4.000   12.500 0 0   0
2    3.750   12.500 0 0   0
2    3.500   12.500 0 0   0
2    3.250   12.500 0 0   0
2    3.000   12.500 0 0   0
2    2.750   12.500 0 0   0
2    2.500   12.500 0 0   0
3    2.500   12.500 0 0   0
2    2.500   12.250 0 0   0
2    2.500   12.000 0 0   0
2    2.500   11.750 0 0   0
2    2.500   11.500 0 0   0
2    2.500   11.250 0 0   0
2    2.500   11.000 0 0   0
2    2.500   10.750 0 0   0
2    2.500   10.500 0 0   0
2    2.500   10.250 0 0   0
2    2.500   10.000 0 0   0
2    2.500    9.750 0 0   0
2    2.500    9.500 0 0   0
2    2.500    9.250 0 0   0
2    2.500    9.000 0 0   0
2    2.500    8.750 0 0   0
2    2.500    8.500 0 0   0
2    2.500    8.250 0 0   0
2    2.500    8.000 0 0   0
2    2.500    7.750 0 0   0
2    2.500    7.500 0 0   0
2    2.500    7.250 0 0   0
2    2.500    7.000 0 0   0
2    2.500    6.750 0 0   0
2    2.500    6.500 0 0   0
2    2.500    6.250 0 0   0
2    2.500    6.000 0 0   0
2    2.500    5.750 0 0   0
2    2.500    5.500 0 0   0
2    2.500    5.250 0 0   0
2    2.500    5.000 0 0   0
2    2.500    4.750 0 0   0
2    2.500    4.500 0 0   0
2    2.500    4.250 0 0   0
2    2.500    4.000 0 0   0
2    2.500    3.750 0 0   0
2    2.500    3.500 0 0   0
2    2.500    3.250 0 0   0
2    2.500    3.000 0 0   0
2    2.500    2.750 0 0   0
2    2.500    2.500 0 0   0
5    0.000    0.000 0 0   0
