1    1.000   20.000 0 0   0
6    3.500    0.750    0.000    0.250  80
x                                                                               
3   23.750    0.875 0 0   0
2   24.500    0.875 0 0   0
2   24.250    1.000 0 0   0
2   24.250    0.750 0 0   0
2   24.500    0.875 0 0   0
6    0.875    3.500   90.000    0.250  80
y                                                                               
3    0.750   23.750 0 0   0
2    0.750   24.500 0 0   0
2    0.625   24.250 0 0   0
2    0.875   24.250 0 0   0
2    0.750   24.500 0 0   0
3    2.500   17.500 0 0   0
2    2.500   17.500 0 0   0
2    2.500   17.500 0 0   0
2    2.625   17.500 0 0   0
2    2.625   17.500 0 0   0
2    2.750   17.500 0 0   0
2    2.750   17.500 0 0   0
2    2.875   17.500 0 0   0
2    2.875   17.500 0 0   0
2    3.000   17.500 0 0   0
2    3.000   17.500 0 0   0
2    3.125   17.500 0 0   0
2    3.125   17.500 0 0   0
2    3.250   17.500 0 0   0
2    3.400   17.500 0 0   0
2    3.400   17.500 0 0   0
2    3.550   17.500 0 0   0
2    3.550   17.500 0 0   0
2    3.550   17.500 0 0   0
2    3.700   17.500 0 0   0
2    3.700   17.500 0 0   0
2    3.850   17.500 0 0   0
2    3.850   17.500 0 0   0
2    4.000   17.500 0 0   0
2    4.000   17.500 0 0   0
2    4.150   17.500 0 0   0
2    4.150   17.500 0 0   0
2    4.300   17.500 0 0   0
2    4.300   17.500 0 0   0
2    4.450   17.500 0 0   0
2    4.450   17.500 0 0   0
2    4.600   17.500 0 0   0
2    4.600   17.500 0 0   0
2    4.750   17.500 0 0   0
2    4.750   17.500 0 0   0
2    4.900   17.500 0 0   0
2    4.900   17.500 0 0   0
2    5.050   17.500 0 0   0
2    5.050   17.500 0 0   0
2    5.200   17.500 0 0   0
2    5.200   17.500 0 0   0
2    5.350   17.500 0 0   0
2    5.350   17.500 0 0   0
2    5.500   17.500 0 0   0
2    5.500   17.500 0 0   0
2    5.650   17.500 0 0   0
2    5.650   17.500 0 0   0
2    5.800   17.500 0 0   0
2    5.800   17.500 0 0   0
2    5.950   17.500 0 0   0
2    5.950   17.500 0 0   0
2    6.100   17.500 0 0   0
2    6.100   17.500 0 0   0
2    6.250   17.500 0 0   0
2    6.250   17.500 0 0   0
2    6.400   17.500 0 0   0
2    6.400   17.500 0 0   0
2    6.550   17.500 0 0   0
2    6.550   17.500 0 0   0
2    6.700   17.500 0 0   0
2    6.700   17.500 0 0   0
2    6.850   17.500 0 0   0
2    6.850   17.500 0 0   0
2    7.000   17.500 0 0   0
2    7.000   17.500 0 0   0
2    7.150   17.500 0 0   0
2    7.150   17.500 0 0   0
2    7.300   17.500 0 0   0
2    7.300   17.500 0 0   0
2    7.450   17.500 0 0   0
2    7.450   17.500 0 0   0
2    7.600   17.500 0 0   0
2    7.600   17.500 0 0   0
2    7.750   17.500 0 0   0
2    7.750   17.500 0 0   0
2    7.900   17.500 0 0   0
2    7.900   17.500 0 0   0
2    8.050   17.500 0 0   0
2    8.050   17.500 0 0   0
2    8.200   17.500 0 0   0
2    8.200   17.500 0 0   0
2    8.350   17.500 0 0   0
2    8.350   17.500 0 0   0
2    8.500   17.500 0 0   0
2    8.500   17.500 0 0   0
2    8.650   17.500 0 0   0
2    8.650   17.500 0 0   0
2    8.800   17.500 0 0   0
2    8.800   17.500 0 0   0
2    8.950   17.500 0 0   0
2    8.950   17.500 0 0   0
2    9.100   17.500 0 0   0
2    9.100   17.500 0 0   0
2    9.250   17.500 0 0   0
2    9.250   17.500 0 0   0
2    9.400   17.500 0 0   0
2    9.400   17.500 0 0   0
2    9.550   17.500 0 0   0
2    9.550   17.500 0 0   0
2    9.700   17.500 0 0   0
2    9.700   17.500 0 0   0
2    9.850   17.500 0 0   0
2    9.850   17.500 0 0   0
6    9.887   17.485    0.000    0.150   1
1
3    9.850   17.500 0 0   0
2   10.000   17.500 0 0   0
2   10.000   17.500 0 0   0
2   10.150   17.500 0 0   0
2   10.150   17.500 0 0   0
2   10.300   17.500 0 0   0
2   10.300   17.500 0 0   0
2   10.450   17.500 0 0   0
2   10.450   17.500 0 0   0
2   10.600   17.500 0 0   0
2   10.600   17.500 0 0   0
2   10.750   17.500 0 0   0
2   10.750   17.500 0 0   0
2   10.900   17.500 0 0   0
2   10.900   17.500 0 0   0
2   11.050   17.500 0 0   0
2   11.050   17.500 0 0   0
2   11.200   17.500 0 0   0
2   11.200   17.500 0 0   0
2   11.350   17.500 0 0   0
2   11.350   17.500 0 0   0
2   11.500   17.500 0 0   0
2   11.500   17.500 0 0   0
2   11.650   17.500 0 0   0
2   11.650   17.500 0 0   0
2   11.800   17.500 0 0   0
2   11.800   17.500 0 0   0
2   11.950   17.500 0 0   0
2   11.950   17.500 0 0   0
2   12.100   17.500 0 0   0
2   12.100   17.500 0 0   0
2   12.250   17.500 0 0   0
2   12.250   17.500 0 0   0
2   12.400   17.500 0 0   0
2   12.400   17.500 0 0   0
2   12.550   17.500 0 0   0
2   12.550   17.500 0 0   0
2   12.700   17.500 0 0   0
2   12.700   17.500 0 0   0
2   12.850   17.500 0 0   0
2   12.850   17.500 0 0   0
2   13.000   17.500 0 0   0
2   13.000   17.500 0 0   0
2   13.150   17.500 0 0   0
2   13.150   17.500 0 0   0
2   13.300   17.500 0 0   0
2   13.300   17.500 0 0   0
2   13.450   17.500 0 0   0
2   13.450   17.500 0 0   0
2   13.600   17.500 0 0   0
2   13.600   17.500 0 0   0
2   13.750   17.500 0 0   0
2   13.750   17.500 0 0   0
2   13.900   17.500 0 0   0
2   13.900   17.500 0 0   0
2   14.050   17.500 0 0   0
2   14.050   17.500 0 0   0
2   14.200   17.500 0 0   0
2   14.200   17.500 0 0   0
2   14.350   17.500 0 0   0
2   14.350   17.500 0 0   0
2   14.500   17.500 0 0   0
2   14.500   17.500 0 0   0
2   14.650   17.500 0 0   0
2   14.650   17.500 0 0   0
2   14.800   17.500 0 0   0
2   14.800   17.500 0 0   0
2   14.950   17.500 0 0   0
2   14.950   17.500 0 0   0
2   15.100   17.500 0 0   0
2   15.100   17.500 0 0   0
2   15.250   17.500 0 0   0
2   15.250   17.500 0 0   0
2   15.400   17.500 0 0   0
2   15.400   17.500 0 0   0
2   15.550   17.500 0 0   0
2   15.550   17.500 0 0   0
2   15.700   17.500 0 0   0
2   15.700   17.500 0 0   0
2   15.850   17.500 0 0   0
2   15.850   17.500 0 0   0
2   16.000   17.500 0 0   0
2   16.000   17.500 0 0   0
2   16.150   17.500 0 0   0
2   16.150   17.500 0 0   0
2   16.300   17.500 0 0   0
2   16.300   17.500 0 0   0
2   16.450   17.500 0 0   0
2   16.450   17.500 0 0   0
2   16.450   17.500 0 0   0
2   16.600   17.500 0 0   0
2   16.600   17.500 0 0   0
2   16.750   17.500 0 0   0
2   16.750   17.500 0 0   0
2   16.875   17.500 0 0   0
2   16.875   17.500 0 0   0
2   17.000   17.500 0 0   0
2   17.000   17.500 0 0   0
2   17.125   17.500 0 0   0
2   17.125   17.500 0 0   0
2   17.250   17.500 0 0   0
2   17.250   17.500 0 0   0
2   17.375   17.500 0 0   0
2   17.375   17.500 0 0   0
2   17.500   17.500 0 0   0
3    2.500   16.000 0 0   0
2    2.500   16.000 0 0   0
2    2.544   16.000 0 0   0
2    2.647   16.000 0 0   0
2    2.669   16.000 0 0   0
2    2.842   16.000 0 0   0
2    2.886   16.000 0 0   0
2    2.990   16.000 0 0   0
2    3.050   16.000 0 0   0
2    3.150   16.000 0 0   0
2    3.199   16.000 0 0   0
2    3.292   16.000 0 0   0
2    3.349   16.000 0 0   0
2    3.430   16.000 0 0   0
2    3.496   16.000 0 0   0
2    3.569   16.000 0 0   0
2    3.645   16.000 0 0   0
2    3.705   16.000 0 0   0
2    3.798   16.000 0 0   0
2    3.844   16.000 0 0   0
2    3.951   16.000 0 0   0
2    3.982   16.000 0 0   0
2    4.108   16.000 0 0   0
2    4.125   16.000 0 0   0
2    4.266   16.000 0 0   0
2    4.268   16.000 0 0   0
2    4.286   16.000 0 0   0
2    4.415   16.000 0 0   0
2    4.426   16.000 0 0   0
2    4.562   16.000 0 0   0
2    4.585   16.000 0 0   0
2    4.713   16.000 0 0   0
2    4.744   16.000 0 0   0
2    4.865   16.000 0 0   0
2    4.901   16.000 0 0   0
2    5.018   16.000 0 0   0
2    5.056   16.000 0 0   0
2    5.171   16.000 0 0   0
2    5.210   16.000 0 0   0
2    5.324   16.000 0 0   0
2    5.363   16.000 0 0   0
2    5.477   16.000 0 0   0
2    5.515   16.000 0 0   0
2    5.629   16.000 0 0   0
2    5.666   16.000 0 0   0
2    5.780   16.000 0 0   0
2    5.817   16.000 0 0   0
2    5.931   16.000 0 0   0
2    5.967   16.000 0 0   0
2    6.082   16.000 0 0   0
2    6.117   16.000 0 0   0
2    6.233   16.000 0 0   0
2    6.267   16.000 0 0   0
2    6.383   16.000 0 0   0
2    6.417   16.000 0 0   0
2    6.533   16.000 0 0   0
2    6.567   16.000 0 0   0
2    6.684   16.000 0 0   0
2    6.717   16.000 0 0   0
2    6.834   16.000 0 0   0
2    6.866   16.000 0 0   0
2    6.984   16.000 0 0   0
2    7.016   16.000 0 0   0
2    7.134   16.000 0 0   0
2    7.166   16.000 0 0   0
2    7.284   16.000 0 0   0
2    7.316   16.000 0 0   0
2    7.434   16.000 0 0   0
2    7.466   16.000 0 0   0
2    7.584   16.000 0 0   0
2    7.616   16.000 0 0   0
2    7.734   16.000 0 0   0
2    7.766   16.000 0 0   0
2    7.884   16.000 0 0   0
2    7.916   16.000 0 0   0
2    8.034   16.000 0 0   0
2    8.066   16.000 0 0   0
2    8.184   16.000 0 0   0
2    8.216   16.000 0 0   0
2    8.334   16.000 0 0   0
2    8.366   16.000 0 0   0
2    8.484   16.000 0 0   0
2    8.516   16.000 0 0   0
2    8.634   16.000 0 0   0
2    8.666   16.000 0 0   0
2    8.784   16.000 0 0   0
2    8.816   16.000 0 0   0
2    8.934   16.000 0 0   0
2    8.966   16.000 0 0   0
2    9.084   16.000 0 0   0
2    9.116   16.000 0 0   0
2    9.234   16.000 0 0   0
2    9.266   16.000 0 0   0
2    9.384   16.000 0 0   0
2    9.416   16.000 0 0   0
2    9.534   16.000 0 0   0
2    9.566   16.000 0 0   0
2    9.684   16.000 0 0   0
2    9.716   16.000 0 0   0
2    9.834   16.000 0 0   0
2    9.866   16.000 0 0   0
2    9.984   16.000 0 0   0
2   10.016   16.000 0 0   0
6   10.038   15.985    0.000    0.150   1
2
3   10.016   16.000 0 0   0
2   10.134   16.000 0 0   0
2   10.166   16.000 0 0   0
2   10.284   16.000 0 0   0
2   10.316   16.000 0 0   0
2   10.434   16.000 0 0   0
2   10.466   16.000 0 0   0
2   10.584   16.000 0 0   0
2   10.616   16.000 0 0   0
2   10.734   16.000 0 0   0
2   10.766   16.000 0 0   0
2   10.884   16.000 0 0   0
2   10.916   16.000 0 0   0
2   11.034   16.000 0 0   0
2   11.066   16.000 0 0   0
2   11.184   16.000 0 0   0
2   11.216   16.000 0 0   0
2   11.334   16.000 0 0   0
2   11.366   16.000 0 0   0
2   11.484   16.000 0 0   0
2   11.516   16.000 0 0   0
2   11.634   16.000 0 0   0
2   11.666   16.000 0 0   0
2   11.784   16.000 0 0   0
2   11.816   16.000 0 0   0
2   11.934   16.000 0 0   0
2   11.966   16.000 0 0   0
2   12.084   16.000 0 0   0
2   12.116   16.000 0 0   0
2   12.234   16.000 0 0   0
2   12.266   16.000 0 0   0
2   12.384   16.000 0 0   0
2   12.416   16.000 0 0   0
2   12.534   16.000 0 0   0
2   12.566   16.000 0 0   0
2   12.684   16.000 0 0   0
2   12.716   16.000 0 0   0
2   12.834   16.000 0 0   0
2   12.867   16.000 0 0   0
2   12.984   16.000 0 0   0
2   13.017   16.000 0 0   0
2   13.133   16.000 0 0   0
2   13.167   16.000 0 0   0
2   13.283   16.000 0 0   0
2   13.317   16.000 0 0   0
2   13.433   16.000 0 0   0
2   13.467   16.000 0 0   0
2   13.582   16.000 0 0   0
2   13.618   16.000 0 0   0
2   13.732   16.000 0 0   0
2   13.768   16.000 0 0   0
2   13.881   16.000 0 0   0
2   13.919   16.000 0 0   0
2   14.030   16.000 0 0   0
2   14.069   16.000 0 0   0
2   14.180   16.000 0 0   0
2   14.220   16.000 0 0   0
2   14.329   16.000 0 0   0
2   14.372   16.000 0 0   0
2   14.479   16.000 0 0   0
2   14.523   16.000 0 0   0
2   14.630   16.000 0 0   0
2   14.676   16.000 0 0   0
2   14.780   16.000 0 0   0
2   14.829   16.000 0 0   0
2   14.933   16.000 0 0   0
2   14.985   16.000 0 0   0
2   15.087   16.000 0 0   0
2   15.140   16.000 0 0   0
2   15.244   16.000 0 0   0
2   15.299   16.000 0 0   0
2   15.403   16.000 0 0   0
2   15.456   16.000 0 0   0
2   15.566   16.000 0 0   0
2   15.608   16.000 0 0   0
2   15.732   16.000 0 0   0
2   15.760   16.000 0 0   0
2   15.896   16.000 0 0   0
2   15.901   16.000 0 0   0
2   15.925   16.000 0 0   0
2   16.043   16.000 0 0   0
2   16.063   16.000 0 0   0
2   16.176   16.000 0 0   0
2   16.219   16.000 0 0   0
2   16.310   16.000 0 0   0
2   16.373   16.000 0 0   0
2   16.436   16.000 0 0   0
2   16.521   16.000 0 0   0
2   16.566   16.000 0 0   0
2   16.663   16.000 0 0   0
2   16.689   16.000 0 0   0
2   16.806   16.000 0 0   0
2   16.819   16.000 0 0   0
2   16.944   16.000 0 0   0
2   16.962   16.000 0 0   0
2   17.094   16.000 0 0   0
2   17.094   16.000 0 0   0
2   17.095   16.000 0 0   0
2   17.205   16.000 0 0   0
2   17.252   16.000 0 0   0
2   17.346   16.000 0 0   0
2   17.396   16.000 0 0   0
2   17.492   16.000 0 0   0
2   17.500   16.000 0 0   0
3    2.500   14.500 0 0   0
2    2.500   14.500 0 0   0
2    2.537   14.500 0 0   0
2    2.618   14.500 0 0   0
2    2.702   14.500 0 0   0
2    2.736   14.500 0 0   0
2    2.774   14.500 0 0   0
2    2.852   14.500 0 0   0
2    2.927   14.500 0 0   0
2    2.966   14.500 0 0   0
2    3.013   14.500 0 0   0
2    3.078   14.500 0 0   0
2    3.122   14.500 0 0   0
2    3.192   14.500 0 0   0
2    3.307   14.500 0 0   0
2    3.308   14.500 0 0   0
2    3.309   14.500 0 0   0
2    3.420   14.500 0 0   0
2    3.481   14.500 0 0   0
2    3.537   14.500 0 0   0
2    3.648   14.500 0 0   0
2    3.651   14.500 0 0   0
2    3.655   14.500 0 0   0
2    3.735   14.500 0 0   0
2    3.811   14.500 0 0   0
2    3.821   14.500 0 0   0
2    3.910   14.500 0 0   0
2    3.922   14.500 0 0   0
2    4.005   14.500 0 0   0
2    4.027   14.500 0 0   0
2    4.121   14.500 0 0   0
2    4.154   14.500 0 0   0
2    4.234   14.500 0 0   0
2    4.283   14.500 0 0   0
2    4.360   14.500 0 0   0
2    4.424   14.500 0 0   0
2    4.485   14.500 0 0   0
2    4.565   14.500 0 0   0
2    4.617   14.500 0 0   0
2    4.713   14.500 0 0   0
2    4.750   14.500 0 0   0
2    4.859   14.500 0 0   0
2    4.885   14.500 0 0   0
2    5.009   14.500 0 0   0
2    5.023   14.500 0 0   0
2    5.157   14.500 0 0   0
2    5.162   14.500 0 0   0
2    5.237   14.500 0 0   0
2    5.303   14.500 0 0   0
2    5.307   14.500 0 0   0
2    5.444   14.500 0 0   0
2    5.456   14.500 0 0   0
2    5.587   14.500 0 0   0
2    5.606   14.500 0 0   0
2    5.729   14.500 0 0   0
2    5.754   14.500 0 0   0
2    5.874   14.500 0 0   0
2    5.904   14.500 0 0   0
2    6.019   14.500 0 0   0
2    6.054   14.500 0 0   0
2    6.165   14.500 0 0   0
2    6.204   14.500 0 0   0
2    6.311   14.500 0 0   0
2    6.353   14.500 0 0   0
2    6.458   14.500 0 0   0
2    6.503   14.500 0 0   0
2    6.605   14.500 0 0   0
2    6.653   14.500 0 0   0
2    6.753   14.500 0 0   0
2    6.803   14.500 0 0   0
2    6.902   14.500 0 0   0
2    6.952   14.500 0 0   0
2    7.051   14.500 0 0   0
2    7.102   14.500 0 0   0
2    7.200   14.500 0 0   0
2    7.252   14.500 0 0   0
2    7.349   14.500 0 0   0
2    7.402   14.500 0 0   0
2    7.499   14.500 0 0   0
2    7.552   14.500 0 0   0
2    7.648   14.500 0 0   0
2    7.702   14.500 0 0   0
2    7.798   14.500 0 0   0
2    7.852   14.500 0 0   0
2    7.948   14.500 0 0   0
2    8.003   14.500 0 0   0
2    8.098   14.500 0 0   0
2    8.153   14.500 0 0   0
2    8.248   14.500 0 0   0
2    8.303   14.500 0 0   0
2    8.398   14.500 0 0   0
2    8.453   14.500 0 0   0
2    8.547   14.500 0 0   0
2    8.603   14.500 0 0   0
2    8.697   14.500 0 0   0
2    8.753   14.500 0 0   0
2    8.847   14.500 0 0   0
2    8.903   14.500 0 0   0
2    8.997   14.500 0 0   0
2    9.053   14.500 0 0   0
2    9.147   14.500 0 0   0
2    9.203   14.500 0 0   0
2    9.297   14.500 0 0   0
2    9.353   14.500 0 0   0
2    9.447   14.500 0 0   0
2    9.503   14.500 0 0   0
2    9.597   14.500 0 0   0
2    9.653   14.500 0 0   0
2    9.747   14.500 0 0   0
2    9.803   14.500 0 0   0
6    9.813   14.485    0.000    0.150   1
3
3    9.803   14.500 0 0   0
2    9.897   14.500 0 0   0
2    9.953   14.500 0 0   0
2   10.047   14.500 0 0   0
2   10.103   14.500 0 0   0
2   10.197   14.500 0 0   0
2   10.253   14.500 0 0   0
2   10.347   14.500 0 0   0
2   10.403   14.500 0 0   0
2   10.497   14.500 0 0   0
2   10.553   14.500 0 0   0
2   10.647   14.500 0 0   0
2   10.703   14.500 0 0   0
2   10.798   14.500 0 0   0
2   10.853   14.500 0 0   0
2   10.948   14.500 0 0   0
2   11.003   14.500 0 0   0
2   11.098   14.500 0 0   0
2   11.153   14.500 0 0   0
2   11.248   14.500 0 0   0
2   11.303   14.500 0 0   0
2   11.398   14.500 0 0   0
2   11.453   14.500 0 0   0
2   11.548   14.500 0 0   0
2   11.603   14.500 0 0   0
2   11.698   14.500 0 0   0
2   11.753   14.500 0 0   0
2   11.848   14.500 0 0   0
2   11.903   14.500 0 0   0
2   11.999   14.500 0 0   0
2   12.053   14.500 0 0   0
2   12.149   14.500 0 0   0
2   12.204   14.500 0 0   0
2   12.299   14.500 0 0   0
2   12.354   14.500 0 0   0
2   12.449   14.500 0 0   0
2   12.504   14.500 0 0   0
2   12.600   14.500 0 0   0
2   12.654   14.500 0 0   0
2   12.750   14.500 0 0   0
2   12.803   14.500 0 0   0
2   12.900   14.500 0 0   0
2   12.953   14.500 0 0   0
2   13.051   14.500 0 0   0
2   13.103   14.500 0 0   0
2   13.201   14.500 0 0   0
2   13.252   14.500 0 0   0
2   13.351   14.500 0 0   0
2   13.401   14.500 0 0   0
2   13.501   14.500 0 0   0
2   13.550   14.500 0 0   0
2   13.650   14.500 0 0   0
2   13.699   14.500 0 0   0
2   13.800   14.500 0 0   0
2   13.847   14.500 0 0   0
2   13.949   14.500 0 0   0
2   13.995   14.500 0 0   0
2   14.097   14.500 0 0   0
2   14.142   14.500 0 0   0
2   14.245   14.500 0 0   0
2   14.289   14.500 0 0   0
2   14.392   14.500 0 0   0
2   14.435   14.500 0 0   0
2   14.539   14.500 0 0   0
2   14.580   14.500 0 0   0
2   14.685   14.500 0 0   0
2   14.725   14.500 0 0   0
2   14.831   14.500 0 0   0
2   14.868   14.500 0 0   0
2   14.974   14.500 0 0   0
2   15.011   14.500 0 0   0
2   15.118   14.500 0 0   0
2   15.151   14.500 0 0   0
2   15.258   14.500 0 0   0
2   15.290   14.500 0 0   0
2   15.399   14.500 0 0   0
2   15.426   14.500 0 0   0
2   15.535   14.500 0 0   0
2   15.561   14.500 0 0   0
2   15.674   14.500 0 0   0
2   15.693   14.500 0 0   0
2   15.808   14.500 0 0   0
2   15.821   14.500 0 0   0
2   15.948   14.500 0 0   0
2   15.951   14.500 0 0   0
2   15.963   14.500 0 0   0
2   16.081   14.500 0 0   0
2   16.103   14.500 0 0   0
2   16.216   14.500 0 0   0
2   16.236   14.500 0 0   0
2   16.329   14.500 0 0   0
2   16.372   14.500 0 0   0
2   16.385   14.500 0 0   0
2   16.497   14.500 0 0   0
2   16.541   14.500 0 0   0
2   16.622   14.500 0 0   0
2   16.699   14.500 0 0   0
2   16.754   14.500 0 0   0
2   16.835   14.500 0 0   0
2   16.861   14.500 0 0   0
2   16.950   14.500 0 0   0
2   16.994   14.500 0 0   0
2   17.052   14.500 0 0   0
2   17.101   14.500 0 0   0
2   17.144   14.500 0 0   0
2   17.205   14.500 0 0   0
2   17.235   14.500 0 0   0
2   17.253   14.500 0 0   0
2   17.362   14.500 0 0   0
2   17.407   14.500 0 0   0
2   17.481   14.500 0 0   0
2   17.500   14.500 0 0   0
3    2.500   13.000 0 0   0
2    2.500   13.000 0 0   0
2    2.556   13.000 0 0   0
2    2.620   13.000 0 0   0
2    2.704   13.000 0 0   0
2    2.741   13.000 0 0   0
2    2.772   13.000 0 0   0
2    2.847   13.000 0 0   0
2    2.939   13.000 0 0   0
2    2.952   13.000 0 0   0
2    2.963   13.000 0 0   0
2    3.050   13.000 0 0   0
2    3.109   13.000 0 0   0
2    3.153   13.000 0 0   0
2    3.243   13.000 0 0   0
2    3.262   13.000 0 0   0
2    3.270   13.000 0 0   0
2    3.369   13.000 0 0   0
2    3.421   13.000 0 0   0
2    3.483   13.000 0 0   0
2    3.577   13.000 0 0   0
2    3.598   13.000 0 0   0
2    3.668   13.000 0 0   0
2    3.711   13.000 0 0   0
2    3.723   13.000 0 0   0
2    3.831   13.000 0 0   0
2    3.870   13.000 0 0   0
2    3.948   13.000 0 0   0
2    4.001   13.000 0 0   0
2    4.072   13.000 0 0   0
2    4.136   13.000 0 0   0
2    4.201   13.000 0 0   0
2    4.265   13.000 0 0   0
2    4.335   13.000 0 0   0
2    4.399   13.000 0 0   0
2    4.472   13.000 0 0   0
2    4.532   13.000 0 0   0
2    4.609   13.000 0 0   0
2    4.668   13.000 0 0   0
2    4.749   13.000 0 0   0
2    4.803   13.000 0 0   0
2    4.888   13.000 0 0   0
2    4.941   13.000 0 0   0
2    5.029   13.000 0 0   0
2    5.078   13.000 0 0   0
2    5.170   13.000 0 0   0
2    5.217   13.000 0 0   0
2    5.312   13.000 0 0   0
2    5.356   13.000 0 0   0
2    5.455   13.000 0 0   0
2    5.496   13.000 0 0   0
2    5.600   13.000 0 0   0
2    5.637   13.000 0 0   0
2    5.745   13.000 0 0   0
2    5.779   13.000 0 0   0
2    5.890   13.000 0 0   0
2    5.921   13.000 0 0   0
2    6.036   13.000 0 0   0
2    6.064   13.000 0 0   0
2    6.182   13.000 0 0   0
2    6.208   13.000 0 0   0
2    6.329   13.000 0 0   0
2    6.353   13.000 0 0   0
2    6.477   13.000 0 0   0
2    6.498   13.000 0 0   0
2    6.625   13.000 0 0   0
2    6.644   13.000 0 0   0
2    6.774   13.000 0 0   0
2    6.791   13.000 0 0   0
2    6.923   13.000 0 0   0
2    6.938   13.000 0 0   0
2    7.072   13.000 0 0   0
2    7.086   13.000 0 0   0
2    7.222   13.000 0 0   0
2    7.234   13.000 0 0   0
2    7.371   13.000 0 0   0
2    7.383   13.000 0 0   0
2    7.521   13.000 0 0   0
2    7.532   13.000 0 0   0
2    7.671   13.000 0 0   0
2    7.681   13.000 0 0   0
2    7.821   13.000 0 0   0
2    7.831   13.000 0 0   0
2    7.971   13.000 0 0   0
2    7.980   13.000 0 0   0
2    8.121   13.000 0 0   0
2    8.130   13.000 0 0   0
2    8.271   13.000 0 0   0
2    8.280   13.000 0 0   0
2    8.421   13.000 0 0   0
2    8.429   13.000 0 0   0
2    8.571   13.000 0 0   0
2    8.579   13.000 0 0   0
2    8.721   13.000 0 0   0
2    8.729   13.000 0 0   0
2    8.871   13.000 0 0   0
2    8.879   13.000 0 0   0
2    9.021   13.000 0 0   0
2    9.029   13.000 0 0   0
2    9.171   13.000 0 0   0
2    9.179   13.000 0 0   0
2    9.321   13.000 0 0   0
2    9.329   13.000 0 0   0
2    9.471   13.000 0 0   0
2    9.479   13.000 0 0   0
2    9.621   13.000 0 0   0
2    9.629   13.000 0 0   0
2    9.771   13.000 0 0   0
2    9.779   13.000 0 0   0
2    9.921   13.000 0 0   0
2    9.929   13.000 0 0   0
2   10.071   13.000 0 0   0
6   10.038   12.985    0.000    0.150   1
4
3   10.071   13.000 0 0   0
2   10.079   13.000 0 0   0
2   10.222   13.000 0 0   0
2   10.229   13.000 0 0   0
2   10.372   13.000 0 0   0
2   10.379   13.000 0 0   0
2   10.522   13.000 0 0   0
2   10.529   13.000 0 0   0
2   10.672   13.000 0 0   0
2   10.680   13.000 0 0   0
2   10.823   13.000 0 0   0
2   10.830   13.000 0 0   0
2   10.973   13.000 0 0   0
2   10.980   13.000 0 0   0
2   11.124   13.000 0 0   0
2   11.130   13.000 0 0   0
2   11.274   13.000 0 0   0
2   11.281   13.000 0 0   0
2   11.425   13.000 0 0   0
2   11.431   13.000 0 0   0
2   11.576   13.000 0 0   0
2   11.581   13.000 0 0   0
2   11.727   13.000 0 0   0
2   11.732   13.000 0 0   0
2   11.878   13.000 0 0   0
2   11.882   13.000 0 0   0
2   12.029   13.000 0 0   0
2   12.032   13.000 0 0   0
2   12.180   13.000 0 0   0
2   12.183   13.000 0 0   0
2   12.331   13.000 0 0   0
2   12.333   13.000 0 0   0
2   12.482   13.000 0 0   0
2   12.483   13.000 0 0   0
2   12.603   13.000 0 0   0
2   12.633   13.000 0 0   0
2   12.633   13.000 0 0   0
2   12.783   13.000 0 0   0
2   12.784   13.000 0 0   0
2   12.933   13.000 0 0   0
2   12.935   13.000 0 0   0
2   13.083   13.000 0 0   0
2   13.085   13.000 0 0   0
2   13.232   13.000 0 0   0
2   13.234   13.000 0 0   0
2   13.381   13.000 0 0   0
2   13.384   13.000 0 0   0
2   13.530   13.000 0 0   0
2   13.533   13.000 0 0   0
2   13.680   13.000 0 0   0
2   13.683   13.000 0 0   0
2   13.830   13.000 0 0   0
2   13.832   13.000 0 0   0
2   13.980   13.000 0 0   0
2   13.982   13.000 0 0   0
2   14.129   13.000 0 0   0
2   14.133   13.000 0 0   0
2   14.133   13.000 0 0   0
2   14.137   13.000 0 0   0
2   14.284   13.000 0 0   0
2   14.286   13.000 0 0   0
2   14.328   13.000 0 0   0
2   14.447   13.000 0 0   0
2   14.451   13.000 0 0   0
2   14.508   13.000 0 0   0
2   14.595   13.000 0 0   0
2   14.603   13.000 0 0   0
2   14.720   13.000 0 0   0
2   14.776   13.000 0 0   0
2   14.849   13.000 0 0   0
2   14.917   13.000 0 0   0
2   14.967   13.000 0 0   0
2   15.049   13.000 0 0   0
2   15.088   13.000 0 0   0
2   15.171   13.000 0 0   0
2   15.202   13.000 0 0   0
2   15.290   13.000 0 0   0
2   15.315   13.000 0 0   0
2   15.400   13.000 0 0   0
2   15.423   13.000 0 0   0
2   15.516   13.000 0 0   0
2   15.528   13.000 0 0   0
2   15.644   13.000 0 0   0
2   15.662   13.000 0 0   0
2   15.772   13.000 0 0   0
2   15.795   13.000 0 0   0
2   15.856   13.000 0 0   0
2   15.929   13.000 0 0   0
2   15.965   13.000 0 0   0
2   16.066   13.000 0 0   0
2   16.157   13.000 0 0   0
2   16.190   13.000 0 0   0
2   16.266   13.000 0 0   0
2   16.315   13.000 0 0   0
2   16.335   13.000 0 0   0
2   16.436   13.000 0 0   0
2   16.507   13.000 0 0   0
2   16.558   13.000 0 0   0
2   16.674   13.000 0 0   0
2   16.675   13.000 0 0   0
2   16.675   13.000 0 0   0
2   16.793   13.000 0 0   0
2   16.846   13.000 0 0   0
2   16.905   13.000 0 0   0
2   16.996   13.000 0 0   0
2   17.012   13.000 0 0   0
2   17.032   13.000 0 0   0
2   17.126   13.000 0 0   0
2   17.224   13.000 0 0   0
2   17.241   13.000 0 0   0
2   17.264   13.000 0 0   0
2   17.371   13.000 0 0   0
2   17.443   13.000 0 0   0
2   17.500   13.000 0 0   0
3    2.500   11.500 0 0   0
2    2.500   11.500 0 0   0
2    2.601   11.500 0 0   0
2    2.605   11.500 0 0   0
2    2.614   11.500 0 0   0
2    2.721   11.500 0 0   0
2    2.766   11.500 0 0   0
2    2.838   11.500 0 0   0
2    2.925   11.500 0 0   0
2    2.957   11.500 0 0   0
2    3.043   11.500 0 0   0
2    3.080   11.500 0 0   0
2    3.093   11.500 0 0   0
2    3.202   11.500 0 0   0
2    3.261   11.500 0 0   0
2    3.325   11.500 0 0   0
2    3.431   11.500 0 0   0
2    3.449   11.500 0 0   0
2    3.497   11.500 0 0   0
2    3.571   11.500 0 0   0
2    3.600   11.500 0 0   0
2    3.693   11.500 0 0   0
2    3.766   11.500 0 0   0
2    3.813   11.500 0 0   0
2    3.931   11.500 0 0   0
2    3.932   11.500 0 0   0
2    3.935   11.500 0 0   0
2    4.049   11.500 0 0   0
2    4.091   11.500 0 0   0
2    4.166   11.500 0 0   0
2    4.246   11.500 0 0   0
2    4.277   11.500 0 0   0
2    4.376   11.500 0 0   0
2    4.394   11.500 0 0   0
2    4.399   11.500 0 0   0
2    4.505   11.500 0 0   0
2    4.533   11.500 0 0   0
2    4.625   11.500 0 0   0
2    4.677   11.500 0 0   0
2    4.751   11.500 0 0   0
2    4.810   11.500 0 0   0
2    4.882   11.500 0 0   0
2    4.953   11.500 0 0   0
2    5.019   11.500 0 0   0
2    5.093   11.500 0 0   0
2    5.159   11.500 0 0   0
2    5.234   11.500 0 0   0
2    5.300   11.500 0 0   0
2    5.375   11.500 0 0   0
2    5.442   11.500 0 0   0
2    5.517   11.500 0 0   0
2    5.585   11.500 0 0   0
2    5.659   11.500 0 0   0
2    5.729   11.500 0 0   0
2    5.802   11.500 0 0   0
2    5.873   11.500 0 0   0
2    5.945   11.500 0 0   0
2    6.017   11.500 0 0   0
2    6.090   11.500 0 0   0
2    6.162   11.500 0 0   0
2    6.234   11.500 0 0   0
2    6.308   11.500 0 0   0
2    6.380   11.500 0 0   0
2    6.454   11.500 0 0   0
2    6.527   11.500 0 0   0
2    6.601   11.500 0 0   0
2    6.674   11.500 0 0   0
2    6.749   11.500 0 0   0
2    6.821   11.500 0 0   0
2    6.897   11.500 0 0   0
2    6.969   11.500 0 0   0
2    7.045   11.500 0 0   0
2    7.117   11.500 0 0   0
2    7.194   11.500 0 0   0
2    7.266   11.500 0 0   0
2    7.343   11.500 0 0   0
2    7.414   11.500 0 0   0
2    7.492   11.500 0 0   0
2    7.563   11.500 0 0   0
2    7.641   11.500 0 0   0
2    7.713   11.500 0 0   0
2    7.790   11.500 0 0   0
2    7.862   11.500 0 0   0
2    7.940   11.500 0 0   0
2    8.012   11.500 0 0   0
2    8.090   11.500 0 0   0
2    8.161   11.500 0 0   0
2    8.240   11.500 0 0   0
2    8.311   11.500 0 0   0
2    8.389   11.500 0 0   0
2    8.461   11.500 0 0   0
2    8.539   11.500 0 0   0
2    8.611   11.500 0 0   0
2    8.689   11.500 0 0   0
2    8.761   11.500 0 0   0
2    8.840   11.500 0 0   0
2    8.911   11.500 0 0   0
2    8.990   11.500 0 0   0
2    9.061   11.500 0 0   0
2    9.140   11.500 0 0   0
2    9.211   11.500 0 0   0
2    9.290   11.500 0 0   0
2    9.361   11.500 0 0   0
2    9.440   11.500 0 0   0
2    9.511   11.500 0 0   0
2    9.590   11.500 0 0   0
2    9.661   11.500 0 0   0
2    9.740   11.500 0 0   0
2    9.811   11.500 0 0   0
2    9.891   11.500 0 0   0
6    9.889   11.485    0.000    0.150   1
5
3    9.891   11.500 0 0   0
2    9.962   11.500 0 0   0
2   10.041   11.500 0 0   0
2   10.112   11.500 0 0   0
2   10.192   11.500 0 0   0
2   10.262   11.500 0 0   0
2   10.343   11.500 0 0   0
2   10.413   11.500 0 0   0
2   10.494   11.500 0 0   0
2   10.564   11.500 0 0   0
2   10.645   11.500 0 0   0
2   10.714   11.500 0 0   0
2   10.797   11.500 0 0   0
2   10.865   11.500 0 0   0
2   10.949   11.500 0 0   0
2   11.016   11.500 0 0   0
2   11.102   11.500 0 0   0
2   11.167   11.500 0 0   0
2   11.255   11.500 0 0   0
2   11.318   11.500 0 0   0
2   11.409   11.500 0 0   0
2   11.469   11.500 0 0   0
2   11.562   11.500 0 0   0
2   11.620   11.500 0 0   0
2   11.717   11.500 0 0   0
2   11.770   11.500 0 0   0
2   11.872   11.500 0 0   0
2   11.920   11.500 0 0   0
2   12.028   11.500 0 0   0
2   12.069   11.500 0 0   0
2   12.183   11.500 0 0   0
2   12.218   11.500 0 0   0
2   12.338   11.500 0 0   0
2   12.366   11.500 0 0   0
2   12.491   11.500 0 0   0
2   12.514   11.500 0 0   0
2   12.644   11.500 0 0   0
2   12.659   11.500 0 0   0
2   12.796   11.500 0 0   0
2   12.805   11.500 0 0   0
2   12.947   11.500 0 0   0
2   12.950   11.500 0 0   0
2   13.033   11.500 0 0   0
2   13.095   11.500 0 0   0
2   13.097   11.500 0 0   0
2   13.237   11.500 0 0   0
2   13.245   11.500 0 0   0
2   13.380   11.500 0 0   0
2   13.392   11.500 0 0   0
2   13.521   11.500 0 0   0
2   13.538   11.500 0 0   0
2   13.663   11.500 0 0   0
2   13.682   11.500 0 0   0
2   13.801   11.500 0 0   0
2   13.823   11.500 0 0   0
2   13.939   11.500 0 0   0
2   13.964   11.500 0 0   0
2   14.074   11.500 0 0   0
2   14.102   11.500 0 0   0
2   14.210   11.500 0 0   0
2   14.239   11.500 0 0   0
2   14.343   11.500 0 0   0
2   14.375   11.500 0 0   0
2   14.476   11.500 0 0   0
2   14.509   11.500 0 0   0
2   14.607   11.500 0 0   0
2   14.643   11.500 0 0   0
2   14.739   11.500 0 0   0
2   14.775   11.500 0 0   0
2   14.869   11.500 0 0   0
2   14.906   11.500 0 0   0
2   14.999   11.500 0 0   0
2   15.037   11.500 0 0   0
2   15.128   11.500 0 0   0
2   15.167   11.500 0 0   0
2   15.257   11.500 0 0   0
2   15.294   11.500 0 0   0
2   15.380   11.500 0 0   0
2   15.419   11.500 0 0   0
2   15.496   11.500 0 0   0
2   15.527   11.500 0 0   0
2   15.609   11.500 0 0   0
2   15.661   11.500 0 0   0
2   15.710   11.500 0 0   0
2   15.812   11.500 0 0   0
2   15.828   11.500 0 0   0
2   15.874   11.500 0 0   0
2   15.944   11.500 0 0   0
2   15.969   11.500 0 0   0
2   16.066   11.500 0 0   0
2   16.136   11.500 0 0   0
2   16.187   11.500 0 0   0
2   16.308   11.500 0 0   0
2   16.311   11.500 0 0   0
2   16.318   11.500 0 0   0
2   16.433   11.500 0 0   0
2   16.480   11.500 0 0   0
2   16.558   11.500 0 0   0
2   16.655   11.500 0 0   0
2   16.682   11.500 0 0   0
2   16.751   11.500 0 0   0
2   16.808   11.500 0 0   0
2   16.830   11.500 0 0   0
2   16.933   11.500 0 0   0
2   17.006   11.500 0 0   0
2   17.063   11.500 0 0   0
2   17.185   11.500 0 0   0
2   17.193   11.500 0 0   0
2   17.239   11.500 0 0   0
2   17.360   11.500 0 0   0
2   17.385   11.500 0 0   0
2   17.500   11.500 0 0   0
3    2.500   10.000 0 0   0
2    2.500   10.000 0 0   0
2    2.596   10.000 0 0   0
2    2.635   10.000 0 0   0
2    2.713   10.000 0 0   0
2    2.762   10.000 0 0   0
2    2.778   10.000 0 0   0
2    2.847   10.000 0 0   0
2    2.918   10.000 0 0   0
2    2.946   10.000 0 0   0
2    3.062   10.000 0 0   0
2    3.138   10.000 0 0   0
2    3.191   10.000 0 0   0
2    3.317   10.000 0 0   0
2    3.321   10.000 0 0   0
2    3.330   10.000 0 0   0
2    3.448   10.000 0 0   0
2    3.493   10.000 0 0   0
2    3.576   10.000 0 0   0
2    3.665   10.000 0 0   0
2    3.703   10.000 0 0   0
2    3.813   10.000 0 0   0
2    3.830   10.000 0 0   0
2    3.836   10.000 0 0   0
2    3.957   10.000 0 0   0
2    4.004   10.000 0 0   0
2    4.084   10.000 0 0   0
2    4.169   10.000 0 0   0
2    4.211   10.000 0 0   0
2    4.335   10.000 0 0   0
2    4.340   10.000 0 0   0
2    4.359   10.000 0 0   0
2    4.468   10.000 0 0   0
2    4.492   10.000 0 0   0
2    4.600   10.000 0 0   0
2    4.652   10.000 0 0   0
2    4.732   10.000 0 0   0
2    4.802   10.000 0 0   0
2    4.868   10.000 0 0   0
2    4.952   10.000 0 0   0
2    5.004   10.000 0 0   0
2    5.097   10.000 0 0   0
2    5.143   10.000 0 0   0
2    5.241   10.000 0 0   0
2    5.282   10.000 0 0   0
2    5.383   10.000 0 0   0
2    5.421   10.000 0 0   0
2    5.527   10.000 0 0   0
2    5.562   10.000 0 0   0
2    5.671   10.000 0 0   0
2    5.704   10.000 0 0   0
2    5.817   10.000 0 0   0
2    5.848   10.000 0 0   0
2    5.962   10.000 0 0   0
2    5.991   10.000 0 0   0
2    6.109   10.000 0 0   0
2    6.136   10.000 0 0   0
2    6.256   10.000 0 0   0
2    6.282   10.000 0 0   0
2    6.403   10.000 0 0   0
2    6.428   10.000 0 0   0
2    6.551   10.000 0 0   0
2    6.574   10.000 0 0   0
2    6.699   10.000 0 0   0
2    6.722   10.000 0 0   0
2    6.847   10.000 0 0   0
2    6.869   10.000 0 0   0
2    6.996   10.000 0 0   0
2    7.017   10.000 0 0   0
2    7.145   10.000 0 0   0
2    7.165   10.000 0 0   0
2    7.294   10.000 0 0   0
2    7.313   10.000 0 0   0
2    7.444   10.000 0 0   0
2    7.462   10.000 0 0   0
2    7.593   10.000 0 0   0
2    7.611   10.000 0 0   0
2    7.743   10.000 0 0   0
2    7.760   10.000 0 0   0
2    7.893   10.000 0 0   0
2    7.910   10.000 0 0   0
2    8.043   10.000 0 0   0
2    8.059   10.000 0 0   0
2    8.192   10.000 0 0   0
2    8.209   10.000 0 0   0
2    8.342   10.000 0 0   0
2    8.359   10.000 0 0   0
2    8.492   10.000 0 0   0
2    8.509   10.000 0 0   0
2    8.642   10.000 0 0   0
2    8.658   10.000 0 0   0
2    8.792   10.000 0 0   0
2    8.808   10.000 0 0   0
2    8.943   10.000 0 0   0
2    8.958   10.000 0 0   0
2    9.093   10.000 0 0   0
2    9.108   10.000 0 0   0
2    9.243   10.000 0 0   0
2    9.258   10.000 0 0   0
2    9.393   10.000 0 0   0
2    9.409   10.000 0 0   0
2    9.543   10.000 0 0   0
2    9.559   10.000 0 0   0
2    9.694   10.000 0 0   0
2    9.708   10.000 0 0   0
2    9.844   10.000 0 0   0
2    9.858   10.000 0 0   0
2    9.995   10.000 0 0   0
2   10.008   10.000 0 0   0
2   10.146   10.000 0 0   0
6   10.115    9.985    0.000    0.150   1
6
3   10.146   10.000 0 0   0
2   10.158   10.000 0 0   0
2   10.297   10.000 0 0   0
2   10.308   10.000 0 0   0
2   10.449   10.000 0 0   0
2   10.458   10.000 0 0   0
2   10.601   10.000 0 0   0
2   10.608   10.000 0 0   0
2   10.753   10.000 0 0   0
2   10.758   10.000 0 0   0
2   10.907   10.000 0 0   0
2   10.910   10.000 0 0   0
2   11.000   10.000 0 0   0
2   11.061   10.000 0 0   0
2   11.062   10.000 0 0   0
2   11.213   10.000 0 0   0
2   11.220   10.000 0 0   0
2   11.366   10.000 0 0   0
2   11.378   10.000 0 0   0
2   11.519   10.000 0 0   0
2   11.540   10.000 0 0   0
2   11.673   10.000 0 0   0
2   11.706   10.000 0 0   0
2   11.822   10.000 0 0   0
2   11.869   10.000 0 0   0
2   11.965   10.000 0 0   0
2   12.039   10.000 0 0   0
2   12.076   10.000 0 0   0
2   12.186   10.000 0 0   0
2   12.203   10.000 0 0   0
2   12.300   10.000 0 0   0
2   12.328   10.000 0 0   0
2   12.433   10.000 0 0   0
2   12.464   10.000 0 0   0
2   12.564   10.000 0 0   0
2   12.606   10.000 0 0   0
2   12.699   10.000 0 0   0
2   12.749   10.000 0 0   0
2   12.834   10.000 0 0   0
2   12.894   10.000 0 0   0
2   12.970   10.000 0 0   0
2   13.038   10.000 0 0   0
2   13.107   10.000 0 0   0
2   13.183   10.000 0 0   0
2   13.244   10.000 0 0   0
2   13.327   10.000 0 0   0
2   13.381   10.000 0 0   0
2   13.472   10.000 0 0   0
2   13.518   10.000 0 0   0
2   13.616   10.000 0 0   0
2   13.654   10.000 0 0   0
2   13.760   10.000 0 0   0
2   13.791   10.000 0 0   0
2   13.905   10.000 0 0   0
2   13.928   10.000 0 0   0
2   14.051   10.000 0 0   0
2   14.064   10.000 0 0   0
2   14.197   10.000 0 0   0
2   14.200   10.000 0 0   0
2   14.230   10.000 0 0   0
2   14.337   10.000 0 0   0
2   14.349   10.000 0 0   0
2   14.473   10.000 0 0   0
2   14.501   10.000 0 0   0
2   14.616   10.000 0 0   0
2   14.676   10.000 0 0   0
2   14.758   10.000 0 0   0
2   14.842   10.000 0 0   0
2   14.913   10.000 0 0   0
2   14.988   10.000 0 0   0
2   15.072   10.000 0 0   0
2   15.140   10.000 0 0   0
2   15.208   10.000 0 0   0
2   15.280   10.000 0 0   0
2   15.337   10.000 0 0   0
2   15.433   10.000 0 0   0
2   15.462   10.000 0 0   0
2   15.577   10.000 0 0   0
2   15.580   10.000 0 0   0
2   15.580   10.000 0 0   0
2   15.701   10.000 0 0   0
2   15.743   10.000 0 0   0
2   15.819   10.000 0 0   0
2   15.907   10.000 0 0   0
2   15.940   10.000 0 0   0
2   16.027   10.000 0 0   0
2   16.061   10.000 0 0   0
2   16.074   10.000 0 0   0
2   16.184   10.000 0 0   0
2   16.245   10.000 0 0   0
2   16.306   10.000 0 0   0
2   16.416   10.000 0 0   0
2   16.430   10.000 0 0   0
2   16.465   10.000 0 0   0
2   16.553   10.000 0 0   0
2   16.588   10.000 0 0   0
2   16.678   10.000 0 0   0
2   16.759   10.000 0 0   0
2   16.802   10.000 0 0   0
2   16.915   10.000 0 0   0
2   16.923   10.000 0 0   0
2   16.927   10.000 0 0   0
2   17.046   10.000 0 0   0
2   17.095   10.000 0 0   0
2   17.165   10.000 0 0   0
2   17.253   10.000 0 0   0
2   17.281   10.000 0 0   0
2   17.346   10.000 0 0   0
2   17.395   10.000 0 0   0
2   17.417   10.000 0 0   0
2   17.500   10.000 0 0   0
3    2.500    8.500 0 0   0
2    2.500    8.500 0 0   0
2    2.579    8.500 0 0   0
2    2.609    8.500 0 0   0
2    2.714    8.500 0 0   0
2    2.723    8.500 0 0   0
2    2.826    8.500 0 0   0
2    2.883    8.500 0 0   0
2    2.936    8.500 0 0   0
2    3.060    8.500 0 0   0
2    3.069    8.500 0 0   0
2    3.091    8.500 0 0   0
2    3.196    8.500 0 0   0
2    3.239    8.500 0 0   0
2    3.326    8.500 0 0   0
2    3.419    8.500 0 0   0
2    3.454    8.500 0 0   0
2    3.542    8.500 0 0   0
2    3.582    8.500 0 0   0
2    3.597    8.500 0 0   0
2    3.709    8.500 0 0   0
2    3.775    8.500 0 0   0
2    3.836    8.500 0 0   0
2    3.951    8.500 0 0   0
2    3.962    8.500 0 0   0
2    3.988    8.500 0 0   0
2    4.088    8.500 0 0   0
2    4.128    8.500 0 0   0
2    4.213    8.500 0 0   0
2    4.303    8.500 0 0   0
2    4.337    8.500 0 0   0
2    4.420    8.500 0 0   0
2    4.462    8.500 0 0   0
2    4.479    8.500 0 0   0
2    4.586    8.500 0 0   0
2    4.653    8.500 0 0   0
2    4.709    8.500 0 0   0
2    4.825    8.500 0 0   0
2    4.830    8.500 0 0   0
2    4.842    8.500 0 0   0
2    4.952    8.500 0 0   0
2    4.994    8.500 0 0   0
2    5.069    8.500 0 0   0
2    5.154    8.500 0 0   0
2    5.187    8.500 0 0   0
2    5.300    8.500 0 0   0
2    5.306    8.500 0 0   0
2    5.337    8.500 0 0   0
2    5.423    8.500 0 0   0
2    5.438    8.500 0 0   0
2    5.553    8.500 0 0   0
2    5.575    8.500 0 0   0
2    5.685    8.500 0 0   0
2    5.713    8.500 0 0   0
2    5.826    8.500 0 0   0
2    5.856    8.500 0 0   0
2    5.968    8.500 0 0   0
2    5.999    8.500 0 0   0
2    6.112    8.500 0 0   0
2    6.144    8.500 0 0   0
2    6.256    8.500 0 0   0
2    6.290    8.500 0 0   0
2    6.402    8.500 0 0   0
2    6.437    8.500 0 0   0
2    6.547    8.500 0 0   0
2    6.584    8.500 0 0   0
2    6.694    8.500 0 0   0
2    6.732    8.500 0 0   0
2    6.841    8.500 0 0   0
2    6.880    8.500 0 0   0
2    6.988    8.500 0 0   0
2    7.029    8.500 0 0   0
2    7.135    8.500 0 0   0
2    7.177    8.500 0 0   0
2    7.284    8.500 0 0   0
2    7.327    8.500 0 0   0
2    7.432    8.500 0 0   0
2    7.476    8.500 0 0   0
2    7.581    8.500 0 0   0
2    7.625    8.500 0 0   0
2    7.729    8.500 0 0   0
2    7.775    8.500 0 0   0
2    7.879    8.500 0 0   0
2    7.925    8.500 0 0   0
2    8.028    8.500 0 0   0
2    8.075    8.500 0 0   0
2    8.178    8.500 0 0   0
2    8.225    8.500 0 0   0
2    8.327    8.500 0 0   0
2    8.374    8.500 0 0   0
2    8.477    8.500 0 0   0
2    8.524    8.500 0 0   0
2    8.627    8.500 0 0   0
2    8.674    8.500 0 0   0
2    8.777    8.500 0 0   0
2    8.825    8.500 0 0   0
2    8.926    8.500 0 0   0
2    8.975    8.500 0 0   0
2    9.076    8.500 0 0   0
2    9.125    8.500 0 0   0
2    9.226    8.500 0 0   0
2    9.275    8.500 0 0   0
2    9.375    8.500 0 0   0
2    9.425    8.500 0 0   0
2    9.524    8.500 0 0   0
2    9.576    8.500 0 0   0
2    9.673    8.500 0 0   0
2    9.726    8.500 0 0   0
2    9.822    8.500 0 0   0
2    9.876    8.500 0 0   0
2    9.969    8.500 0 0   0
2   10.026    8.500 0 0   0
6   10.034    8.485    0.000    0.150   1
7
3   10.026    8.500 0 0   0
2   10.116    8.500 0 0   0
2   10.176    8.500 0 0   0
2   10.263    8.500 0 0   0
2   10.326    8.500 0 0   0
2   10.409    8.500 0 0   0
2   10.476    8.500 0 0   0
2   10.554    8.500 0 0   0
2   10.626    8.500 0 0   0
2   10.698    8.500 0 0   0
2   10.776    8.500 0 0   0
2   10.843    8.500 0 0   0
2   10.926    8.500 0 0   0
2   10.986    8.500 0 0   0
2   11.076    8.500 0 0   0
2   11.130    8.500 0 0   0
2   11.227    8.500 0 0   0
2   11.272    8.500 0 0   0
2   11.378    8.500 0 0   0
2   11.415    8.500 0 0   0
2   11.529    8.500 0 0   0
2   11.557    8.500 0 0   0
2   11.683    8.500 0 0   0
2   11.700    8.500 0 0   0
2   11.834    8.500 0 0   0
2   11.840    8.500 0 0   0
2   11.903    8.500 0 0   0
2   11.983    8.500 0 0   0
2   11.991    8.500 0 0   0
2   12.120    8.500 0 0   0
2   12.143    8.500 0 0   0
2   12.249    8.500 0 0   0
2   12.299    8.500 0 0   0
2   12.379    8.500 0 0   0
2   12.442    8.500 0 0   0
2   12.498    8.500 0 0   0
2   12.581    8.500 0 0   0
2   12.620    8.500 0 0   0
2   12.713    8.500 0 0   0
2   12.745    8.500 0 0   0
2   12.842    8.500 0 0   0
2   12.872    8.500 0 0   0
2   12.974    8.500 0 0   0
2   13.004    8.500 0 0   0
2   13.105    8.500 0 0   0
2   13.136    8.500 0 0   0
2   13.238    8.500 0 0   0
2   13.270    8.500 0 0   0
2   13.372    8.500 0 0   0
2   13.404    8.500 0 0   0
2   13.506    8.500 0 0   0
2   13.538    8.500 0 0   0
2   13.640    8.500 0 0   0
2   13.672    8.500 0 0   0
2   13.774    8.500 0 0   0
2   13.804    8.500 0 0   0
2   13.908    8.500 0 0   0
2   13.936    8.500 0 0   0
2   14.040    8.500 0 0   0
2   14.064    8.500 0 0   0
2   14.172    8.500 0 0   0
2   14.191    8.500 0 0   0
2   14.292    8.500 0 0   0
2   14.302    8.500 0 0   0
2   14.410    8.500 0 0   0
2   14.413    8.500 0 0   0
2   14.514    8.500 0 0   0
2   14.601    8.500 0 0   0
2   14.618    8.500 0 0   0
2   14.653    8.500 0 0   0
2   14.754    8.500 0 0   0
2   14.806    8.500 0 0   0
2   14.901    8.500 0 0   0
2   14.991    8.500 0 0   0
2   15.030    8.500 0 0   0
2   15.139    8.500 0 0   0
2   15.158    8.500 0 0   0
2   15.166    8.500 0 0   0
2   15.284    8.500 0 0   0
2   15.333    8.500 0 0   0
2   15.410    8.500 0 0   0
2   15.499    8.500 0 0   0
2   15.533    8.500 0 0   0
2   15.632    8.500 0 0   0
2   15.656    8.500 0 0   0
2   15.665    8.500 0 0   0
2   15.780    8.500 0 0   0
2   15.831    8.500 0 0   0
2   15.903    8.500 0 0   0
2   15.999    8.500 0 0   0
2   16.029    8.500 0 0   0
2   16.118    8.500 0 0   0
2   16.155    8.500 0 0   0
2   16.167    8.500 0 0   0
2   16.283    8.500 0 0   0
2   16.339    8.500 0 0   0
2   16.411    8.500 0 0   0
2   16.509    8.500 0 0   0
2   16.543    8.500 0 0   0
2   16.640    8.500 0 0   0
2   16.675    8.500 0 0   0
2   16.688    8.500 0 0   0
2   16.828    8.500 0 0   0
2   16.875    8.500 0 0   0
2   16.969    8.500 0 0   0
2   17.099    8.500 0 0   0
2   17.101    8.500 0 0   0
2   17.103    8.500 0 0   0
2   17.245    8.500 0 0   0
2   17.356    8.500 0 0   0
2   17.373    8.500 0 0   0
2   17.391    8.500 0 0   0
2   17.500    8.500 0 0   0
3    2.500    7.000 0 0   0
2    2.500    7.000 0 0   0
2    2.569    7.000 0 0   0
2    2.630    7.000 0 0   0
2    2.716    7.000 0 0   0
2    2.760    7.000 0 0   0
2    2.793    7.000 0 0   0
2    2.890    7.000 0 0   0
2    3.009    7.000 0 0   0
2    3.020    7.000 0 0   0
2    3.030    7.000 0 0   0
2    3.146    7.000 0 0   0
2    3.263    7.000 0 0   0
2    3.272    7.000 0 0   0
2    3.280    7.000 0 0   0
2    3.393    7.000 0 0   0
2    3.502    7.000 0 0   0
2    3.513    7.000 0 0   0
2    3.528    7.000 0 0   0
2    3.635    7.000 0 0   0
2    3.716    7.000 0 0   0
2    3.757    7.000 0 0   0
2    3.819    7.000 0 0   0
2    3.882    7.000 0 0   0
2    3.923    7.000 0 0   0
2    4.009    7.000 0 0   0
2    4.139    7.000 0 0   0
2    4.142    7.000 0 0   0
2    4.146    7.000 0 0   0
2    4.271    7.000 0 0   0
2    4.341    7.000 0 0   0
2    4.405    7.000 0 0   0
2    4.542    7.000 0 0   0
2    4.542    7.000 0 0   0
2    4.542    7.000 0 0   0
2    4.677    7.000 0 0   0
2    4.726    7.000 0 0   0
2    4.816    7.000 0 0   0
2    4.909    7.000 0 0   0
2    4.953    7.000 0 0   0
2    5.083    7.000 0 0   0
2    5.090    7.000 0 0   0
2    5.125    7.000 0 0   0
2    5.229    7.000 0 0   0
2    5.248    7.000 0 0   0
2    5.367    7.000 0 0   0
2    5.408    7.000 0 0   0
2    5.505    7.000 0 0   0
2    5.563    7.000 0 0   0
2    5.646    7.000 0 0   0
2    5.714    7.000 0 0   0
2    5.787    7.000 0 0   0
2    5.865    7.000 0 0   0
2    5.930    7.000 0 0   0
2    6.014    7.000 0 0   0
2    6.073    7.000 0 0   0
2    6.163    7.000 0 0   0
2    6.218    7.000 0 0   0
2    6.312    7.000 0 0   0
2    6.364    7.000 0 0   0
2    6.461    7.000 0 0   0
2    6.510    7.000 0 0   0
2    6.610    7.000 0 0   0
2    6.657    7.000 0 0   0
2    6.759    7.000 0 0   0
2    6.804    7.000 0 0   0
2    6.908    7.000 0 0   0
2    6.952    7.000 0 0   0
2    7.058    7.000 0 0   0
2    7.101    7.000 0 0   0
2    7.207    7.000 0 0   0
2    7.249    7.000 0 0   0
2    7.357    7.000 0 0   0
2    7.398    7.000 0 0   0
2    7.507    7.000 0 0   0
2    7.547    7.000 0 0   0
2    7.656    7.000 0 0   0
2    7.696    7.000 0 0   0
2    7.806    7.000 0 0   0
2    7.846    7.000 0 0   0
2    7.956    7.000 0 0   0
2    7.996    7.000 0 0   0
2    8.106    7.000 0 0   0
2    8.145    7.000 0 0   0
2    8.256    7.000 0 0   0
2    8.295    7.000 0 0   0
2    8.406    7.000 0 0   0
2    8.444    7.000 0 0   0
2    8.556    7.000 0 0   0
2    8.594    7.000 0 0   0
2    8.706    7.000 0 0   0
2    8.744    7.000 0 0   0
2    8.857    7.000 0 0   0
2    8.893    7.000 0 0   0
2    9.007    7.000 0 0   0
2    9.042    7.000 0 0   0
2    9.157    7.000 0 0   0
2    9.191    7.000 0 0   0
2    9.306    7.000 0 0   0
2    9.339    7.000 0 0   0
2    9.456    7.000 0 0   0
2    9.488    7.000 0 0   0
2    9.606    7.000 0 0   0
2    9.635    7.000 0 0   0
2    9.755    7.000 0 0   0
2    9.783    7.000 0 0   0
2    9.905    7.000 0 0   0
2    9.929    7.000 0 0   0
2   10.053    7.000 0 0   0
2   10.075    7.000 0 0   0
6   10.101    6.985    0.000    0.150   1
8
3   10.075    7.000 0 0   0
2   10.202    7.000 0 0   0
2   10.220    7.000 0 0   0
2   10.351    7.000 0 0   0
2   10.365    7.000 0 0   0
2   10.499    7.000 0 0   0
2   10.510    7.000 0 0   0
2   10.646    7.000 0 0   0
2   10.653    7.000 0 0   0
2   10.794    7.000 0 0   0
2   10.796    7.000 0 0   0
2   10.869    7.000 0 0   0
2   10.938    7.000 0 0   0
2   10.940    7.000 0 0   0
2   11.080    7.000 0 0   0
2   11.087    7.000 0 0   0
2   11.221    7.000 0 0   0
2   11.233    7.000 0 0   0
2   11.362    7.000 0 0   0
2   11.378    7.000 0 0   0
2   11.502    7.000 0 0   0
2   11.522    7.000 0 0   0
2   11.642    7.000 0 0   0
2   11.667    7.000 0 0   0
2   11.781    7.000 0 0   0
2   11.810    7.000 0 0   0
2   11.920    7.000 0 0   0
2   11.954    7.000 0 0   0
2   12.059    7.000 0 0   0
2   12.096    7.000 0 0   0
2   12.197    7.000 0 0   0
2   12.238    7.000 0 0   0
2   12.336    7.000 0 0   0
2   12.380    7.000 0 0   0
2   12.473    7.000 0 0   0
2   12.521    7.000 0 0   0
2   12.612    7.000 0 0   0
2   12.661    7.000 0 0   0
2   12.749    7.000 0 0   0
2   12.801    7.000 0 0   0
2   12.887    7.000 0 0   0
2   12.941    7.000 0 0   0
2   13.025    7.000 0 0   0
2   13.080    7.000 0 0   0
2   13.164    7.000 0 0   0
2   13.219    7.000 0 0   0
2   13.301    7.000 0 0   0
2   13.356    7.000 0 0   0
2   13.440    7.000 0 0   0
2   13.494    7.000 0 0   0
2   13.578    7.000 0 0   0
2   13.630    7.000 0 0   0
2   13.717    7.000 0 0   0
2   13.766    7.000 0 0   0
2   13.856    7.000 0 0   0
2   13.902    7.000 0 0   0
2   13.996    7.000 0 0   0
2   14.037    7.000 0 0   0
2   14.135    7.000 0 0   0
2   14.170    7.000 0 0   0
2   14.277    7.000 0 0   0
2   14.304    7.000 0 0   0
2   14.419    7.000 0 0   0
2   14.436    7.000 0 0   0
2   14.564    7.000 0 0   0
2   14.571    7.000 0 0   0
2   14.632    7.000 0 0   0
2   14.703    7.000 0 0   0
2   14.711    7.000 0 0   0
2   14.842    7.000 0 0   0
2   14.865    7.000 0 0   0
2   14.977    7.000 0 0   0
2   15.026    7.000 0 0   0
2   15.134    7.000 0 0   0
2   15.200    7.000 0 0   0
2   15.276    7.000 0 0   0
2   15.390    7.000 0 0   0
2   15.399    7.000 0 0   0
2   15.412    7.000 0 0   0
2   15.527    7.000 0 0   0
2   15.598    7.000 0 0   0
2   15.637    7.000 0 0   0
2   15.722    7.000 0 0   0
2   15.755    7.000 0 0   0
2   15.768    7.000 0 0   0
2   15.874    7.000 0 0   0
2   15.927    7.000 0 0   0
2   15.993    7.000 0 0   0
2   16.093    7.000 0 0   0
2   16.115    7.000 0 0   0
2   16.178    7.000 0 0   0
2   16.237    7.000 0 0   0
2   16.259    7.000 0 0   0
2   16.361    7.000 0 0   0
2   16.429    7.000 0 0   0
2   16.483    7.000 0 0   0
2   16.603    7.000 0 0   0
2   16.609    7.000 0 0   0
2   16.621    7.000 0 0   0
2   16.731    7.000 0 0   0
2   16.781    7.000 0 0   0
2   16.858    7.000 0 0   0
2   16.967    7.000 0 0   0
2   16.984    7.000 0 0   0
2   17.013    7.000 0 0   0
2   17.113    7.000 0 0   0
2   17.167    7.000 0 0   0
2   17.242    7.000 0 0   0
2   17.331    7.000 0 0   0
2   17.373    7.000 0 0   0
2   17.423    7.000 0 0   0
2   17.500    7.000 0 0   0
3    2.500    5.500 0 0   0
2    2.500    5.500 0 0   0
2    2.555    5.500 0 0   0
2    2.632    5.500 0 0   0
2    2.711    5.500 0 0   0
2    2.761    5.500 0 0   0
2    2.828    5.500 0 0   0
2    2.910    5.500 0 0   0
2    2.969    5.500 0 0   0
2    3.053    5.500 0 0   0
2    3.117    5.500 0 0   0
2    3.202    5.500 0 0   0
2    3.317    5.500 0 0   0
2    3.360    5.500 0 0   0
2    3.453    5.500 0 0   0
2    3.488    5.500 0 0   0
2    3.502    5.500 0 0   0
2    3.621    5.500 0 0   0
2    3.661    5.500 0 0   0
2    3.723    5.500 0 0   0
2    3.803    5.500 0 0   0
2    3.832    5.500 0 0   0
2    3.920    5.500 0 0   0
2    3.985    5.500 0 0   0
2    4.031    5.500 0 0   0
2    4.126    5.500 0 0   0
2    4.176    5.500 0 0   0
2    4.242    5.500 0 0   0
2    4.336    5.500 0 0   0
2    4.363    5.500 0 0   0
2    4.453    5.500 0 0   0
2    4.500    5.500 0 0   0
2    4.566    5.500 0 0   0
2    4.642    5.500 0 0   0
2    4.705    5.500 0 0   0
2    4.797    5.500 0 0   0
2    4.847    5.500 0 0   0
2    4.948    5.500 0 0   0
2    4.991    5.500 0 0   0
2    5.102    5.500 0 0   0
2    5.138    5.500 0 0   0
2    5.254    5.500 0 0   0
2    5.285    5.500 0 0   0
2    5.407    5.500 0 0   0
2    5.434    5.500 0 0   0
2    5.558    5.500 0 0   0
2    5.584    5.500 0 0   0
2    5.711    5.500 0 0   0
2    5.734    5.500 0 0   0
2    5.862    5.500 0 0   0
2    5.884    5.500 0 0   0
2    6.013    5.500 0 0   0
2    6.035    5.500 0 0   0
2    6.163    5.500 0 0   0
2    6.185    5.500 0 0   0
2    6.314    5.500 0 0   0
2    6.336    5.500 0 0   0
2    6.464    5.500 0 0   0
2    6.486    5.500 0 0   0
2    6.614    5.500 0 0   0
2    6.636    5.500 0 0   0
2    6.764    5.500 0 0   0
2    6.787    5.500 0 0   0
2    6.914    5.500 0 0   0
2    6.937    5.500 0 0   0
2    7.064    5.500 0 0   0
2    7.087    5.500 0 0   0
2    7.214    5.500 0 0   0
2    7.237    5.500 0 0   0
2    7.364    5.500 0 0   0
2    7.387    5.500 0 0   0
2    7.514    5.500 0 0   0
2    7.537    5.500 0 0   0
2    7.664    5.500 0 0   0
2    7.688    5.500 0 0   0
2    7.814    5.500 0 0   0
2    7.838    5.500 0 0   0
2    7.964    5.500 0 0   0
2    7.988    5.500 0 0   0
2    8.114    5.500 0 0   0
2    8.138    5.500 0 0   0
2    8.264    5.500 0 0   0
2    8.288    5.500 0 0   0
2    8.414    5.500 0 0   0
2    8.438    5.500 0 0   0
2    8.563    5.500 0 0   0
2    8.588    5.500 0 0   0
2    8.713    5.500 0 0   0
2    8.738    5.500 0 0   0
2    8.863    5.500 0 0   0
2    8.888    5.500 0 0   0
2    9.012    5.500 0 0   0
2    9.038    5.500 0 0   0
2    9.161    5.500 0 0   0
2    9.188    5.500 0 0   0
2    9.310    5.500 0 0   0
2    9.337    5.500 0 0   0
2    9.459    5.500 0 0   0
2    9.487    5.500 0 0   0
2    9.607    5.500 0 0   0
2    9.636    5.500 0 0   0
2    9.755    5.500 0 0   0
2    9.786    5.500 0 0   0
2    9.903    5.500 0 0   0
2    9.935    5.500 0 0   0
2   10.050    5.500 0 0   0
2   10.084    5.500 0 0   0
6   10.103    5.485    0.000    0.150   1
9
3   10.084    5.500 0 0   0
2   10.198    5.500 0 0   0
2   10.232    5.500 0 0   0
2   10.345    5.500 0 0   0
2   10.381    5.500 0 0   0
2   10.491    5.500 0 0   0
2   10.529    5.500 0 0   0
2   10.638    5.500 0 0   0
2   10.677    5.500 0 0   0
2   10.784    5.500 0 0   0
2   10.824    5.500 0 0   0
2   10.930    5.500 0 0   0
2   10.971    5.500 0 0   0
2   11.076    5.500 0 0   0
2   11.118    5.500 0 0   0
2   11.222    5.500 0 0   0
2   11.264    5.500 0 0   0
2   11.368    5.500 0 0   0
2   11.410    5.500 0 0   0
2   11.514    5.500 0 0   0
2   11.555    5.500 0 0   0
2   11.660    5.500 0 0   0
2   11.699    5.500 0 0   0
2   11.807    5.500 0 0   0
2   11.843    5.500 0 0   0
2   11.953    5.500 0 0   0
2   11.984    5.500 0 0   0
2   12.102    5.500 0 0   0
2   12.125    5.500 0 0   0
2   12.246    5.500 0 0   0
2   12.263    5.500 0 0   0
2   12.397    5.500 0 0   0
2   12.398    5.500 0 0   0
2   12.423    5.500 0 0   0
2   12.527    5.500 0 0   0
2   12.535    5.500 0 0   0
2   12.631    5.500 0 0   0
2   12.665    5.500 0 0   0
2   12.750    5.500 0 0   0
2   12.784    5.500 0 0   0
2   12.881    5.500 0 0   0
2   12.886    5.500 0 0   0
2   12.951    5.500 0 0   0
2   13.015    5.500 0 0   0
2   13.020    5.500 0 0   0
2   13.149    5.500 0 0   0
2   13.171    5.500 0 0   0
2   13.286    5.500 0 0   0
2   13.316    5.500 0 0   0
2   13.426    5.500 0 0   0
2   13.465    5.500 0 0   0
2   13.566    5.500 0 0   0
2   13.610    5.500 0 0   0
2   13.708    5.500 0 0   0
2   13.758    5.500 0 0   0
2   13.851    5.500 0 0   0
2   13.903    5.500 0 0   0
2   13.995    5.500 0 0   0
2   14.048    5.500 0 0   0
2   14.139    5.500 0 0   0
2   14.192    5.500 0 0   0
2   14.284    5.500 0 0   0
2   14.337    5.500 0 0   0
2   14.429    5.500 0 0   0
2   14.481    5.500 0 0   0
2   14.575    5.500 0 0   0
2   14.625    5.500 0 0   0
2   14.721    5.500 0 0   0
2   14.769    5.500 0 0   0
2   14.867    5.500 0 0   0
2   14.912    5.500 0 0   0
2   15.014    5.500 0 0   0
2   15.055    5.500 0 0   0
2   15.162    5.500 0 0   0
2   15.198    5.500 0 0   0
2   15.310    5.500 0 0   0
2   15.341    5.500 0 0   0
2   15.460    5.500 0 0   0
2   15.485    5.500 0 0   0
2   15.609    5.500 0 0   0
2   15.626    5.500 0 0   0
2   15.764    5.500 0 0   0
2   15.772    5.500 0 0   0
2   15.872    5.500 0 0   0
2   15.909    5.500 0 0   0
2   15.912    5.500 0 0   0
2   16.068    5.500 0 0   0
2   16.095    5.500 0 0   0
2   16.196    5.500 0 0   0
2   16.272    5.500 0 0   0
2   16.294    5.500 0 0   0
2   16.312    5.500 0 0   0
2   16.433    5.500 0 0   0
2   16.476    5.500 0 0   0
2   16.557    5.500 0 0   0
2   16.585    5.500 0 0   0
2   16.710    5.500 0 0   0
2   16.730    5.500 0 0   0
2   16.818    5.500 0 0   0
2   16.860    5.500 0 0   0
2   16.871    5.500 0 0   0
2   17.004    5.500 0 0   0
2   17.056    5.500 0 0   0
2   17.146    5.500 0 0   0
2   17.250    5.500 0 0   0
2   17.328    5.500 0 0   0
2   17.462    5.500 0 0   0
2   17.500    5.500 0 0   0
3    2.500    4.000 0 0   0
2    2.500    4.000 0 0   0
2    2.521    4.000 0 0   0
2    2.675    4.000 0 0   0
2    2.753    4.000 0 0   0
2    2.856    4.000 0 0   0
2    2.963    4.000 0 0   0
2    3.000    4.000 0 0   0
2    3.072    4.000 0 0   0
2    3.147    4.000 0 0   0
2    3.177    4.000 0 0   0
2    3.293    4.000 0 0   0
2    3.345    4.000 0 0   0
2    3.455    4.000 0 0   0
2    3.510    4.000 0 0   0
2    3.604    4.000 0 0   0
2    3.667    4.000 0 0   0
2    3.754    4.000 0 0   0
2    3.820    4.000 0 0   0
2    3.902    4.000 0 0   0
2    3.972    4.000 0 0   0
2    4.050    4.000 0 0   0
2    4.123    4.000 0 0   0
2    4.198    4.000 0 0   0
2    4.274    4.000 0 0   0
2    4.346    4.000 0 0   0
2    4.423    4.000 0 0   0
2    4.493    4.000 0 0   0
2    4.573    4.000 0 0   0
2    4.641    4.000 0 0   0
2    4.723    4.000 0 0   0
2    4.789    4.000 0 0   0
2    4.872    4.000 0 0   0
2    4.938    4.000 0 0   0
2    5.021    4.000 0 0   0
2    5.086    4.000 0 0   0
2    5.171    4.000 0 0   0
2    5.235    4.000 0 0   0
2    5.320    4.000 0 0   0
2    5.384    4.000 0 0   0
2    5.470    4.000 0 0   0
2    5.533    4.000 0 0   0
2    5.620    4.000 0 0   0
2    5.683    4.000 0 0   0
2    5.769    4.000 0 0   0
2    5.833    4.000 0 0   0
2    5.919    4.000 0 0   0
2    5.982    4.000 0 0   0
2    6.069    4.000 0 0   0
2    6.132    4.000 0 0   0
2    6.219    4.000 0 0   0
2    6.282    4.000 0 0   0
2    6.369    4.000 0 0   0
2    6.432    4.000 0 0   0
2    6.519    4.000 0 0   0
2    6.582    4.000 0 0   0
2    6.669    4.000 0 0   0
2    6.732    4.000 0 0   0
2    6.819    4.000 0 0   0
2    6.882    4.000 0 0   0
2    6.969    4.000 0 0   0
2    7.032    4.000 0 0   0
2    7.119    4.000 0 0   0
2    7.182    4.000 0 0   0
2    7.269    4.000 0 0   0
2    7.332    4.000 0 0   0
2    7.419    4.000 0 0   0
2    7.483    4.000 0 0   0
2    7.569    4.000 0 0   0
2    7.633    4.000 0 0   0
2    7.719    4.000 0 0   0
2    7.783    4.000 0 0   0
2    7.869    4.000 0 0   0
2    7.933    4.000 0 0   0
2    8.019    4.000 0 0   0
2    8.083    4.000 0 0   0
2    8.169    4.000 0 0   0
2    8.233    4.000 0 0   0
2    8.319    4.000 0 0   0
2    8.383    4.000 0 0   0
2    8.469    4.000 0 0   0
2    8.533    4.000 0 0   0
2    8.619    4.000 0 0   0
2    8.683    4.000 0 0   0
2    8.769    4.000 0 0   0
2    8.833    4.000 0 0   0
2    8.919    4.000 0 0   0
2    8.983    4.000 0 0   0
2    9.069    4.000 0 0   0
2    9.133    4.000 0 0   0
2    9.219    4.000 0 0   0
2    9.283    4.000 0 0   0
2    9.369    4.000 0 0   0
2    9.433    4.000 0 0   0
2    9.518    4.000 0 0   0
2    9.582    4.000 0 0   0
2    9.668    4.000 0 0   0
2    9.732    4.000 0 0   0
2    9.818    4.000 0 0   0
2    9.882    4.000 0 0   0
2    9.968    4.000 0 0   0
2   10.031    4.000 0 0   0
6    9.962    3.985    0.000    0.150   2
10
3   10.031    4.000 0 0   0
2   10.118    4.000 0 0   0
2   10.181    4.000 0 0   0
2   10.267    4.000 0 0   0
2   10.330    4.000 0 0   0
2   10.417    4.000 0 0   0
2   10.479    4.000 0 0   0
2   10.567    4.000 0 0   0
2   10.629    4.000 0 0   0
2   10.717    4.000 0 0   0
2   10.778    4.000 0 0   0
2   10.867    4.000 0 0   0
2   10.928    4.000 0 0   0
2   11.016    4.000 0 0   0
2   11.078    4.000 0 0   0
2   11.166    4.000 0 0   0
2   11.228    4.000 0 0   0
2   11.316    4.000 0 0   0
2   11.378    4.000 0 0   0
2   11.466    4.000 0 0   0
2   11.528    4.000 0 0   0
2   11.616    4.000 0 0   0
2   11.679    4.000 0 0   0
2   11.766    4.000 0 0   0
2   11.829    4.000 0 0   0
2   11.917    4.000 0 0   0
2   11.981    4.000 0 0   0
2   12.067    4.000 0 0   0
2   12.132    4.000 0 0   0
2   12.218    4.000 0 0   0
2   12.283    4.000 0 0   0
2   12.369    4.000 0 0   0
2   12.435    4.000 0 0   0
2   12.521    4.000 0 0   0
2   12.587    4.000 0 0   0
2   12.673    4.000 0 0   0
2   12.738    4.000 0 0   0
2   12.825    4.000 0 0   0
2   12.889    4.000 0 0   0
2   12.977    4.000 0 0   0
2   13.041    4.000 0 0   0
2   13.129    4.000 0 0   0
2   13.191    4.000 0 0   0
2   13.281    4.000 0 0   0
2   13.342    4.000 0 0   0
2   13.432    4.000 0 0   0
2   13.491    4.000 0 0   0
2   13.583    4.000 0 0   0
2   13.641    4.000 0 0   0
2   13.734    4.000 0 0   0
2   13.791    4.000 0 0   0
2   13.884    4.000 0 0   0
2   13.940    4.000 0 0   0
2   14.034    4.000 0 0   0
2   14.089    4.000 0 0   0
2   14.184    4.000 0 0   0
2   14.239    4.000 0 0   0
2   14.333    4.000 0 0   0
2   14.388    4.000 0 0   0
2   14.482    4.000 0 0   0
2   14.537    4.000 0 0   0
2   14.630    4.000 0 0   0
2   14.686    4.000 0 0   0
2   14.779    4.000 0 0   0
2   14.835    4.000 0 0   0
2   14.927    4.000 0 0   0
2   14.983    4.000 0 0   0
2   15.075    4.000 0 0   0
2   15.132    4.000 0 0   0
2   15.222    4.000 0 0   0
2   15.281    4.000 0 0   0
2   15.369    4.000 0 0   0
2   15.429    4.000 0 0   0
2   15.515    4.000 0 0   0
2   15.578    4.000 0 0   0
2   15.662    4.000 0 0   0
2   15.726    4.000 0 0   0
2   15.807    4.000 0 0   0
2   15.873    4.000 0 0   0
2   15.952    4.000 0 0   0
2   16.020    4.000 0 0   0
2   16.095    4.000 0 0   0
2   16.165    4.000 0 0   0
2   16.238    4.000 0 0   0
2   16.312    4.000 0 0   0
2   16.379    4.000 0 0   0
2   16.455    4.000 0 0   0
2   16.517    4.000 0 0   0
2   16.607    4.000 0 0   0
2   16.655    4.000 0 0   0
2   16.736    4.000 0 0   0
2   16.771    4.000 0 0   0
2   16.829    4.000 0 0   0
2   16.889    4.000 0 0   0
2   16.968    4.000 0 0   0
2   17.001    4.000 0 0   0
2   17.033    4.000 0 0   0
2   17.125    4.000 0 0   0
2   17.224    4.000 0 0   0
2   17.249    4.000 0 0   0
2   17.274    4.000 0 0   0
2   17.375    4.000 0 0   0
2   17.474    4.000 0 0   0
2   17.500    4.000 0 0   0
3    2.500    2.500 0 0   0
2    2.500    2.500 0 0   0
2    2.500    2.500 0 0   0
2    2.650    2.500 0 0   0
2    2.650    2.500 0 0   0
2    2.800    2.500 0 0   0
2    2.800    2.500 0 0   0
2    2.950    2.500 0 0   0
2    2.950    2.500 0 0   0
2    3.100    2.500 0 0   0
2    3.100    2.500 0 0   0
2    3.250    2.500 0 0   0
2    3.250    2.500 0 0   0
2    3.400    2.500 0 0   0
2    3.400    2.500 0 0   0
2    3.550    2.500 0 0   0
2    3.550    2.500 0 0   0
2    3.700    2.500 0 0   0
2    3.700    2.500 0 0   0
2    3.850    2.500 0 0   0
2    3.850    2.500 0 0   0
2    4.000    2.500 0 0   0
2    4.000    2.500 0 0   0
2    4.150    2.500 0 0   0
2    4.150    2.500 0 0   0
2    4.300    2.500 0 0   0
2    4.300    2.500 0 0   0
2    4.450    2.500 0 0   0
2    4.450    2.500 0 0   0
2    4.600    2.500 0 0   0
2    4.600    2.500 0 0   0
2    4.750    2.500 0 0   0
2    4.750    2.500 0 0   0
2    4.900    2.500 0 0   0
2    4.900    2.500 0 0   0
2    5.050    2.500 0 0   0
2    5.050    2.500 0 0   0
2    5.200    2.500 0 0   0
2    5.200    2.500 0 0   0
2    5.350    2.500 0 0   0
2    5.350    2.500 0 0   0
2    5.500    2.500 0 0   0
2    5.500    2.500 0 0   0
2    5.650    2.500 0 0   0
2    5.650    2.500 0 0   0
2    5.800    2.500 0 0   0
2    5.800    2.500 0 0   0
2    5.950    2.500 0 0   0
2    5.950    2.500 0 0   0
2    6.100    2.500 0 0   0
2    6.100    2.500 0 0   0
2    6.250    2.500 0 0   0
2    6.250    2.500 0 0   0
2    6.400    2.500 0 0   0
2    6.400    2.500 0 0   0
2    6.550    2.500 0 0   0
2    6.550    2.500 0 0   0
2    6.700    2.500 0 0   0
2    6.700    2.500 0 0   0
2    6.850    2.500 0 0   0
2    6.850    2.500 0 0   0
2    7.000    2.500 0 0   0
2    7.000    2.500 0 0   0
2    7.150    2.500 0 0   0
2    7.150    2.500 0 0   0
2    7.300    2.500 0 0   0
2    7.300    2.500 0 0   0
2    7.450    2.500 0 0   0
2    7.450    2.500 0 0   0
2    7.600    2.500 0 0   0
2    7.600    2.500 0 0   0
2    7.750    2.500 0 0   0
2    7.750    2.500 0 0   0
2    7.900    2.500 0 0   0
2    7.900    2.500 0 0   0
2    8.050    2.500 0 0   0
2    8.050    2.500 0 0   0
2    8.200    2.500 0 0   0
2    8.200    2.500 0 0   0
2    8.350    2.500 0 0   0
2    8.350    2.500 0 0   0
2    8.500    2.500 0 0   0
2    8.500    2.500 0 0   0
2    8.650    2.500 0 0   0
2    8.650    2.500 0 0   0
2    8.800    2.500 0 0   0
2    8.800    2.500 0 0   0
2    8.950    2.500 0 0   0
2    8.950    2.500 0 0   0
2    9.100    2.500 0 0   0
2    9.100    2.500 0 0   0
2    9.250    2.500 0 0   0
2    9.250    2.500 0 0   0
2    9.400    2.500 0 0   0
2    9.400    2.500 0 0   0
2    9.550    2.500 0 0   0
2    9.550    2.500 0 0   0
2    9.700    2.500 0 0   0
2    9.700    2.500 0 0   0
2    9.850    2.500 0 0   0
2    9.850    2.500 0 0   0
6    9.812    2.485    0.000    0.150   2
11
3    9.850    2.500 0 0   0
2   10.000    2.500 0 0   0
2   10.000    2.500 0 0   0
2   10.150    2.500 0 0   0
2   10.150    2.500 0 0   0
2   10.300    2.500 0 0   0
2   10.300    2.500 0 0   0
2   10.450    2.500 0 0   0
2   10.450    2.500 0 0   0
2   10.600    2.500 0 0   0
2   10.600    2.500 0 0   0
2   10.750    2.500 0 0   0
2   10.750    2.500 0 0   0
2   10.900    2.500 0 0   0
2   10.900    2.500 0 0   0
2   11.050    2.500 0 0   0
2   11.050    2.500 0 0   0
2   11.200    2.500 0 0   0
2   11.200    2.500 0 0   0
2   11.350    2.500 0 0   0
2   11.350    2.500 0 0   0
2   11.500    2.500 0 0   0
2   11.500    2.500 0 0   0
2   11.650    2.500 0 0   0
2   11.650    2.500 0 0   0
2   11.800    2.500 0 0   0
2   11.800    2.500 0 0   0
2   11.950    2.500 0 0   0
2   11.950    2.500 0 0   0
2   12.100    2.500 0 0   0
2   12.100    2.500 0 0   0
2   12.250    2.500 0 0   0
2   12.250    2.500 0 0   0
2   12.400    2.500 0 0   0
2   12.400    2.500 0 0   0
2   12.550    2.500 0 0   0
2   12.550    2.500 0 0   0
2   12.700    2.500 0 0   0
2   12.700    2.500 0 0   0
2   12.850    2.500 0 0   0
2   12.850    2.500 0 0   0
2   13.000    2.500 0 0   0
2   13.000    2.500 0 0   0
2   13.150    2.500 0 0   0
2   13.150    2.500 0 0   0
2   13.300    2.500 0 0   0
2   13.300    2.500 0 0   0
2   13.450    2.500 0 0   0
2   13.450    2.500 0 0   0
2   13.600    2.500 0 0   0
2   13.600    2.500 0 0   0
2   13.750    2.500 0 0   0
2   13.750    2.500 0 0   0
2   13.900    2.500 0 0   0
2   13.900    2.500 0 0   0
2   14.050    2.500 0 0   0
2   14.050    2.500 0 0   0
2   14.200    2.500 0 0   0
2   14.200    2.500 0 0   0
2   14.350    2.500 0 0   0
2   14.350    2.500 0 0   0
2   14.500    2.500 0 0   0
2   14.500    2.500 0 0   0
2   14.650    2.500 0 0   0
2   14.650    2.500 0 0   0
2   14.800    2.500 0 0   0
2   14.800    2.500 0 0   0
2   14.950    2.500 0 0   0
2   14.950    2.500 0 0   0
2   15.100    2.500 0 0   0
2   15.100    2.500 0 0   0
2   15.250    2.500 0 0   0
2   15.250    2.500 0 0   0
2   15.400    2.500 0 0   0
2   15.400    2.500 0 0   0
2   15.550    2.500 0 0   0
2   15.550    2.500 0 0   0
2   15.700    2.500 0 0   0
2   15.700    2.500 0 0   0
2   15.850    2.500 0 0   0
2   15.850    2.500 0 0   0
2   16.000    2.500 0 0   0
2   16.000    2.500 0 0   0
2   16.150    2.500 0 0   0
2   16.150    2.500 0 0   0
2   16.300    2.500 0 0   0
2   16.300    2.500 0 0   0
2   16.450    2.500 0 0   0
2   16.450    2.500 0 0   0
2   16.600    2.500 0 0   0
2   16.600    2.500 0 0   0
2   16.750    2.500 0 0   0
2   16.750    2.500 0 0   0
2   16.900    2.500 0 0   0
2   16.900    2.500 0 0   0
2   17.050    2.500 0 0   0
2   17.050    2.500 0 0   0
2   17.200    2.500 0 0   0
2   17.200    2.500 0 0   0
2   17.200    2.500 0 0   0
2   17.350    2.500 0 0   0
2   17.350    2.500 0 0   0
2   17.500    2.500 0 0   0
3    2.500    2.500 0 0   0
2    2.650    2.500 0 0   0
2    2.800    2.500 0 0   0
2    2.950    2.500 0 0   0
2    3.100    2.500 0 0   0
2    3.250    2.500 0 0   0
2    3.400    2.500 0 0   0
2    3.550    2.500 0 0   0
2    3.700    2.500 0 0   0
2    3.850    2.500 0 0   0
2    4.000    2.500 0 0   0
2    4.150    2.500 0 0   0
2    4.300    2.500 0 0   0
2    4.450    2.500 0 0   0
2    4.600    2.500 0 0   0
2    4.750    2.500 0 0   0
2    4.900    2.500 0 0   0
2    5.050    2.500 0 0   0
2    5.200    2.500 0 0   0
2    5.350    2.500 0 0   0
2    5.500    2.500 0 0   0
2    5.650    2.500 0 0   0
2    5.800    2.500 0 0   0
2    5.950    2.500 0 0   0
2    6.100    2.500 0 0   0
2    6.250    2.500 0 0   0
2    6.400    2.500 0 0   0
2    6.550    2.500 0 0   0
2    6.700    2.500 0 0   0
2    6.850    2.500 0 0   0
2    7.000    2.500 0 0   0
2    7.150    2.500 0 0   0
2    7.300    2.500 0 0   0
2    7.450    2.500 0 0   0
2    7.600    2.500 0 0   0
2    7.750    2.500 0 0   0
2    7.900    2.500 0 0   0
2    8.050    2.500 0 0   0
2    8.200    2.500 0 0   0
2    8.350    2.500 0 0   0
2    8.500    2.500 0 0   0
2    8.650    2.500 0 0   0
2    8.800    2.500 0 0   0
2    8.950    2.500 0 0   0
2    9.100    2.500 0 0   0
2    9.250    2.500 0 0   0
2    9.400    2.500 0 0   0
2    9.550    2.500 0 0   0
2    9.700    2.500 0 0   0
2    9.850    2.500 0 0   0
2   10.000    2.500 0 0   0
2   10.150    2.500 0 0   0
2   10.300    2.500 0 0   0
2   10.450    2.500 0 0   0
2   10.600    2.500 0 0   0
2   10.750    2.500 0 0   0
2   10.900    2.500 0 0   0
2   11.050    2.500 0 0   0
2   11.200    2.500 0 0   0
2   11.350    2.500 0 0   0
2   11.500    2.500 0 0   0
2   11.650    2.500 0 0   0
2   11.800    2.500 0 0   0
2   11.950    2.500 0 0   0
2   12.100    2.500 0 0   0
2   12.250    2.500 0 0   0
2   12.400    2.500 0 0   0
2   12.550    2.500 0 0   0
2   12.700    2.500 0 0   0
2   12.850    2.500 0 0   0
2   13.000    2.500 0 0   0
2   13.150    2.500 0 0   0
2   13.300    2.500 0 0   0
2   13.450    2.500 0 0   0
2   13.600    2.500 0 0   0
2   13.750    2.500 0 0   0
2   13.900    2.500 0 0   0
2   14.050    2.500 0 0   0
2   14.200    2.500 0 0   0
2   14.350    2.500 0 0   0
2   14.500    2.500 0 0   0
2   14.650    2.500 0 0   0
2   14.800    2.500 0 0   0
2   14.950    2.500 0 0   0
2   15.100    2.500 0 0   0
2   15.250    2.500 0 0   0
2   15.400    2.500 0 0   0
2   15.550    2.500 0 0   0
2   15.700    2.500 0 0   0
2   15.850    2.500 0 0   0
2   16.000    2.500 0 0   0
2   16.150    2.500 0 0   0
2   16.300    2.500 0 0   0
2   16.450    2.500 0 0   0
2   16.600    2.500 0 0   0
2   16.750    2.500 0 0   0
2   16.900    2.500 0 0   0
2   17.050    2.500 0 0   0
2   17.200    2.500 0 0   0
2   17.350    2.500 0 0   0
2   17.500    2.500 0 0   0
3   17.500    2.500 0 0   0
2   17.500    2.648 0 0   0
2   17.500    2.797 0 0   0
2   17.500    2.945 0 0   0
2   17.500    3.094 0 0   0
2   17.500    3.242 0 0   0
2   17.500    3.391 0 0   0
2   17.500    3.539 0 0   0
2   17.500    3.688 0 0   0
2   17.500    3.836 0 0   0
2   17.500    3.984 0 0   0
2   17.500    4.133 0 0   0
2   17.500    4.281 0 0   0
2   17.500    4.430 0 0   0
2   17.500    4.578 0 0   0
2   17.500    4.727 0 0   0
2   17.500    4.875 0 0   0
2   17.500    5.023 0 0   0
2   17.500    5.172 0 0   0
2   17.500    5.320 0 0   0
2   17.500    5.469 0 0   0
2   17.500    5.617 0 0   0
2   17.500    5.766 0 0   0
2   17.500    5.914 0 0   0
2   17.500    6.062 0 0   0
2   17.500    6.211 0 0   0
2   17.500    6.359 0 0   0
2   17.500    6.508 0 0   0
2   17.500    6.656 0 0   0
2   17.500    6.805 0 0   0
2   17.500    6.953 0 0   0
2   17.500    7.102 0 0   0
2   17.500    7.250 0 0   0
2   17.500    7.398 0 0   0
2   17.500    7.547 0 0   0
2   17.500    7.695 0 0   0
2   17.500    7.844 0 0   0
2   17.500    7.992 0 0   0
2   17.500    8.141 0 0   0
2   17.500    8.289 0 0   0
2   17.500    8.438 0 0   0
2   17.500    8.586 0 0   0
2   17.500    8.734 0 0   0
2   17.500    8.883 0 0   0
2   17.500    9.031 0 0   0
2   17.500    9.180 0 0   0
2   17.500    9.328 0 0   0
2   17.500    9.477 0 0   0
2   17.500    9.625 0 0   0
2   17.500    9.773 0 0   0
2   17.500    9.922 0 0   0
2   17.500   10.070 0 0   0
2   17.500   10.219 0 0   0
2   17.500   10.367 0 0   0
2   17.500   10.516 0 0   0
2   17.500   10.664 0 0   0
2   17.500   10.812 0 0   0
2   17.500   10.961 0 0   0
2   17.500   11.109 0 0   0
2   17.500   11.258 0 0   0
2   17.500   11.406 0 0   0
2   17.500   11.555 0 0   0
2   17.500   11.703 0 0   0
2   17.500   11.852 0 0   0
2   17.500   12.000 0 0   0
2   17.500   12.148 0 0   0
2   17.500   12.297 0 0   0
2   17.500   12.445 0 0   0
2   17.500   12.594 0 0   0
2   17.500   12.742 0 0   0
2   17.500   12.891 0 0   0
2   17.500   13.039 0 0   0
2   17.500   13.188 0 0   0
2   17.500   13.336 0 0   0
2   17.500   13.484 0 0   0
2   17.500   13.633 0 0   0
2   17.500   13.781 0 0   0
2   17.500   13.930 0 0   0
2   17.500   14.078 0 0   0
2   17.500   14.227 0 0   0
2   17.500   14.375 0 0   0
2   17.500   14.523 0 0   0
2   17.500   14.672 0 0   0
2   17.500   14.820 0 0   0
2   17.500   14.969 0 0   0
2   17.500   15.117 0 0   0
2   17.500   15.266 0 0   0
2   17.500   15.414 0 0   0
2   17.500   15.562 0 0   0
2   17.500   15.711 0 0   0
2   17.500   15.859 0 0   0
2   17.500   16.008 0 0   0
2   17.500   16.156 0 0   0
2   17.500   16.305 0 0   0
2   17.500   16.453 0 0   0
2   17.500   16.602 0 0   0
2   17.500   16.750 0 0   0
3   17.500   16.750 0 0   0
2   17.500   16.875 0 0   0
2   17.500   17.000 0 0   0
2   17.500   17.125 0 0   0
2   17.500   17.250 0 0   0
2   17.500   17.375 0 0   0
2   17.500   17.500 0 0   0
3   17.500   17.500 0 0   0
2   17.375   17.500 0 0   0
2   17.250   17.500 0 0   0
2   17.125   17.500 0 0   0
2   17.000   17.500 0 0   0
2   16.875   17.500 0 0   0
2   16.750   17.500 0 0   0
3   16.750   17.500 0 0   0
2   16.600   17.500 0 0   0
2   16.450   17.500 0 0   0
2   16.300   17.500 0 0   0
2   16.150   17.500 0 0   0
2   16.000   17.500 0 0   0
2   15.850   17.500 0 0   0
2   15.700   17.500 0 0   0
2   15.550   17.500 0 0   0
2   15.400   17.500 0 0   0
2   15.250   17.500 0 0   0
2   15.100   17.500 0 0   0
2   14.950   17.500 0 0   0
2   14.800   17.500 0 0   0
2   14.650   17.500 0 0   0
2   14.500   17.500 0 0   0
2   14.350   17.500 0 0   0
2   14.200   17.500 0 0   0
2   14.050   17.500 0 0   0
2   13.900   17.500 0 0   0
2   13.750   17.500 0 0   0
2   13.600   17.500 0 0   0
2   13.450   17.500 0 0   0
2   13.300   17.500 0 0   0
2   13.150   17.500 0 0   0
2   13.000   17.500 0 0   0
2   12.850   17.500 0 0   0
2   12.700   17.500 0 0   0
2   12.550   17.500 0 0   0
2   12.400   17.500 0 0   0
2   12.250   17.500 0 0   0
2   12.100   17.500 0 0   0
2   11.950   17.500 0 0   0
2   11.800   17.500 0 0   0
2   11.650   17.500 0 0   0
2   11.500   17.500 0 0   0
2   11.350   17.500 0 0   0
2   11.200   17.500 0 0   0
2   11.050   17.500 0 0   0
2   10.900   17.500 0 0   0
2   10.750   17.500 0 0   0
2   10.600   17.500 0 0   0
2   10.450   17.500 0 0   0
2   10.300   17.500 0 0   0
2   10.150   17.500 0 0   0
2   10.000   17.500 0 0   0
2    9.850   17.500 0 0   0
2    9.700   17.500 0 0   0
2    9.550   17.500 0 0   0
2    9.400   17.500 0 0   0
2    9.250   17.500 0 0   0
2    9.100   17.500 0 0   0
2    8.950   17.500 0 0   0
2    8.800   17.500 0 0   0
2    8.650   17.500 0 0   0
2    8.500   17.500 0 0   0
2    8.350   17.500 0 0   0
2    8.200   17.500 0 0   0
2    8.050   17.500 0 0   0
2    7.900   17.500 0 0   0
2    7.750   17.500 0 0   0
2    7.600   17.500 0 0   0
2    7.450   17.500 0 0   0
2    7.300   17.500 0 0   0
2    7.150   17.500 0 0   0
2    7.000   17.500 0 0   0
2    6.850   17.500 0 0   0
2    6.700   17.500 0 0   0
2    6.550   17.500 0 0   0
2    6.400   17.500 0 0   0
2    6.250   17.500 0 0   0
2    6.100   17.500 0 0   0
2    5.950   17.500 0 0   0
2    5.800   17.500 0 0   0
2    5.650   17.500 0 0   0
2    5.500   17.500 0 0   0
2    5.350   17.500 0 0   0
2    5.200   17.500 0 0   0
2    5.050   17.500 0 0   0
2    4.900   17.500 0 0   0
2    4.750   17.500 0 0   0
2    4.600   17.500 0 0   0
2    4.450   17.500 0 0   0
2    4.300   17.500 0 0   0
2    4.150   17.500 0 0   0
2    4.000   17.500 0 0   0
2    3.850   17.500 0 0   0
2    3.700   17.500 0 0   0
2    3.550   17.500 0 0   0
2    3.400   17.500 0 0   0
2    3.250   17.500 0 0   0
3    3.250   17.500 0 0   0
2    3.125   17.500 0 0   0
2    3.000   17.500 0 0   0
2    2.875   17.500 0 0   0
2    2.750   17.500 0 0   0
2    2.625   17.500 0 0   0
2    2.500   17.500 0 0   0
3    2.500   17.500 0 0   0
2    2.500   17.375 0 0   0
2    2.500   17.250 0 0   0
2    2.500   17.125 0 0   0
2    2.500   17.000 0 0   0
2    2.500   16.875 0 0   0
2    2.500   16.750 0 0   0
3    2.500   16.750 0 0   0
2    2.500   16.602 0 0   0
2    2.500   16.453 0 0   0
2    2.500   16.305 0 0   0
2    2.500   16.156 0 0   0
2    2.500   16.008 0 0   0
2    2.500   15.859 0 0   0
2    2.500   15.711 0 0   0
2    2.500   15.562 0 0   0
2    2.500   15.414 0 0   0
2    2.500   15.266 0 0   0
2    2.500   15.117 0 0   0
2    2.500   14.969 0 0   0
2    2.500   14.820 0 0   0
2    2.500   14.672 0 0   0
2    2.500   14.523 0 0   0
2    2.500   14.375 0 0   0
2    2.500   14.227 0 0   0
2    2.500   14.078 0 0   0
2    2.500   13.930 0 0   0
2    2.500   13.781 0 0   0
2    2.500   13.633 0 0   0
2    2.500   13.484 0 0   0
2    2.500   13.336 0 0   0
2    2.500   13.188 0 0   0
2    2.500   13.039 0 0   0
2    2.500   12.891 0 0   0
2    2.500   12.742 0 0   0
2    2.500   12.594 0 0   0
2    2.500   12.445 0 0   0
2    2.500   12.297 0 0   0
2    2.500   12.148 0 0   0
2    2.500   12.000 0 0   0
2    2.500   11.852 0 0   0
2    2.500   11.703 0 0   0
2    2.500   11.555 0 0   0
2    2.500   11.406 0 0   0
2    2.500   11.258 0 0   0
2    2.500   11.109 0 0   0
2    2.500   10.961 0 0   0
2    2.500   10.812 0 0   0
2    2.500   10.664 0 0   0
2    2.500   10.516 0 0   0
2    2.500   10.367 0 0   0
2    2.500   10.219 0 0   0
2    2.500   10.070 0 0   0
2    2.500    9.922 0 0   0
2    2.500    9.773 0 0   0
2    2.500    9.625 0 0   0
2    2.500    9.477 0 0   0
2    2.500    9.328 0 0   0
2    2.500    9.180 0 0   0
2    2.500    9.031 0 0   0
2    2.500    8.883 0 0   0
2    2.500    8.734 0 0   0
2    2.500    8.586 0 0   0
2    2.500    8.438 0 0   0
2    2.500    8.289 0 0   0
2    2.500    8.141 0 0   0
2    2.500    7.992 0 0   0
2    2.500    7.844 0 0   0
2    2.500    7.695 0 0   0
2    2.500    7.547 0 0   0
2    2.500    7.398 0 0   0
2    2.500    7.250 0 0   0
2    2.500    7.102 0 0   0
2    2.500    6.953 0 0   0
2    2.500    6.805 0 0   0
2    2.500    6.656 0 0   0
2    2.500    6.508 0 0   0
2    2.500    6.359 0 0   0
2    2.500    6.211 0 0   0
2    2.500    6.062 0 0   0
2    2.500    5.914 0 0   0
2    2.500    5.766 0 0   0
2    2.500    5.617 0 0   0
2    2.500    5.469 0 0   0
2    2.500    5.320 0 0   0
2    2.500    5.172 0 0   0
2    2.500    5.023 0 0   0
2    2.500    4.875 0 0   0
2    2.500    4.727 0 0   0
2    2.500    4.578 0 0   0
2    2.500    4.430 0 0   0
2    2.500    4.281 0 0   0
2    2.500    4.133 0 0   0
2    2.500    3.984 0 0   0
2    2.500    3.836 0 0   0
2    2.500    3.688 0 0   0
2    2.500    3.539 0 0   0
2    2.500    3.391 0 0   0
2    2.500    3.242 0 0   0
2    2.500    3.094 0 0   0
2    2.500    2.945 0 0   0
2    2.500    2.797 0 0   0
2    2.500    2.648 0 0   0
2    2.500    2.500 0 0   0
3    2.500    2.500 0 0   0
2    2.650    2.500 0 0   0
2    2.800    2.500 0 0   0
2    2.950    2.500 0 0   0
2    3.100    2.500 0 0   0
2    3.250    2.500 0 0   0
2    3.400    2.500 0 0   0
2    3.550    2.500 0 0   0
2    3.700    2.500 0 0   0
2    3.850    2.500 0 0   0
2    4.000    2.500 0 0   0
2    4.150    2.500 0 0   0
2    4.300    2.500 0 0   0
2    4.450    2.500 0 0   0
2    4.600    2.500 0 0   0
2    4.750    2.500 0 0   0
2    4.900    2.500 0 0   0
2    5.050    2.500 0 0   0
2    5.200    2.500 0 0   0
2    5.350    2.500 0 0   0
2    5.500    2.500 0 0   0
2    5.650    2.500 0 0   0
2    5.800    2.500 0 0   0
2    5.950    2.500 0 0   0
2    6.100    2.500 0 0   0
2    6.250    2.500 0 0   0
2    6.400    2.500 0 0   0
2    6.550    2.500 0 0   0
2    6.700    2.500 0 0   0
2    6.850    2.500 0 0   0
2    7.000    2.500 0 0   0
2    7.150    2.500 0 0   0
2    7.300    2.500 0 0   0
2    7.450    2.500 0 0   0
2    7.600    2.500 0 0   0
2    7.750    2.500 0 0   0
2    7.900    2.500 0 0   0
2    8.050    2.500 0 0   0
2    8.200    2.500 0 0   0
2    8.350    2.500 0 0   0
2    8.500    2.500 0 0   0
2    8.650    2.500 0 0   0
2    8.800    2.500 0 0   0
2    8.950    2.500 0 0   0
2    9.100    2.500 0 0   0
2    9.250    2.500 0 0   0
2    9.400    2.500 0 0   0
2    9.550    2.500 0 0   0
2    9.700    2.500 0 0   0
2    9.850    2.500 0 0   0
2   10.000    2.500 0 0   0
2   10.150    2.500 0 0   0
2   10.300    2.500 0 0   0
2   10.450    2.500 0 0   0
2   10.600    2.500 0 0   0
2   10.750    2.500 0 0   0
2   10.900    2.500 0 0   0
2   11.050    2.500 0 0   0
2   11.200    2.500 0 0   0
2   11.350    2.500 0 0   0
2   11.500    2.500 0 0   0
2   11.650    2.500 0 0   0
2   11.800    2.500 0 0   0
2   11.950    2.500 0 0   0
2   12.100    2.500 0 0   0
2   12.250    2.500 0 0   0
2   12.400    2.500 0 0   0
2   12.550    2.500 0 0   0
2   12.700    2.500 0 0   0
2   12.850    2.500 0 0   0
2   13.000    2.500 0 0   0
2   13.150    2.500 0 0   0
2   13.300    2.500 0 0   0
2   13.450    2.500 0 0   0
2   13.600    2.500 0 0   0
2   13.750    2.500 0 0   0
2   13.900    2.500 0 0   0
2   14.050    2.500 0 0   0
2   14.200    2.500 0 0   0
2   14.350    2.500 0 0   0
2   14.500    2.500 0 0   0
2   14.650    2.500 0 0   0
2   14.800    2.500 0 0   0
2   14.950    2.500 0 0   0
2   15.100    2.500 0 0   0
2   15.250    2.500 0 0   0
2   15.400    2.500 0 0   0
2   15.550    2.500 0 0   0
2   15.700    2.500 0 0   0
2   15.850    2.500 0 0   0
2   16.000    2.500 0 0   0
2   16.150    2.500 0 0   0
2   16.300    2.500 0 0   0
2   16.450    2.500 0 0   0
2   16.600    2.500 0 0   0
2   16.750    2.500 0 0   0
2   16.900    2.500 0 0   0
2   17.050    2.500 0 0   0
2   17.200    2.500 0 0   0
2   17.350    2.500 0 0   0
2   17.500    2.500 0 0   0
3   17.500   17.500 0 0   0
2   17.375   17.500 0 0   0
2   17.250   17.500 0 0   0
2   17.125   17.500 0 0   0
2   17.000   17.500 0 0   0
2   16.875   17.500 0 0   0
2   16.750   17.500 0 0   0
2   16.750   17.500 0 0   0
2   16.600   17.500 0 0   0
2   16.450   17.500 0 0   0
2   16.300   17.500 0 0   0
2   16.150   17.500 0 0   0
2   16.000   17.500 0 0   0
2   15.850   17.500 0 0   0
2   15.700   17.500 0 0   0
2   15.550   17.500 0 0   0
2   15.400   17.500 0 0   0
2   15.250   17.500 0 0   0
2   15.100   17.500 0 0   0
2   14.950   17.500 0 0   0
2   14.800   17.500 0 0   0
2   14.650   17.500 0 0   0
2   14.500   17.500 0 0   0
2   14.350   17.500 0 0   0
2   14.200   17.500 0 0   0
2   14.050   17.500 0 0   0
2   13.900   17.500 0 0   0
2   13.750   17.500 0 0   0
2   13.600   17.500 0 0   0
2   13.450   17.500 0 0   0
2   13.300   17.500 0 0   0
2   13.150   17.500 0 0   0
2   13.000   17.500 0 0   0
2   12.850   17.500 0 0   0
2   12.700   17.500 0 0   0
2   12.550   17.500 0 0   0
2   12.400   17.500 0 0   0
2   12.250   17.500 0 0   0
2   12.100   17.500 0 0   0
2   11.950   17.500 0 0   0
2   11.800   17.500 0 0   0
2   11.650   17.500 0 0   0
2   11.500   17.500 0 0   0
2   11.350   17.500 0 0   0
2   11.200   17.500 0 0   0
2   11.050   17.500 0 0   0
2   10.900   17.500 0 0   0
2   10.750   17.500 0 0   0
2   10.600   17.500 0 0   0
2   10.450   17.500 0 0   0
2   10.300   17.500 0 0   0
2   10.150   17.500 0 0   0
2   10.000   17.500 0 0   0
2    9.850   17.500 0 0   0
2    9.700   17.500 0 0   0
2    9.550   17.500 0 0   0
2    9.400   17.500 0 0   0
2    9.250   17.500 0 0   0
2    9.100   17.500 0 0   0
2    8.950   17.500 0 0   0
2    8.800   17.500 0 0   0
2    8.650   17.500 0 0   0
2    8.500   17.500 0 0   0
2    8.350   17.500 0 0   0
2    8.200   17.500 0 0   0
2    8.050   17.500 0 0   0
2    7.900   17.500 0 0   0
2    7.750   17.500 0 0   0
2    7.600   17.500 0 0   0
2    7.450   17.500 0 0   0
2    7.300   17.500 0 0   0
2    7.150   17.500 0 0   0
2    7.000   17.500 0 0   0
2    6.850   17.500 0 0   0
2    6.700   17.500 0 0   0
2    6.550   17.500 0 0   0
2    6.400   17.500 0 0   0
2    6.250   17.500 0 0   0
2    6.100   17.500 0 0   0
2    5.950   17.500 0 0   0
2    5.800   17.500 0 0   0
2    5.650   17.500 0 0   0
2    5.500   17.500 0 0   0
2    5.350   17.500 0 0   0
2    5.200   17.500 0 0   0
2    5.050   17.500 0 0   0
2    4.900   17.500 0 0   0
2    4.750   17.500 0 0   0
2    4.600   17.500 0 0   0
2    4.450   17.500 0 0   0
2    4.300   17.500 0 0   0
2    4.150   17.500 0 0   0
2    4.000   17.500 0 0   0
2    3.850   17.500 0 0   0
2    3.700   17.500 0 0   0
2    3.550   17.500 0 0   0
2    3.400   17.500 0 0   0
2    3.250   17.500 0 0   0
2    3.250   17.500 0 0   0
2    3.125   17.500 0 0   0
2    3.000   17.500 0 0   0
2    2.875   17.500 0 0   0
2    2.750   17.500 0 0   0
2    2.625   17.500 0 0   0
2    2.500   17.500 0 0   0
3   17.500    2.500 0 0   0
2   17.500    2.648 0 0   0
2   17.500    2.797 0 0   0
2   17.500    2.945 0 0   0
2   17.500    3.094 0 0   0
2   17.500    3.242 0 0   0
2   17.500    3.391 0 0   0
2   17.500    3.539 0 0   0
2   17.500    3.688 0 0   0
2   17.500    3.836 0 0   0
2   17.500    3.984 0 0   0
2   17.500    4.133 0 0   0
2   17.500    4.281 0 0   0
2   17.500    4.430 0 0   0
2   17.500    4.578 0 0   0
2   17.500    4.727 0 0   0
2   17.500    4.875 0 0   0
2   17.500    5.023 0 0   0
2   17.500    5.172 0 0   0
2   17.500    5.320 0 0   0
2   17.500    5.469 0 0   0
2   17.500    5.617 0 0   0
2   17.500    5.766 0 0   0
2   17.500    5.914 0 0   0
2   17.500    6.062 0 0   0
2   17.500    6.211 0 0   0
2   17.500    6.359 0 0   0
2   17.500    6.508 0 0   0
2   17.500    6.656 0 0   0
2   17.500    6.805 0 0   0
2   17.500    6.953 0 0   0
2   17.500    7.102 0 0   0
2   17.500    7.250 0 0   0
2   17.500    7.398 0 0   0
2   17.500    7.547 0 0   0
2   17.500    7.695 0 0   0
2   17.500    7.844 0 0   0
2   17.500    7.992 0 0   0
2   17.500    8.141 0 0   0
2   17.500    8.289 0 0   0
2   17.500    8.438 0 0   0
2   17.500    8.586 0 0   0
2   17.500    8.734 0 0   0
2   17.500    8.883 0 0   0
2   17.500    9.031 0 0   0
2   17.500    9.180 0 0   0
2   17.500    9.328 0 0   0
2   17.500    9.477 0 0   0
2   17.500    9.625 0 0   0
2   17.500    9.773 0 0   0
2   17.500    9.922 0 0   0
2   17.500   10.070 0 0   0
2   17.500   10.219 0 0   0
2   17.500   10.367 0 0   0
2   17.500   10.516 0 0   0
2   17.500   10.664 0 0   0
2   17.500   10.812 0 0   0
2   17.500   10.961 0 0   0
2   17.500   11.109 0 0   0
2   17.500   11.258 0 0   0
2   17.500   11.406 0 0   0
2   17.500   11.555 0 0   0
2   17.500   11.703 0 0   0
2   17.500   11.852 0 0   0
2   17.500   12.000 0 0   0
2   17.500   12.148 0 0   0
2   17.500   12.297 0 0   0
2   17.500   12.445 0 0   0
2   17.500   12.594 0 0   0
2   17.500   12.742 0 0   0
2   17.500   12.891 0 0   0
2   17.500   13.039 0 0   0
2   17.500   13.188 0 0   0
2   17.500   13.336 0 0   0
2   17.500   13.484 0 0   0
2   17.500   13.633 0 0   0
2   17.500   13.781 0 0   0
2   17.500   13.930 0 0   0
2   17.500   14.078 0 0   0
2   17.500   14.227 0 0   0
2   17.500   14.375 0 0   0
2   17.500   14.523 0 0   0
2   17.500   14.672 0 0   0
2   17.500   14.820 0 0   0
2   17.500   14.969 0 0   0
2   17.500   15.117 0 0   0
2   17.500   15.266 0 0   0
2   17.500   15.414 0 0   0
2   17.500   15.562 0 0   0
2   17.500   15.711 0 0   0
2   17.500   15.859 0 0   0
2   17.500   16.008 0 0   0
2   17.500   16.156 0 0   0
2   17.500   16.305 0 0   0
2   17.500   16.453 0 0   0
2   17.500   16.602 0 0   0
2   17.500   16.750 0 0   0
2   17.500   16.750 0 0   0
2   17.500   16.875 0 0   0
2   17.500   17.000 0 0   0
2   17.500   17.125 0 0   0
2   17.500   17.250 0 0   0
2   17.500   17.375 0 0   0
2   17.500   17.500 0 0   0
3    2.500   17.500 0 0   0
2    2.500   17.375 0 0   0
2    2.500   17.250 0 0   0
2    2.500   17.125 0 0   0
2    2.500   17.000 0 0   0
2    2.500   16.875 0 0   0
2    2.500   16.750 0 0   0
2    2.500   16.750 0 0   0
2    2.500   16.602 0 0   0
2    2.500   16.453 0 0   0
2    2.500   16.305 0 0   0
2    2.500   16.156 0 0   0
2    2.500   16.008 0 0   0
2    2.500   15.859 0 0   0
2    2.500   15.711 0 0   0
2    2.500   15.562 0 0   0
2    2.500   15.414 0 0   0
2    2.500   15.266 0 0   0
2    2.500   15.117 0 0   0
2    2.500   14.969 0 0   0
2    2.500   14.820 0 0   0
2    2.500   14.672 0 0   0
2    2.500   14.523 0 0   0
2    2.500   14.375 0 0   0
2    2.500   14.227 0 0   0
2    2.500   14.078 0 0   0
2    2.500   13.930 0 0   0
2    2.500   13.781 0 0   0
2    2.500   13.633 0 0   0
2    2.500   13.484 0 0   0
2    2.500   13.336 0 0   0
2    2.500   13.188 0 0   0
2    2.500   13.039 0 0   0
2    2.500   12.891 0 0   0
2    2.500   12.742 0 0   0
2    2.500   12.594 0 0   0
2    2.500   12.445 0 0   0
2    2.500   12.297 0 0   0
2    2.500   12.148 0 0   0
2    2.500   12.000 0 0   0
2    2.500   11.852 0 0   0
2    2.500   11.703 0 0   0
2    2.500   11.555 0 0   0
2    2.500   11.406 0 0   0
2    2.500   11.258 0 0   0
2    2.500   11.109 0 0   0
2    2.500   10.961 0 0   0
2    2.500   10.812 0 0   0
2    2.500   10.664 0 0   0
2    2.500   10.516 0 0   0
2    2.500   10.367 0 0   0
2    2.500   10.219 0 0   0
2    2.500   10.070 0 0   0
2    2.500    9.922 0 0   0
2    2.500    9.773 0 0   0
2    2.500    9.625 0 0   0
2    2.500    9.477 0 0   0
2    2.500    9.328 0 0   0
2    2.500    9.180 0 0   0
2    2.500    9.031 0 0   0
2    2.500    8.883 0 0   0
2    2.500    8.734 0 0   0
2    2.500    8.586 0 0   0
2    2.500    8.438 0 0   0
2    2.500    8.289 0 0   0
2    2.500    8.141 0 0   0
2    2.500    7.992 0 0   0
2    2.500    7.844 0 0   0
2    2.500    7.695 0 0   0
2    2.500    7.547 0 0   0
2    2.500    7.398 0 0   0
2    2.500    7.250 0 0   0
2    2.500    7.102 0 0   0
2    2.500    6.953 0 0   0
2    2.500    6.805 0 0   0
2    2.500    6.656 0 0   0
2    2.500    6.508 0 0   0
2    2.500    6.359 0 0   0
2    2.500    6.211 0 0   0
2    2.500    6.062 0 0   0
2    2.500    5.914 0 0   0
2    2.500    5.766 0 0   0
2    2.500    5.617 0 0   0
2    2.500    5.469 0 0   0
2    2.500    5.320 0 0   0
2    2.500    5.172 0 0   0
2    2.500    5.023 0 0   0
2    2.500    4.875 0 0   0
2    2.500    4.727 0 0   0
2    2.500    4.578 0 0   0
2    2.500    4.430 0 0   0
2    2.500    4.281 0 0   0
2    2.500    4.133 0 0   0
2    2.500    3.984 0 0   0
2    2.500    3.836 0 0   0
2    2.500    3.688 0 0   0
2    2.500    3.539 0 0   0
2    2.500    3.391 0 0   0
2    2.500    3.242 0 0   0
2    2.500    3.094 0 0   0
2    2.500    2.945 0 0   0
2    2.500    2.797 0 0   0
2    2.500    2.648 0 0   0
2    2.500    2.500 0 0   0
3    2.500   16.750 0 0   0
2    2.625   16.750 0 0   0
2    2.750   16.750 0 0   0
2    2.875   16.750 0 0   0
2    3.000   16.750 0 0   0
2    3.125   16.750 0 0   0
2    3.250   16.750 0 0   0
2    3.250   16.750 0 0   0
2    3.400   16.750 0 0   0
2    3.550   16.750 0 0   0
2    3.700   16.750 0 0   0
2    3.850   16.750 0 0   0
2    4.000   16.750 0 0   0
2    4.150   16.750 0 0   0
2    4.300   16.750 0 0   0
2    4.450   16.750 0 0   0
2    4.600   16.750 0 0   0
2    4.750   16.750 0 0   0
2    4.900   16.750 0 0   0
2    5.050   16.750 0 0   0
2    5.200   16.750 0 0   0
2    5.350   16.750 0 0   0
2    5.500   16.750 0 0   0
2    5.650   16.750 0 0   0
2    5.800   16.750 0 0   0
2    5.950   16.750 0 0   0
2    6.100   16.750 0 0   0
2    6.250   16.750 0 0   0
2    6.400   16.750 0 0   0
2    6.550   16.750 0 0   0
2    6.700   16.750 0 0   0
2    6.850   16.750 0 0   0
2    7.000   16.750 0 0   0
2    7.150   16.750 0 0   0
2    7.300   16.750 0 0   0
2    7.450   16.750 0 0   0
2    7.600   16.750 0 0   0
2    7.750   16.750 0 0   0
2    7.900   16.750 0 0   0
2    8.050   16.750 0 0   0
2    8.200   16.750 0 0   0
2    8.350   16.750 0 0   0
2    8.500   16.750 0 0   0
2    8.650   16.750 0 0   0
2    8.800   16.750 0 0   0
2    8.950   16.750 0 0   0
2    9.100   16.750 0 0   0
2    9.250   16.750 0 0   0
2    9.400   16.750 0 0   0
2    9.550   16.750 0 0   0
2    9.700   16.750 0 0   0
2    9.850   16.750 0 0   0
2   10.000   16.750 0 0   0
2   10.150   16.750 0 0   0
2   10.300   16.750 0 0   0
2   10.450   16.750 0 0   0
2   10.600   16.750 0 0   0
2   10.750   16.750 0 0   0
2   10.900   16.750 0 0   0
2   11.050   16.750 0 0   0
2   11.200   16.750 0 0   0
2   11.350   16.750 0 0   0
2   11.500   16.750 0 0   0
2   11.650   16.750 0 0   0
2   11.800   16.750 0 0   0
2   11.950   16.750 0 0   0
2   12.100   16.750 0 0   0
2   12.250   16.750 0 0   0
2   12.400   16.750 0 0   0
2   12.550   16.750 0 0   0
2   12.700   16.750 0 0   0
2   12.850   16.750 0 0   0
2   13.000   16.750 0 0   0
2   13.150   16.750 0 0   0
2   13.300   16.750 0 0   0
2   13.450   16.750 0 0   0
2   13.600   16.750 0 0   0
2   13.750   16.750 0 0   0
2   13.900   16.750 0 0   0
2   14.050   16.750 0 0   0
2   14.200   16.750 0 0   0
2   14.350   16.750 0 0   0
2   14.500   16.750 0 0   0
2   14.650   16.750 0 0   0
2   14.800   16.750 0 0   0
2   14.950   16.750 0 0   0
2   15.100   16.750 0 0   0
2   15.250   16.750 0 0   0
2   15.400   16.750 0 0   0
2   15.550   16.750 0 0   0
2   15.700   16.750 0 0   0
2   15.850   16.750 0 0   0
2   16.000   16.750 0 0   0
2   16.150   16.750 0 0   0
2   16.300   16.750 0 0   0
2   16.450   16.750 0 0   0
2   16.600   16.750 0 0   0
2   16.750   16.750 0 0   0
2   16.750   16.750 0 0   0
2   16.875   16.750 0 0   0
2   17.000   16.750 0 0   0
2   17.125   16.750 0 0   0
2   17.250   16.750 0 0   0
2   17.375   16.750 0 0   0
2   17.500   16.750 0 0   0
5    0.000    0.000 0 0   0
