1    1.000   20.000 0 0   0
6    3.500    0.750    0.000    0.250  80
x                                                                               
3   23.750    0.875 0 0   0
2   24.500    0.875 0 0   0
2   24.250    1.000 0 0   0
2   24.250    0.750 0 0   0
2   24.500    0.875 0 0   0
6    0.875    3.500   90.000    0.250  80
y                                                                               
3    0.750   23.750 0 0   0
2    0.750   24.500 0 0   0
2    0.625   24.250 0 0   0
2    0.875   24.250 0 0   0
2    0.750   24.500 0 0   0
5    0.000    0.000 0 0   0
