1    1.000   20.000 0 0   0
6    3.500    0.750    0.000    0.250  80
x                                                                               
3   23.750    0.875 0 0   0
2   24.500    0.875 0 0   0
2   24.250    1.000 0 0   0
2   24.250    0.750 0 0   0
2   24.500    0.875 0 0   0
6    0.875    3.500   90.000    0.250  80
y                                                                               
3    0.750   23.750 0 0   0
2    0.750   24.500 0 0   0
2    0.625   24.250 0 0   0
2    0.875   24.250 0 0   0
2    0.750   24.500 0 0   0
3   17.500   10.070 0 0   0
2   17.500   10.070 0 0   0
2   17.500   10.070 0 0   0
2   17.500   10.070 0 0   0
2   17.500   10.070 0 0   0
3   17.500    6.917 0 0   0
2   17.500    6.917 0 0   0
2   17.460    6.926 0 0   0
2   17.369    6.947 0 0   0
2   17.284    6.968 0 0   0
2   17.241    6.979 0 0   0
2   17.167    7.001 0 0   0
2   17.114    7.016 0 0   0
2   17.076    7.028 0 0   0
2   16.992    7.057 0 0   0
2   16.897    7.092 0 0   0
2   16.878    7.099 0 0   0
2   16.841    7.114 0 0   0
2   16.762    7.148 0 0   0
2   16.722    7.166 0 0   0
2   16.651    7.199 0 0   0
2   16.565    7.242 0 0   0
2   16.542    7.254 0 0   0
2   16.486    7.285 0 0   0
2   16.435    7.313 0 0   0
2   16.416    7.325 0 0   0
2   16.331    7.377 0 0   0
2   16.280    7.410 0 0   0
2   16.228    7.446 0 0   0
2   16.152    7.500 0 0   0
2   16.126    7.520 0 0   0
2   16.034    7.593 0 0   0
2   16.025    7.600 0 0   0
2   15.949    7.666 0 0   0
2   15.926    7.686 0 0   0
2   15.924    7.689 0 0   0
2   15.829    7.780 0 0   0
2   15.822    7.788 0 0   0
2   15.734    7.881 0 0   0
2   15.727    7.889 0 0   0
2   15.640    7.990 0 0   0
2   15.639    7.992 0 0   0
2   15.626    8.009 0 0   0
2   15.558    8.098 0 0   0
2   15.550    8.109 0 0   0
2   15.483    8.206 0 0   0
2   15.462    8.239 0 0   0
2   15.414    8.315 0 0   0
2   15.377    8.379 0 0   0
2   15.351    8.426 0 0   0
2   15.293    8.534 0 0   0
2   15.291    8.539 0 0   0
2   15.286    8.551 0 0   0
2   15.239    8.654 0 0   0
2   15.219    8.701 0 0   0
2   15.190    8.772 0 0   0
2   15.152    8.873 0 0   0
2   15.147    8.888 0 0   0
2   15.137    8.917 0 0   0
2   15.109    9.004 0 0   0
2   15.096    9.047 0 0   0
2   15.079    9.111 0 0   0
2   15.052    9.217 0 0   0
2   15.049    9.228 0 0   0
2   15.025    9.347 0 0   0
2   15.021    9.367 0 0   0
2   15.011    9.424 0 0   0
2   14.999    9.500 0 0   0
2   14.994    9.539 0 0   0
2   14.983    9.644 0 0   0
2   14.971    9.770 0 0   0
2   14.969    9.789 0 0   0
2   14.969    9.805 0 0   0
2   14.965    9.928 0 0   0
2   14.964   10.044 0 0   0
6   14.866    9.982    0.000    0.150   1
2
3   14.964   10.044 0 0   0
2   14.964   10.068 0 0   0
2   14.964   10.084 0 0   0
2   14.969   10.183 0 0   0
2   14.974   10.271 0 0   0
2   14.976   10.301 0 0   0
2   14.980   10.343 0 0   0
2   14.987   10.405 0 0   0
2   14.994   10.462 0 0   0
2   15.001   10.512 0 0   0
2   15.008   10.559 0 0   0
2   15.019   10.620 0 0   0
2   15.034   10.699 0 0   0
2   15.040   10.728 0 0   0
2   15.044   10.746 0 0   0
2   15.067   10.841 0 0   0
2   15.086   10.918 0 0   0
2   15.097   10.955 0 0   0
2   15.129   11.061 0 0   0
2   15.132   11.071 0 0   0
2   15.133   11.074 0 0   0
2   15.175   11.189 0 0   0
2   15.186   11.220 0 0   0
2   15.221   11.305 0 0   0
2   15.243   11.356 0 0   0
2   15.273   11.420 0 0   0
2   15.303   11.483 0 0   0
2   15.329   11.534 0 0   0
2   15.367   11.605 0 0   0
2   15.389   11.642 0 0   0
2   15.443   11.733 0 0   0
2   15.461   11.761 0 0   0
2   15.534   11.869 0 0   0
2   15.538   11.876 0 0   0
2   15.545   11.884 0 0   0
2   15.624   11.987 0 0   0
2   15.688   12.065 0 0   0
2   15.713   12.095 0 0   0
2   15.742   12.127 0 0   0
2   15.796   12.185 0 0   0
2   15.850   12.240 0 0   0
2   15.881   12.271 0 0   0
2   15.909   12.296 0 0   0
2   15.969   12.351 0 0   0
2   16.058   12.427 0 0   0
2   16.060   12.429 0 0   0
2   16.062   12.430 0 0   0
2   16.157   12.503 0 0   0
2   16.205   12.538 0 0   0
2   16.256   12.573 0 0   0
2   16.348   12.634 0 0   0
2   16.359   12.641 0 0   0
2   16.394   12.662 0 0   0
2   16.467   12.705 0 0   0
2   16.488   12.717 0 0   0
2   16.578   12.764 0 0   0
2   16.625   12.788 0 0   0
2   16.693   12.821 0 0   0
2   16.759   12.851 0 0   0
2   16.810   12.873 0 0   0
2   16.889   12.905 0 0   0
2   16.934   12.922 0 0   0
2   17.006   12.948 0 0   0
2   17.058   12.966 0 0   0
2   17.125   12.987 0 0   0
2   17.226   13.017 0 0   0
2   17.240   13.021 0 0   0
2   17.268   13.028 0 0   0
2   17.371   13.054 0 0   0
2   17.435   13.069 0 0   0
2   17.500   13.082 0 0   0
3   17.500    5.558 0 0   0
2   17.500    5.558 0 0   0
2   17.371    5.573 0 0   0
2   17.353    5.576 0 0   0
2   17.314    5.581 0 0   0
2   17.180    5.602 0 0   0
2   17.125    5.611 0 0   0
2   17.047    5.625 0 0   0
2   16.926    5.648 0 0   0
2   16.915    5.650 0 0   0
2   16.907    5.651 0 0   0
2   16.791    5.678 0 0   0
2   16.698    5.699 0 0   0
2   16.668    5.707 0 0   0
2   16.635    5.715 0 0   0
2   16.558    5.736 0 0   0
2   16.486    5.756 0 0   0
2   16.450    5.766 0 0   0
2   16.418    5.776 0 0   0
2   16.345    5.799 0 0   0
2   16.239    5.834 0 0   0
2   16.238    5.834 0 0   0
2   16.237    5.834 0 0   0
2   16.148    5.866 0 0   0
2   16.099    5.885 0 0   0
2   16.045    5.906 0 0   0
2   15.981    5.932 0 0   0
2   15.919    5.957 0 0   0
2   15.888    5.971 0 0   0
2   15.819    6.002 0 0   0
2   15.767    6.026 0 0   0
2   15.723    6.047 0 0   0
2   15.654    6.082 0 0   0
2   15.573    6.125 0 0   0
2   15.542    6.141 0 0   0
2   15.510    6.159 0 0   0
2   15.432    6.205 0 0   0
2   15.363    6.247 0 0   0
2   15.326    6.270 0 0   0
2   15.281    6.299 0 0   0
2   15.221    6.340 0 0   0
2   15.177    6.371 0 0   0
2   15.119    6.413 0 0   0
2   15.037    6.476 0 0   0
2   15.019    6.490 0 0   0
2   15.007    6.499 0 0   0
2   14.920    6.573 0 0   0
2   14.862    6.624 0 0   0
2   14.822    6.660 0 0   0
2   14.732    6.747 0 0   0
2   14.727    6.751 0 0   0
2   14.711    6.768 0 0   0
2   14.635    6.848 0 0   0
2   14.615    6.870 0 0   0
2   14.547    6.948 0 0   0
2   14.512    6.990 0 0   0
2   14.461    7.054 0 0   0
2   14.417    7.111 0 0   0
2   14.380    7.161 0 0   0
2   14.333    7.229 0 0   0
2   14.301    7.275 0 0   0
2   14.254    7.348 0 0   0
2   14.227    7.391 0 0   0
2   14.183    7.465 0 0   0
2   14.157    7.511 0 0   0
2   14.117    7.583 0 0   0
2   14.090    7.636 0 0   0
2   14.057    7.700 0 0   0
2   14.027    7.764 0 0   0
2   14.002    7.819 0 0   0
2   13.967    7.897 0 0   0
2   13.950    7.937 0 0   0
2   13.911    8.035 0 0   0
2   13.903    8.055 0 0   0
2   13.869    8.148 0 0   0
2   13.860    8.173 0 0   0
2   13.858    8.178 0 0   0
2   13.821    8.291 0 0   0
2   13.809    8.327 0 0   0
2   13.785    8.409 0 0   0
2   13.764    8.483 0 0   0
2   13.752    8.528 0 0   0
2   13.722    8.644 0 0   0
2   13.721    8.647 0 0   0
2   13.720    8.655 0 0   0
2   13.695    8.766 0 0   0
2   13.684    8.815 0 0   0
2   13.671    8.885 0 0   0
2   13.650    8.995 0 0   0
2   13.649    9.005 0 0   0
2   13.646    9.022 0 0   0
2   13.630    9.125 0 0   0
2   13.622    9.187 0 0   0
2   13.614    9.244 0 0   0
2   13.604    9.329 0 0   0
2   13.600    9.365 0 0   0
2   13.597    9.391 0 0   0
2   13.589    9.485 0 0   0
2   13.580    9.599 0 0   0
2   13.580    9.604 0 0   0
2   13.579    9.608 0 0   0
2   13.574    9.724 0 0   0
2   13.569    9.842 0 0   0
2   13.569    9.844 0 0   0
2   13.569    9.847 0 0   0
2   13.568    9.964 0 0   0
6   13.590    9.945    0.000    0.150   1
3
3   13.568    9.964 0 0   0
2   13.568   10.075 0 0   0
2   13.568   10.083 0 0   0
2   13.568   10.092 0 0   0
2   13.571   10.203 0 0   0
2   13.574   10.291 0 0   0
2   13.576   10.322 0 0   0
2   13.578   10.364 0 0   0
2   13.583   10.441 0 0   0
2   13.587   10.496 0 0   0
2   13.593   10.560 0 0   0
2   13.603   10.660 0 0   0
2   13.605   10.680 0 0   0
2   13.606   10.692 0 0   0
2   13.620   10.799 0 0   0
2   13.631   10.881 0 0   0
2   13.637   10.918 0 0   0
2   13.648   10.987 0 0   0
2   13.656   11.038 0 0   0
2   13.661   11.063 0 0   0
2   13.679   11.157 0 0   0
2   13.696   11.240 0 0   0
2   13.704   11.278 0 0   0
2   13.726   11.369 0 0   0
2   13.732   11.397 0 0   0
2   13.735   11.409 0 0   0
2   13.764   11.518 0 0   0
2   13.780   11.574 0 0   0
2   13.799   11.638 0 0   0
2   13.828   11.733 0 0   0
2   13.837   11.759 0 0   0
2   13.871   11.858 0 0   0
2   13.879   11.881 0 0   0
2   13.881   11.886 0 0   0
2   13.925   12.002 0 0   0
2   13.938   12.034 0 0   0
2   13.976   12.123 0 0   0
2   14.000   12.177 0 0   0
2   14.031   12.245 0 0   0
2   14.065   12.315 0 0   0
2   14.091   12.366 0 0   0
2   14.135   12.449 0 0   0
2   14.157   12.489 0 0   0
2   14.210   12.580 0 0   0
2   14.228   12.610 0 0   0
2   14.289   12.707 0 0   0
2   14.309   12.736 0 0   0
2   14.383   12.843 0 0   0
2   14.398   12.863 0 0   0
2   14.472   12.961 0 0   0
2   14.504   13.000 0 0   0
2   14.560   13.066 0 0   0
2   14.635   13.152 0 0   0
2   14.650   13.168 0 0   0
2   14.686   13.205 0 0   0
2   14.739   13.260 0 0   0
2   14.765   13.286 0 0   0
2   14.831   13.348 0 0   0
2   14.904   13.414 0 0   0
2   14.925   13.432 0 0   0
2   14.962   13.463 0 0   0
2   15.022   13.513 0 0   0
2   15.060   13.542 0 0   0
2   15.124   13.590 0 0   0
2   15.214   13.655 0 0   0
2   15.227   13.665 0 0   0
2   15.239   13.673 0 0   0
2   15.333   13.734 0 0   0
2   15.420   13.789 0 0   0
2   15.441   13.801 0 0   0
2   15.468   13.817 0 0   0
2   15.545   13.860 0 0   0
2   15.597   13.888 0 0   0
2   15.654   13.918 0 0   0
2   15.751   13.967 0 0   0
2   15.756   13.969 0 0   0
2   15.768   13.975 0 0   0
2   15.861   14.017 0 0   0
2   15.895   14.032 0 0   0
2   15.959   14.059 0 0   0
2   16.023   14.086 0 0   0
2   16.068   14.103 0 0   0
2   16.131   14.127 0 0   0
2   16.196   14.151 0 0   0
2   16.259   14.173 0 0   0
2   16.322   14.193 0 0   0
2   16.402   14.219 0 0   0
2   16.456   14.235 0 0   0
2   16.536   14.258 0 0   0
2   16.586   14.272 0 0   0
2   16.673   14.294 0 0   0
2   16.714   14.305 0 0   0
2   16.796   14.324 0 0   0
2   16.840   14.334 0 0   0
2   16.915   14.350 0 0   0
2   16.948   14.357 0 0   0
2   17.021   14.371 0 0   0
2   17.079   14.381 0 0   0
2   17.122   14.389 0 0   0
2   17.208   14.403 0 0   0
2   17.216   14.405 0 0   0
2   17.240   14.408 0 0   0
2   17.312   14.419 0 0   0
2   17.359   14.425 0 0   0
2   17.407   14.431 0 0   0
2   17.428   14.434 0 0   0
2   17.500   14.442 0 0   0
3   17.500    4.445 0 0   0
2   17.500    4.445 0 0   0
2   17.471    4.447 0 0   0
2   17.379    4.454 0 0   0
2   17.308    4.459 0 0   0
2   17.257    4.464 0 0   0
2   17.197    4.469 0 0   0
2   17.152    4.473 0 0   0
2   17.118    4.477 0 0   0
2   17.036    4.485 0 0   0
2   16.983    4.491 0 0   0
2   16.925    4.498 0 0   0
2   16.854    4.506 0 0   0
2   16.802    4.513 0 0   0
2   16.708    4.525 0 0   0
2   16.679    4.529 0 0   0
2   16.564    4.546 0 0   0
2   16.557    4.548 0 0   0
2   16.510    4.555 0 0   0
2   16.428    4.569 0 0   0
2   16.417    4.570 0 0   0
2   16.301    4.591 0 0   0
2   16.268    4.598 0 0   0
2   16.169    4.617 0 0   0
2   16.108    4.630 0 0   0
2   16.039    4.645 0 0   0
2   15.942    4.667 0 0   0
2   15.906    4.675 0 0   0
2   15.795    4.702 0 0   0
2   15.778    4.707 0 0   0
2   15.772    4.708 0 0   0
2   15.649    4.742 0 0   0
2   15.593    4.758 0 0   0
2   15.523    4.778 0 0   0
2   15.413    4.812 0 0   0
2   15.399    4.817 0 0   0
2   15.370    4.826 0 0   0
2   15.276    4.859 0 0   0
2   15.226    4.876 0 0   0
2   15.155    4.903 0 0   0
2   15.036    4.948 0 0   0
2   15.035    4.949 0 0   0
2   15.033    4.949 0 0   0
2   14.918    4.999 0 0   0
2   14.840    5.033 0 0   0
2   14.802    5.050 0 0   0
2   14.752    5.074 0 0   0
2   14.688    5.106 0 0   0
2   14.636    5.133 0 0   0
2   14.576    5.164 0 0   0
2   14.512    5.199 0 0   0
2   14.467    5.225 0 0   0
2   14.422    5.252 0 0   0
2   14.360    5.290 0 0   0
2   14.303    5.326 0 0   0
2   14.254    5.358 0 0   0
2   14.194    5.399 0 0   0
2   14.151    5.430 0 0   0
2   14.119    5.453 0 0   0
2   14.051    5.505 0 0   0
2   13.957    5.580 0 0   0
2   13.953    5.583 0 0   0
2   13.946    5.589 0 0   0
2   13.858    5.666 0 0   0
2   13.813    5.707 0 0   0
2   13.766    5.753 0 0   0
2   13.684    5.834 0 0   0
2   13.677    5.842 0 0   0
2   13.655    5.865 0 0   0
2   13.590    5.936 0 0   0
2   13.569    5.960 0 0   0
2   13.507    6.034 0 0   0
2   13.465    6.085 0 0   0
2   13.426    6.137 0 0   0
2   13.372    6.209 0 0   0
2   13.348    6.243 0 0   0
2   13.286    6.333 0 0   0
2   13.272    6.354 0 0   0
2   13.208    6.457 0 0   0
2   13.199    6.471 0 0   0
2   13.136    6.581 0 0   0
2   13.129    6.593 0 0   0
2   13.070    6.704 0 0   0
2   13.062    6.720 0 0   0
2   13.010    6.828 0 0   0
2   12.998    6.853 0 0   0
2   12.953    6.952 0 0   0
2   12.936    6.991 0 0   0
2   12.901    7.076 0 0   0
2   12.878    7.135 0 0   0
2   12.853    7.200 0 0   0
2   12.823    7.284 0 0   0
2   12.809    7.325 0 0   0
2   12.771    7.438 0 0   0
2   12.768    7.448 0 0   0
2   12.756    7.486 0 0   0
2   12.730    7.573 0 0   0
2   12.723    7.597 0 0   0
2   12.695    7.696 0 0   0
2   12.678    7.760 0 0   0
2   12.663    7.820 0 0   0
2   12.637    7.926 0 0   0
2   12.633    7.943 0 0   0
2   12.623    7.988 0 0   0
2   12.606    8.066 0 0   0
2   12.599    8.096 0 0   0
2   12.581    8.187 0 0   0
2   12.566    8.267 0 0   0
2   12.558    8.309 0 0   0
2   12.542    8.401 0 0   0
2   12.538    8.424 0 0   0
2   12.537    8.434 0 0   0
2   12.520    8.545 0 0   0
2   12.513    8.591 0 0   0
2   12.506    8.642 0 0   0
2   12.494    8.725 0 0   0
2   12.492    8.744 0 0   0
2   12.482    8.830 0 0   0
2   12.476    8.884 0 0   0
2   12.471    8.928 0 0   0
2   12.463    9.009 0 0   0
2   12.458    9.059 0 0   0
2   12.454    9.111 0 0   0
2   12.448    9.184 0 0   0
2   12.442    9.260 0 0   0
2   12.438    9.309 0 0   0
2   12.435    9.360 0 0   0
2   12.431    9.436 0 0   0
2   12.427    9.503 0 0   0
2   12.425    9.558 0 0   0
2   12.423    9.618 0 0   0
2   12.421    9.679 0 0   0
2   12.419    9.737 0 0   0
2   12.418    9.796 0 0   0
2   12.417    9.859 0 0   0
2   12.416    9.914 0 0   0
2   12.416    9.969 0 0   0
6   12.438    9.922    0.000    0.150   1
4
3   12.416    9.969 0 0   0
2   12.416   10.025 0 0   0
2   12.416   10.073 0 0   0
2   12.417   10.138 0 0   0
2   12.418   10.225 0 0   0
2   12.419   10.253 0 0   0
2   12.419   10.271 0 0   0
2   12.422   10.366 0 0   0
2   12.426   10.461 0 0   0
2   12.427   10.489 0 0   0
2   12.429   10.532 0 0   0
2   12.433   10.608 0 0   0
2   12.436   10.659 0 0   0
2   12.441   10.733 0 0   0
2   12.450   10.852 0 0   0
2   12.451   10.857 0 0   0
2   12.451   10.861 0 0   0
2   12.462   10.982 0 0   0
2   12.470   11.061 0 0   0
2   12.475   11.107 0 0   0
2   12.484   11.184 0 0   0
2   12.489   11.232 0 0   0
2   12.493   11.261 0 0   0
2   12.506   11.357 0 0   0
2   12.520   11.456 0 0   0
2   12.524   11.482 0 0   0
2   12.532   11.532 0 0   0
2   12.544   11.608 0 0   0
2   12.551   11.648 0 0   0
2   12.566   11.734 0 0   0
2   12.585   11.835 0 0   0
2   12.590   11.860 0 0   0
2   12.602   11.915 0 0   0
2   12.617   11.986 0 0   0
2   12.624   12.018 0 0   0
2   12.646   12.112 0 0   0
2   12.666   12.195 0 0   0
2   12.677   12.238 0 0   0
2   12.710   12.359 0 0   0
2   12.711   12.365 0 0   0
2   12.712   12.367 0 0   0
2   12.749   12.492 0 0   0
2   12.762   12.534 0 0   0
2   12.790   12.619 0 0   0
2   12.816   12.696 0 0   0
2   12.834   12.746 0 0   0
2   12.873   12.852 0 0   0
2   12.881   12.874 0 0   0
2   12.932   12.998 0 0   0
2   12.933   13.002 0 0   0
2   12.933   13.002 0 0   0
2   12.989   13.129 0 0   0
2   12.998   13.147 0 0   0
2   13.051   13.257 0 0   0
2   13.066   13.286 0 0   0
2   13.118   13.386 0 0   0
2   13.137   13.420 0 0   0
2   13.191   13.514 0 0   0
2   13.211   13.548 0 0   0
2   13.270   13.642 0 0   0
2   13.289   13.671 0 0   0
2   13.357   13.771 0 0   0
2   13.370   13.788 0 0   0
2   13.453   13.899 0 0   0
2   13.453   13.900 0 0   0
2   13.455   13.902 0 0   0
2   13.540   14.006 0 0   0
2   13.558   14.028 0 0   0
2   13.630   14.108 0 0   0
2   13.675   14.156 0 0   0
2   13.723   14.205 0 0   0
2   13.804   14.284 0 0   0
2   13.817   14.297 0 0   0
2   13.848   14.324 0 0   0
2   13.915   14.384 0 0   0
2   13.947   14.412 0 0   0
2   14.015   14.466 0 0   0
2   14.108   14.539 0 0   0
2   14.116   14.545 0 0   0
2   14.128   14.554 0 0   0
2   14.221   14.619 0 0   0
2   14.290   14.666 0 0   0
2   14.327   14.690 0 0   0
2   14.371   14.717 0 0   0
2   14.435   14.756 0 0   0
2   14.495   14.791 0 0   0
2   14.545   14.819 0 0   0
2   14.594   14.845 0 0   0
2   14.657   14.878 0 0   0
2   14.728   14.914 0 0   0
2   14.771   14.935 0 0   0
2   14.806   14.951 0 0   0
2   14.886   14.988 0 0   0
2   14.993   15.034 0 0   0
2   15.003   15.038 0 0   0
2   15.010   15.041 0 0   0
2   15.122   15.085 0 0   0
2   15.213   15.119 0 0   0
2   15.241   15.129 0 0   0
2   15.282   15.144 0 0   0
2   15.361   15.171 0 0   0
2   15.413   15.187 0 0   0
2   15.484   15.210 0 0   0
2   15.581   15.239 0 0   0
2   15.604   15.246 0 0   0
2   15.621   15.251 0 0   0
2   15.723   15.278 0 0   0
2   15.813   15.302 0 0   0
2   15.835   15.308 0 0   0
2   15.866   15.315 0 0   0
2   15.947   15.335 0 0   0
2   16.001   15.347 0 0   0
2   16.065   15.361 0 0   0
2   16.174   15.384 0 0   0
2   16.179   15.385 0 0   0
2   16.184   15.386 0 0   0
2   16.268   15.402 0 0   0
2   16.349   15.418 0 0   0
2   16.360   15.419 0 0   0
2   16.456   15.436 0 0   0
2   16.465   15.438 0 0   0
2   16.560   15.453 0 0   0
2   16.572   15.455 0 0   0
2   16.686   15.472 0 0   0
2   16.688   15.472 0 0   0
2   16.713   15.475 0 0   0
2   16.804   15.488 0 0   0
2   16.814   15.489 0 0   0
2   16.916   15.501 0 0   0
2   16.962   15.507 0 0   0
2   17.026   15.514 0 0   0
2   17.127   15.524 0 0   0
2   17.147   15.526 0 0   0
2   17.182   15.530 0 0   0
2   17.262   15.537 0 0   0
2   17.311   15.541 0 0   0
2   17.381   15.546 0 0   0
2   17.483   15.554 0 0   0
2   17.500   15.555 0 0   0
3   17.500    3.437 0 0   0
2   17.500    3.437 0 0   0
2   17.416    3.440 0 0   0
2   17.372    3.441 0 0   0
2   17.335    3.443 0 0   0
2   17.242    3.446 0 0   0
2   17.146    3.450 0 0   0
2   17.116    3.452 0 0   0
2   17.085    3.453 0 0   0
2   16.992    3.458 0 0   0
2   16.918    3.461 0 0   0
2   16.889    3.463 0 0   0
2   16.845    3.466 0 0   0
2   16.771    3.470 0 0   0
2   16.741    3.472 0 0   0
2   16.654    3.477 0 0   0
2   16.618    3.480 0 0   0
2   16.526    3.486 0 0   0
2   16.463    3.491 0 0   0
2   16.391    3.497 0 0   0
2   16.310    3.503 0 0   0
2   16.255    3.508 0 0   0
2   16.154    3.517 0 0   0
2   16.118    3.521 0 0   0
2   15.997    3.532 0 0   0
2   15.981    3.534 0 0   0
2   15.882    3.545 0 0   0
2   15.844    3.549 0 0   0
2   15.838    3.549 0 0   0
2   15.707    3.565 0 0   0
2   15.678    3.568 0 0   0
2   15.570    3.582 0 0   0
2   15.517    3.589 0 0   0
2   15.434    3.601 0 0   0
2   15.355    3.612 0 0   0
2   15.299    3.621 0 0   0
2   15.191    3.638 0 0   0
2   15.163    3.643 0 0   0
2   15.041    3.663 0 0   0
2   15.029    3.666 0 0   0
2   15.026    3.666 0 0   0
2   14.895    3.691 0 0   0
2   14.858    3.698 0 0   0
2   14.762    3.718 0 0   0
2   14.689    3.733 0 0   0
2   14.630    3.746 0 0   0
2   14.517    3.773 0 0   0
2   14.499    3.777 0 0   0
2   14.446    3.790 0 0   0
2   14.370    3.810 0 0   0
2   14.342    3.817 0 0   0
2   14.241    3.846 0 0   0
2   14.164    3.868 0 0   0
2   14.114    3.883 0 0   0
2   14.001    3.919 0 0   0
2   13.988    3.924 0 0   0
2   13.982    3.926 0 0   0
2   13.865    3.968 0 0   0
2   13.794    3.994 0 0   0
2   13.742    4.014 0 0   0
2   13.654    4.050 0 0   0
2   13.621    4.064 0 0   0
2   13.600    4.073 0 0   0
2   13.502    4.118 0 0   0
2   13.396    4.169 0 0   0
2   13.386    4.175 0 0   0
2   13.372    4.181 0 0   0
2   13.271    4.237 0 0   0
2   13.177    4.291 0 0   0
2   13.158    4.303 0 0   0
2   13.139    4.314 0 0   0
2   13.047    4.375 0 0   0
2   12.941    4.449 0 0   0
2   12.939    4.450 0 0   0
2   12.936    4.453 0 0   0
2   12.833    4.534 0 0   0
2   12.772    4.584 0 0   0
2   12.729    4.623 0 0   0
2   12.630    4.716 0 0   0
2   12.627    4.719 0 0   0
2   12.625    4.721 0 0   0
2   12.529    4.823 0 0   0
2   12.501    4.855 0 0   0
2   12.434    4.934 0 0   0
2   12.395    4.984 0 0   0
2   12.342    5.055 0 0   0
2   12.301    5.112 0 0   0
2   12.256    5.179 0 0   0
2   12.222    5.233 0 0   0
2   12.174    5.312 0 0   0
2   12.149    5.356 0 0   0
2   12.100    5.447 0 0   0
2   12.084    5.478 0 0   0
2   12.029    5.589 0 0   0
2   12.024    5.600 0 0   0
2   11.997    5.660 0 0   0
2   11.969    5.723 0 0   0
2   11.964    5.735 0 0   0
2   11.920    5.846 0 0   0
2   11.904    5.886 0 0   0
2   11.873    5.970 0 0   0
2   11.847    6.044 0 0   0
2   11.830    6.095 0 0   0
2   11.794    6.207 0 0   0
2   11.790    6.219 0 0   0
2   11.780    6.254 0 0   0
2   11.754    6.345 0 0   0
2   11.745    6.377 0 0   0
2   11.720    6.471 0 0   0
2   11.700    6.551 0 0   0
2   11.688    6.598 0 0   0
2   11.663    6.709 0 0   0
2   11.659    6.725 0 0   0
2   11.658    6.731 0 0   0
2   11.632    6.851 0 0   0
2   11.619    6.916 0 0   0
2   11.607    6.979 0 0   0
2   11.584    7.106 0 0   0
2   11.583    7.107 0 0   0
2   11.583    7.107 0 0   0
2   11.562    7.234 0 0   0
2   11.551    7.301 0 0   0
2   11.542    7.362 0 0   0
2   11.526    7.474 0 0   0
2   11.523    7.491 0 0   0
2   11.522    7.501 0 0   0
2   11.506    7.620 0 0   0
2   11.495    7.704 0 0   0
2   11.490    7.749 0 0   0
2   11.482    7.822 0 0   0
2   11.475    7.878 0 0   0
2   11.471    7.912 0 0   0
2   11.462    8.009 0 0   0
2   11.450    8.124 0 0   0
2   11.449    8.139 0 0   0
2   11.447    8.161 0 0   0
2   11.438    8.270 0 0   0
2   11.432    8.341 0 0   0
2   11.427    8.400 0 0   0
2   11.421    8.490 0 0   0
2   11.417    8.533 0 0   0
2   11.415    8.561 0 0   0
2   11.409    8.664 0 0   0
2   11.401    8.788 0 0   0
2   11.401    8.796 0 0   0
2   11.400    8.807 0 0   0
2   11.394    8.928 0 0   0
2   11.390    9.019 0 0   0
2   11.388    9.061 0 0   0
2   11.386    9.115 0 0   0
2   11.383    9.193 0 0   0
2   11.381    9.255 0 0   0
2   11.379    9.326 0 0   0
2   11.376    9.412 0 0   0
2   11.375    9.458 0 0   0
2   11.374    9.495 0 0   0
2   11.373    9.590 0 0   0
2   11.371    9.704 0 0   0
2   11.370    9.723 0 0   0
2   11.370    9.738 0 0   0
2   11.369    9.856 0 0   0
6   11.392    9.846    0.000    0.150   1
5
3   11.369    9.856 0 0   0
2   11.369    9.986 0 0   0
2   11.369    9.990 0 0   0
2   11.369    9.994 0 0   0
2   11.369   10.124 0 0   0
2   11.370   10.241 0 0   0
2   11.370   10.259 0 0   0
2   11.371   10.277 0 0   0
2   11.372   10.394 0 0   0
2   11.375   10.520 0 0   0
2   11.375   10.529 0 0   0
2   11.375   10.536 0 0   0
2   11.379   10.662 0 0   0
2   11.382   10.784 0 0   0
2   11.383   10.796 0 0   0
2   11.383   10.809 0 0   0
2   11.388   10.927 0 0   0
2   11.392   11.022 0 0   0
2   11.394   11.058 0 0   0
2   11.396   11.105 0 0   0
2   11.400   11.188 0 0   0
2   11.404   11.255 0 0   0
2   11.408   11.319 0 0   0
2   11.413   11.402 0 0   0
2   11.416   11.448 0 0   0
2   11.419   11.484 0 0   0
2   11.425   11.578 0 0   0
2   11.435   11.704 0 0   0
2   11.435   11.706 0 0   0
2   11.436   11.708 0 0   0
2   11.447   11.836 0 0   0
2   11.455   11.929 0 0   0
2   11.459   11.964 0 0   0
2   11.464   12.017 0 0   0
2   11.472   12.093 0 0   0
2   11.478   12.145 0 0   0
2   11.487   12.222 0 0   0
2   11.501   12.341 0 0   0
2   11.502   12.351 0 0   0
2   11.503   12.357 0 0   0
2   11.519   12.480 0 0   0
2   11.531   12.565 0 0   0
2   11.538   12.608 0 0   0
2   11.549   12.685 0 0   0
2   11.557   12.738 0 0   0
2   11.562   12.768 0 0   0
2   11.579   12.867 0 0   0
2   11.596   12.966 0 0   0
2   11.602   12.996 0 0   0
2   11.614   13.057 0 0   0
2   11.627   13.125 0 0   0
2   11.634   13.158 0 0   0
2   11.654   13.254 0 0   0
2   11.675   13.345 0 0   0
2   11.684   13.383 0 0   0
2   11.707   13.477 0 0   0
2   11.716   13.512 0 0   0
2   11.719   13.527 0 0   0
2   11.750   13.642 0 0   0
2   11.767   13.702 0 0   0
2   11.788   13.771 0 0   0
2   11.819   13.871 0 0   0
2   11.828   13.900 0 0   0
2   11.867   14.013 0 0   0
2   11.873   14.030 0 0   0
2   11.874   14.034 0 0   0
2   11.921   14.159 0 0   0
2   11.934   14.190 0 0   0
2   11.974   14.288 0 0   0
2   11.997   14.340 0 0   0
2   12.033   14.418 0 0   0
2   12.064   14.483 0 0   0
2   12.097   14.547 0 0   0
2   12.135   14.618 0 0   0
2   12.168   14.677 0 0   0
2   12.210   14.748 0 0   0
2   12.247   14.806 0 0   0
2   12.289   14.870 0 0   0
2   12.335   14.935 0 0   0
2   12.372   14.986 0 0   0
2   12.433   15.065 0 0   0
2   12.458   15.095 0 0   0
2   12.544   15.194 0 0   0
2   12.548   15.199 0 0   0
2   12.561   15.211 0 0   0
2   12.642   15.295 0 0   0
2   12.671   15.323 0 0   0
2   12.739   15.386 0 0   0
2   12.816   15.453 0 0   0
2   12.839   15.472 0 0   0
2   12.880   15.504 0 0   0
2   12.943   15.552 0 0   0
2   12.984   15.582 0 0   0
2   13.049   15.627 0 0   0
2   13.133   15.681 0 0   0
2   13.158   15.698 0 0   0
2   13.180   15.711 0 0   0
2   13.270   15.763 0 0   0
2   13.358   15.811 0 0   0
2   13.384   15.824 0 0   0
2   13.414   15.840 0 0   0
2   13.501   15.882 0 0   0
2   13.567   15.912 0 0   0
2   13.619   15.935 0 0   0
2   13.698   15.968 0 0   0
2   13.740   15.985 0 0   0
2   13.765   15.995 0 0   0
2   13.863   16.032 0 0   0
2   13.956   16.065 0 0   0
2   13.987   16.076 0 0   0
2   14.050   16.097 0 0   0
2   14.113   16.117 0 0   0
2   14.142   16.125 0 0   0
2   14.241   16.154 0 0   0
2   14.322   16.177 0 0   0
2   14.371   16.190 0 0   0
2   14.501   16.224 0 0   0
2   14.502   16.224 0 0   0
2   14.504   16.224 0 0   0
2   14.634   16.255 0 0   0
2   14.675   16.264 0 0   0
2   14.769   16.284 0 0   0
2   14.849   16.300 0 0   0
2   14.905   16.311 0 0   0
2   15.019   16.332 0 0   0
2   15.042   16.337 0 0   0
2   15.146   16.355 0 0   0
2   15.181   16.361 0 0   0
2   15.189   16.362 0 0   0
2   15.321   16.383 0 0   0
2   15.354   16.387 0 0   0
2   15.464   16.403 0 0   0
2   15.517   16.411 0 0   0
2   15.605   16.422 0 0   0
2   15.678   16.431 0 0   0
2   15.749   16.440 0 0   0
2   15.834   16.450 0 0   0
2   15.891   16.456 0 0   0
2   15.990   16.467 0 0   0
2   16.034   16.471 0 0   0
2   16.141   16.482 0 0   0
2   16.175   16.485 0 0   0
2   16.292   16.495 0 0   0
2   16.317   16.497 0 0   0
2   16.438   16.507 0 0   0
2   16.456   16.508 0 0   0
2   16.584   16.518 0 0   0
2   16.595   16.519 0 0   0
2   16.717   16.527 0 0   0
2   16.725   16.527 0 0   0
2   16.850   16.535 0 0   0
2   16.856   16.535 0 0   0
2   16.957   16.541 0 0   0
2   16.964   16.541 0 0   0
2   17.063   16.546 0 0   0
2   17.077   16.547 0 0   0
2   17.156   16.550 0 0   0
2   17.227   16.553 0 0   0
2   17.246   16.554 0 0   0
2   17.263   16.555 0 0   0
2   17.374   16.559 0 0   0
2   17.410   16.560 0 0   0
2   17.500   16.563 0 0   0
3    2.500    2.529 0 0   0
2    2.500    2.529 0 0   0
2    2.525    2.529 0 0   0
2    2.632    2.529 0 0   0
2    2.675    2.529 0 0   0
2    2.782    2.529 0 0   0
2    2.811    2.529 0 0   0
2    2.932    2.529 0 0   0
2    2.961    2.530 0 0   0
2    3.082    2.530 0 0   0
2    3.115    2.530 0 0   0
2    3.234    2.530 0 0   0
2    3.265    2.530 0 0   0
2    3.384    2.530 0 0   0
2    3.417    2.530 0 0   0
2    3.534    2.530 0 0   0
2    3.567    2.530 0 0   0
2    3.684    2.530 0 0   0
2    3.717    2.530 0 0   0
2    3.833    2.530 0 0   0
2    3.867    2.531 0 0   0
2    3.983    2.531 0 0   0
2    4.018    2.531 0 0   0
2    4.133    2.531 0 0   0
2    4.168    2.531 0 0   0
2    4.282    2.531 0 0   0
2    4.318    2.531 0 0   0
2    4.432    2.532 0 0   0
2    4.468    2.532 0 0   0
2    4.582    2.532 0 0   0
2    4.619    2.532 0 0   0
2    4.731    2.533 0 0   0
2    4.769    2.533 0 0   0
2    4.881    2.533 0 0   0
2    4.919    2.533 0 0   0
2    5.031    2.534 0 0   0
2    5.070    2.534 0 0   0
2    5.180    2.534 0 0   0
2    5.220    2.534 0 0   0
2    5.330    2.535 0 0   0
2    5.370    2.535 0 0   0
2    5.480    2.535 0 0   0
2    5.521    2.536 0 0   0
2    5.629    2.536 0 0   0
2    5.671    2.536 0 0   0
2    5.779    2.537 0 0   0
2    5.822    2.537 0 0   0
2    5.928    2.538 0 0   0
2    5.972    2.538 0 0   0
2    6.078    2.539 0 0   0
2    6.123    2.539 0 0   0
2    6.227    2.540 0 0   0
2    6.274    2.540 0 0   0
2    6.377    2.541 0 0   0
2    6.424    2.541 0 0   0
2    6.526    2.542 0 0   0
2    6.575    2.543 0 0   0
2    6.675    2.544 0 0   0
2    6.726    2.544 0 0   0
2    6.824    2.545 0 0   0
2    6.877    2.546 0 0   0
2    6.973    2.547 0 0   0
2    7.028    2.547 0 0   0
2    7.122    2.549 0 0   0
2    7.179    2.549 0 0   0
2    7.271    2.550 0 0   0
2    7.330    2.551 0 0   0
2    7.420    2.553 0 0   0
2    7.482    2.554 0 0   0
2    7.569    2.555 0 0   0
2    7.633    2.556 0 0   0
2    7.717    2.558 0 0   0
2    7.785    2.559 0 0   0
2    7.865    2.561 0 0   0
2    7.937    2.563 0 0   0
2    8.013    2.564 0 0   0
2    8.089    2.566 0 0   0
2    8.161    2.568 0 0   0
2    8.242    2.571 0 0   0
2    8.309    2.573 0 0   0
2    8.395    2.576 0 0   0
2    8.456    2.578 0 0   0
2    8.548    2.582 0 0   0
2    8.602    2.584 0 0   0
2    8.702    2.589 0 0   0
2    8.748    2.591 0 0   0
2    8.857    2.598 0 0   0
2    8.893    2.600 0 0   0
2    9.013    2.608 0 0   0
2    9.037    2.610 0 0   0
2    9.171    2.622 0 0   0
2    9.179    2.623 0 0   0
2    9.247    2.630 0 0   0
2    9.320    2.639 0 0   0
2    9.332    2.640 0 0   0
2    9.459    2.659 0 0   0
2    9.497    2.666 0 0   0
2    9.594    2.686 0 0   0
2    9.671    2.706 0 0   0
2    9.723    2.722 0 0   0
2    9.824    2.760 0 0   0
2    9.845    2.769 0 0   0
2    9.863    2.780 0 0   0
2    9.954    2.838 0 0   0
2   10.015    2.889 0 0   0
2   10.050    2.930 0 0   0
2   10.109    3.019 0 0   0
2   10.128    3.055 0 0   0
2   10.166    3.149 0 0   0
2   10.187    3.211 0 0   0
2   10.204    3.278 0 0   0
2   10.230    3.399 0 0   0
2   10.231    3.408 0 0   0
2   10.233    3.420 0 0   0
2   10.251    3.537 0 0   0
2   10.260    3.603 0 0   0
2   10.267    3.667 0 0   0
2   10.274    3.751 0 0   0
2   10.279    3.796 0 0   0
2   10.282    3.824 0 0   0
2   10.290    3.925 0 0   0
2   10.298    4.053 0 0   0
2   10.298    4.054 0 0   0
2   10.298    4.055 0 0   0
2   10.305    4.183 0 0   0
2   10.311    4.289 0 0   0
2   10.311    4.312 0 0   0
2   10.312    4.336 0 0   0
2   10.316    4.441 0 0   0
2   10.320    4.527 0 0   0
2   10.321    4.569 0 0   0
2   10.322    4.615 0 0   0
2   10.325    4.698 0 0   0
2   10.328    4.768 0 0   0
2   10.329    4.827 0 0   0
2   10.330    4.889 0 0   0
2   10.332    4.955 0 0   0
2   10.334    5.012 0 0   0
2   10.335    5.084 0 0   0
2   10.336    5.160 0 0   0
2   10.337    5.212 0 0   0
2   10.338    5.257 0 0   0
2   10.340    5.340 0 0   0
2   10.341    5.429 0 0   0
2   10.342    5.469 0 0   0
2   10.342    5.504 0 0   0
2   10.344    5.597 0 0   0
2   10.345    5.697 0 0   0
2   10.345    5.725 0 0   0
2   10.346    5.751 0 0   0
2   10.347    5.854 0 0   0
2   10.348    5.962 0 0   0
2   10.348    5.982 0 0   0
2   10.349    6.001 0 0   0
2   10.350    6.111 0 0   0
2   10.351    6.227 0 0   0
2   10.351    6.239 0 0   0
2   10.351    6.251 0 0   0
2   10.352    6.368 0 0   0
2   10.353    6.489 0 0   0
2   10.353    6.497 0 0   0
2   10.353    6.505 0 0   0
2   10.354    6.626 0 0   0
2   10.355    6.750 0 0   0
2   10.355    6.755 0 0   0
2   10.355    6.759 0 0   0
2   10.356    6.884 0 0   0
2   10.357    7.010 0 0   0
2   10.357    7.013 0 0   0
2   10.357    7.016 0 0   0
2   10.357    7.142 0 0   0
2   10.358    7.270 0 0   0
2   10.358    7.272 0 0   0
2   10.358    7.274 0 0   0
2   10.359    7.401 0 0   0
2   10.359    7.529 0 0   0
2   10.359    7.531 0 0   0
2   10.359    7.533 0 0   0
2   10.360    7.661 0 0   0
2   10.360    7.787 0 0   0
2   10.360    7.791 0 0   0
2   10.360    7.795 0 0   0
2   10.361    7.921 0 0   0
2   10.361    8.046 0 0   0
2   10.361    8.051 0 0   0
2   10.361    8.057 0 0   0
2   10.361    8.182 0 0   0
2   10.362    8.304 0 0   0
2   10.362    8.312 0 0   0
2   10.362    8.321 0 0   0
2   10.362    8.443 0 0   0
2   10.362    8.562 0 0   0
2   10.362    8.573 0 0   0
2   10.362    8.584 0 0   0
2   10.363    8.704 0 0   0
2   10.363    8.821 0 0   0
2   10.363    8.835 0 0   0
2   10.363    8.849 0 0   0
2   10.363    8.965 0 0   0
2   10.363    9.080 0 0   0
2   10.363    9.096 0 0   0
2   10.363    9.112 0 0   0
2   10.363    9.227 0 0   0
2   10.363    9.338 0 0   0
2   10.364    9.357 0 0   0
2   10.364    9.376 0 0   0
2   10.364    9.487 0 0   0
2   10.364    9.597 0 0   0
2   10.364    9.618 0 0   0
2   10.364    9.639 0 0   0
2   10.364    9.748 0 0   0
2   10.364    9.855 0 0   0
2   10.364    9.879 0 0   0
2   10.364    9.903 0 0   0
2   10.364   10.009 0 0   0
6   10.386    9.987    0.000    0.150   1
6
3   10.364   10.009 0 0   0
2   10.364   10.114 0 0   0
2   10.364   10.139 0 0   0
2   10.364   10.165 0 0   0
2   10.364   10.270 0 0   0
2   10.364   10.374 0 0   0
2   10.364   10.400 0 0   0
2   10.364   10.427 0 0   0
2   10.364   10.530 0 0   0
2   10.364   10.633 0 0   0
2   10.363   10.660 0 0   0
2   10.363   10.688 0 0   0
2   10.363   10.791 0 0   0
2   10.363   10.893 0 0   0
2   10.363   10.921 0 0   0
2   10.363   10.948 0 0   0
2   10.363   11.051 0 0   0
2   10.363   11.153 0 0   0
2   10.363   11.180 0 0   0
2   10.363   11.208 0 0   0
2   10.363   11.310 0 0   0
2   10.362   11.413 0 0   0
2   10.362   11.440 0 0   0
2   10.362   11.467 0 0   0
2   10.362   11.569 0 0   0
2   10.362   11.672 0 0   0
2   10.362   11.699 0 0   0
2   10.362   11.726 0 0   0
2   10.361   11.828 0 0   0
2   10.361   11.931 0 0   0
2   10.361   11.958 0 0   0
2   10.361   11.986 0 0   0
2   10.361   12.087 0 0   0
2   10.360   12.189 0 0   0
2   10.360   12.217 0 0   0
2   10.360   12.245 0 0   0
2   10.360   12.346 0 0   0
2   10.359   12.447 0 0   0
2   10.359   12.476 0 0   0
2   10.359   12.505 0 0   0
2   10.359   12.605 0 0   0
2   10.358   12.704 0 0   0
2   10.358   12.735 0 0   0
2   10.358   12.766 0 0   0
2   10.357   12.864 0 0   0
2   10.357   12.961 0 0   0
2   10.357   12.993 0 0   0
2   10.356   13.027 0 0   0
2   10.356   13.123 0 0   0
2   10.355   13.218 0 0   0
2   10.355   13.252 0 0   0
2   10.354   13.289 0 0   0
2   10.354   13.382 0 0   0
2   10.353   13.474 0 0   0
2   10.353   13.511 0 0   0
2   10.352   13.551 0 0   0
2   10.352   13.641 0 0   0
2   10.351   13.730 0 0   0
2   10.351   13.771 0 0   0
2   10.350   13.814 0 0   0
2   10.350   13.900 0 0   0
2   10.349   13.985 0 0   0
2   10.348   14.030 0 0   0
2   10.347   14.078 0 0   0
2   10.347   14.159 0 0   0
2   10.346   14.239 0 0   0
2   10.345   14.289 0 0   0
2   10.344   14.343 0 0   0
2   10.343   14.418 0 0   0
2   10.343   14.492 0 0   0
2   10.341   14.548 0 0   0
2   10.340   14.609 0 0   0
2   10.339   14.677 0 0   0
2   10.338   14.744 0 0   0
2   10.337   14.807 0 0   0
2   10.335   14.877 0 0   0
2   10.334   14.936 0 0   0
2   10.333   14.995 0 0   0
2   10.331   15.066 0 0   0
2   10.329   15.146 0 0   0
2   10.328   15.195 0 0   0
2   10.327   15.243 0 0   0
2   10.324   15.325 0 0   0
2   10.321   15.419 0 0   0
2   10.320   15.455 0 0   0
2   10.319   15.489 0 0   0
2   10.316   15.584 0 0   0
2   10.311   15.696 0 0   0
2   10.310   15.714 0 0   0
2   10.310   15.731 0 0   0
2   10.304   15.843 0 0   0
2   10.297   15.967 0 0   0
2   10.296   15.973 0 0   0
2   10.296   15.980 0 0   0
2   10.288   16.102 0 0   0
2   10.280   16.199 0 0   0
2   10.277   16.232 0 0   0
2   10.271   16.284 0 0   0
2   10.264   16.361 0 0   0
2   10.258   16.420 0 0   0
2   10.247   16.491 0 0   0
2   10.226   16.619 0 0   0
2   10.226   16.620 0 0   0
2   10.226   16.622 0 0   0
2   10.196   16.750 0 0   0
2   10.177   16.821 0 0   0
2   10.156   16.874 0 0   0
2   10.099   16.999 0 0   0
2   10.099   17.000 0 0   0
2   10.002   17.122 0 0   0
2   10.000   17.125 0 0   0
2   10.000   17.125 0 0   0
2   10.000   17.125 0 0   0
2    9.882   17.207 0 0   0
2    9.802   17.250 0 0   0
2    9.757   17.267 0 0   0
2    9.731   17.275 0 0   0
2    9.623   17.306 0 0   0
2    9.543   17.324 0 0   0
2    9.485   17.335 0 0   0
2    9.367   17.355 0 0   0
2    9.343   17.358 0 0   0
2    9.202   17.375 0 0   0
2    9.200   17.375 0 0   0
2    9.200   17.375 0 0   0
2    9.055   17.388 0 0   0
2    9.039   17.389 0 0   0
2    8.910   17.399 0 0   0
2    8.880   17.401 0 0   0
2    8.763   17.407 0 0   0
2    8.723   17.410 0 0   0
2    8.616   17.415 0 0   0
2    8.567   17.417 0 0   0
2    8.469   17.421 0 0   0
2    8.412   17.423 0 0   0
2    8.321   17.426 0 0   0
2    8.258   17.428 0 0   0
2    8.173   17.431 0 0   0
2    8.104   17.433 0 0   0
2    8.024   17.435 0 0   0
2    7.951   17.437 0 0   0
2    7.876   17.439 0 0   0
2    7.799   17.440 0 0   0
2    7.727   17.442 0 0   0
2    7.646   17.443 0 0   0
2    7.578   17.444 0 0   0
2    7.494   17.446 0 0   0
2    7.429   17.447 0 0   0
2    7.342   17.448 0 0   0
2    7.280   17.449 0 0   0
2    7.190   17.450 0 0   0
2    7.131   17.451 0 0   0
2    7.039   17.452 0 0   0
2    6.981   17.453 0 0   0
2    6.887   17.454 0 0   0
2    6.832   17.455 0 0   0
2    6.736   17.456 0 0   0
2    6.683   17.456 0 0   0
2    6.585   17.457 0 0   0
2    6.533   17.458 0 0   0
2    6.434   17.458 0 0   0
2    6.384   17.459 0 0   0
2    6.283   17.460 0 0   0
2    6.234   17.460 0 0   0
2    6.132   17.461 0 0   0
2    6.085   17.461 0 0   0
2    5.981   17.462 0 0   0
2    5.935   17.462 0 0   0
2    5.830   17.463 0 0   0
2    5.785   17.463 0 0   0
2    5.679   17.463 0 0   0
2    5.636   17.464 0 0   0
2    5.529   17.464 0 0   0
2    5.486   17.464 0 0   0
2    5.378   17.465 0 0   0
2    5.336   17.465 0 0   0
2    5.228   17.466 0 0   0
2    5.186   17.466 0 0   0
2    5.077   17.466 0 0   0
2    5.037   17.466 0 0   0
2    4.927   17.467 0 0   0
2    4.887   17.467 0 0   0
2    4.776   17.467 0 0   0
2    4.737   17.467 0 0   0
2    4.626   17.468 0 0   0
2    4.587   17.468 0 0   0
2    4.476   17.468 0 0   0
2    4.438   17.468 0 0   0
2    4.325   17.469 0 0   0
2    4.288   17.469 0 0   0
2    4.175   17.469 0 0   0
2    4.139   17.469 0 0   0
2    4.025   17.469 0 0   0
2    3.989   17.469 0 0   0
2    3.875   17.469 0 0   0
2    3.843   17.469 0 0   0
2    3.725   17.470 0 0   0
2    3.693   17.470 0 0   0
2    3.575   17.470 0 0   0
2    3.548   17.470 0 0   0
2    3.514   17.470 0 0   0
2    3.400   17.470 0 0   0
2    3.364   17.470 0 0   0
2    3.250   17.470 0 0   0
2    3.155   17.470 0 0   0
2    3.125   17.470 0 0   0
2    3.030   17.470 0 0   0
2    2.987   17.470 0 0   0
2    2.893   17.471 0 0   0
2    2.862   17.471 0 0   0
2    2.768   17.471 0 0   0
2    2.735   17.471 0 0   0
2    2.655   17.471 0 0   0
2    2.610   17.471 0 0   0
2    2.530   17.471 0 0   0
2    2.500   17.471 0 0   0
3    2.500    3.485 0 0   0
2    2.500    3.485 0 0   0
2    2.571    3.486 0 0   0
2    2.621    3.486 0 0   0
2    2.702    3.486 0 0   0
2    2.743    3.487 0 0   0
2    2.779    3.487 0 0   0
2    2.864    3.488 0 0   0
2    2.940    3.489 0 0   0
2    2.983    3.490 0 0   0
2    3.030    3.491 0 0   0
2    3.082    3.492 0 0   0
2    3.118    3.493 0 0   0
2    3.195    3.495 0 0   0
2    3.260    3.497 0 0   0
2    3.317    3.499 0 0   0
2    3.380    3.501 0 0   0
2    3.445    3.503 0 0   0
2    3.531    3.507 0 0   0
2    3.587    3.509 0 0   0
2    3.683    3.514 0 0   0
2    3.729    3.516 0 0   0
2    3.839    3.522 0 0   0
2    3.873    3.524 0 0   0
2    3.996    3.531 0 0   0
2    4.015    3.533 0 0   0
2    4.152    3.542 0 0   0
2    4.158    3.542 0 0   0
2    4.206    3.546 0 0   0
2    4.300    3.553 0 0   0
2    4.310    3.554 0 0   0
2    4.441    3.565 0 0   0
2    4.469    3.568 0 0   0
2    4.583    3.578 0 0   0
2    4.628    3.583 0 0   0
2    4.723    3.592 0 0   0
2    4.787    3.599 0 0   0
2    4.863    3.608 0 0   0
2    4.948    3.617 0 0   0
2    5.003    3.624 0 0   0
2    5.110    3.638 0 0   0
2    5.142    3.642 0 0   0
2    5.273    3.660 0 0   0
2    5.280    3.661 0 0   0
2    5.319    3.667 0 0   0
2    5.418    3.682 0 0   0
2    5.437    3.685 0 0   0
2    5.554    3.705 0 0   0
2    5.603    3.713 0 0   0
2    5.690    3.729 0 0   0
2    5.771    3.744 0 0   0
2    5.825    3.755 0 0   0
2    5.941    3.778 0 0   0
2    5.959    3.782 0 0   0
2    6.021    3.796 0 0   0
2    6.091    3.812 0 0   0
2    6.113    3.817 0 0   0
2    6.223    3.844 0 0   0
2    6.288    3.860 0 0   0
2    6.353    3.878 0 0   0
2    6.466    3.909 0 0   0
2    6.482    3.914 0 0   0
2    6.520    3.925 0 0   0
2    6.609    3.953 0 0   0
2    6.649    3.966 0 0   0
2    6.735    3.995 0 0   0
2    6.837    4.031 0 0   0
2    6.860    4.039 0 0   0
2    6.901    4.055 0 0   0
2    6.982    4.087 0 0   0
2    7.031    4.108 0 0   0
2    7.102    4.138 0 0   0
2    7.204    4.184 0 0   0
2    7.221    4.193 0 0   0
2    7.234    4.199 0 0   0
2    7.337    4.252 0 0   0
2    7.450    4.312 0 0   0
2    7.451    4.313 0 0   0
2    7.453    4.314 0 0   0
2    7.562    4.381 0 0   0
2    7.661    4.444 0 0   0
2    7.672    4.451 0 0   0
2    7.686    4.462 0 0   0
2    7.777    4.527 0 0   0
2    7.838    4.573 0 0   0
2    7.881    4.608 0 0   0
2    7.961    4.677 0 0   0
2    7.981    4.694 0 0   0
2    7.990    4.703 0 0   0
2    8.078    4.786 0 0   0
2    8.123    4.832 0 0   0
2    8.171    4.883 0 0   0
2    8.240    4.962 0 0   0
2    8.261    4.987 0 0   0
2    8.344    5.091 0 0   0
2    8.348    5.096 0 0   0
2    8.381    5.142 0 0   0
2    8.431    5.212 0 0   0
2    8.436    5.220 0 0   0
2    8.510    5.334 0 0   0
2    8.519    5.349 0 0   0
2    8.585    5.463 0 0   0
2    8.593    5.479 0 0   0
2    8.656    5.598 0 0   0
2    8.661    5.608 0 0   0
2    8.707    5.705 0 0   0
2    8.722    5.737 0 0   0
2    8.723    5.740 0 0   0
2    8.778    5.866 0 0   0
2    8.787    5.888 0 0   0
2    8.829    5.995 0 0   0
2    8.847    6.044 0 0   0
2    8.875    6.125 0 0   0
2    8.902    6.205 0 0   0
2    8.918    6.254 0 0   0
2    8.955    6.373 0 0   0
2    8.958    6.383 0 0   0
2    8.966    6.411 0 0   0
2    8.994    6.512 0 0   0
2    9.003    6.548 0 0   0
2    9.027    6.642 0 0   0
2    9.049    6.728 0 0   0
2    9.058    6.771 0 0   0
2    9.080    6.867 0 0   0
2    9.087    6.901 0 0   0
2    9.090    6.915 0 0   0
2    9.114    7.030 0 0   0
2    9.129    7.108 0 0   0
2    9.138    7.160 0 0   0
2    9.155    7.256 0 0   0
2    9.161    7.290 0 0   0
2    9.164    7.307 0 0   0
2    9.182    7.419 0 0   0
2    9.196    7.511 0 0   0
2    9.201    7.549 0 0   0
2    9.209    7.609 0 0   0
2    9.219    7.678 0 0   0
2    9.225    7.721 0 0   0
2    9.235    7.808 0 0   0
2    9.251    7.936 0 0   0
2    9.251    7.938 0 0   0
2    9.251    7.940 0 0   0
2    9.265    8.068 0 0   0
2    9.274    8.156 0 0   0
2    9.278    8.197 0 0   0
2    9.283    8.254 0 0   0
2    9.289    8.327 0 0   0
2    9.294    8.381 0 0   0
2    9.300    8.457 0 0   0
2    9.307    8.555 0 0   0
2    9.310    8.587 0 0   0
2    9.311    8.611 0 0   0
2    9.318    8.716 0 0   0
2    9.326    8.845 0 0   0
2    9.326    8.846 0 0   0
2    9.326    8.847 0 0   0
2    9.333    8.976 0 0   0
2    9.338    9.084 0 0   0
2    9.339    9.105 0 0   0
2    9.340    9.130 0 0   0
2    9.344    9.235 0 0   0
2    9.347    9.328 0 0   0
2    9.348    9.365 0 0   0
2    9.349    9.406 0 0   0
2    9.351    9.495 0 0   0
2    9.353    9.577 0 0   0
2    9.354    9.624 0 0   0
2    9.355    9.675 0 0   0
2    9.356    9.754 0 0   0
2    9.357    9.830 0 0   0
2    9.357    9.884 0 0   0
6    9.260    9.836    0.000    0.150   1
7
3    9.357    9.884 0 0   0
2    9.357    9.938 0 0   0
2    9.357   10.013 0 0   0
2    9.357   10.089 0 0   0
2    9.357   10.143 0 0   0
2    9.357   10.196 0 0   0
2    9.356   10.273 0 0   0
2    9.355   10.352 0 0   0
2    9.354   10.402 0 0   0
2    9.353   10.449 0 0   0
2    9.351   10.532 0 0   0
2    9.348   10.622 0 0   0
2    9.347   10.661 0 0   0
2    9.346   10.697 0 0   0
2    9.343   10.791 0 0   0
2    9.339   10.898 0 0   0
2    9.338   10.921 0 0   0
2    9.337   10.940 0 0   0
2    9.331   11.050 0 0   0
2    9.325   11.178 0 0   0
2    9.325   11.180 0 0   0
2    9.324   11.181 0 0   0
2    9.316   11.309 0 0   0
2    9.310   11.412 0 0   0
2    9.308   11.439 0 0   0
2    9.305   11.474 0 0   0
2    9.298   11.568 0 0   0
2    9.292   11.641 0 0   0
2    9.287   11.698 0 0   0
2    9.280   11.776 0 0   0
2    9.275   11.827 0 0   0
2    9.272   11.865 0 0   0
2    9.262   11.957 0 0   0
2    9.248   12.084 0 0   0
2    9.248   12.086 0 0   0
2    9.248   12.091 0 0   0
2    9.233   12.216 0 0   0
2    9.222   12.298 0 0   0
2    9.216   12.345 0 0   0
2    9.205   12.423 0 0   0
2    9.198   12.475 0 0   0
2    9.193   12.507 0 0   0
2    9.178   12.604 0 0   0
2    9.161   12.710 0 0   0
2    9.157   12.734 0 0   0
2    9.149   12.780 0 0   0
2    9.134   12.864 0 0   0
2    9.126   12.908 0 0   0
2    9.109   12.993 0 0   0
2    9.087   13.100 0 0   0
2    9.082   13.123 0 0   0
2    9.071   13.173 0 0   0
2    9.053   13.252 0 0   0
2    9.045   13.287 0 0   0
2    9.022   13.382 0 0   0
2    8.999   13.468 0 0   0
2    8.987   13.511 0 0   0
2    8.951   13.638 0 0   0
2    8.951   13.641 0 0   0
2    8.950   13.642 0 0   0
2    8.910   13.770 0 0   0
2    8.898   13.810 0 0   0
2    8.867   13.900 0 0   0
2    8.841   13.971 0 0   0
2    8.819   14.029 0 0   0
2    8.781   14.126 0 0   0
2    8.767   14.159 0 0   0
2    8.717   14.275 0 0   0
2    8.710   14.288 0 0   0
2    8.649   14.416 0 0   0
2    8.648   14.418 0 0   0
2    8.623   14.464 0 0   0
2    8.579   14.548 0 0   0
2    8.577   14.551 0 0   0
2    8.503   14.677 0 0   0
2    8.501   14.679 0 0   0
2    8.479   14.714 0 0   0
2    8.422   14.801 0 0   0
2    8.418   14.807 0 0   0
2    8.338   14.916 0 0   0
2    8.323   14.936 0 0   0
2    8.251   15.025 0 0   0
2    8.217   15.066 0 0   0
2    8.161   15.128 0 0   0
2    8.097   15.195 0 0   0
2    8.067   15.225 0 0   0
2    7.993   15.295 0 0   0
2    7.970   15.316 0 0   0
2    7.960   15.325 0 0   0
2    7.869   15.401 0 0   0
2    7.802   15.454 0 0   0
2    7.766   15.482 0 0   0
2    7.712   15.520 0 0   0
2    7.659   15.557 0 0   0
2    7.619   15.584 0 0   0
2    7.550   15.627 0 0   0
2    7.473   15.673 0 0   0
2    7.439   15.694 0 0   0
2    7.404   15.713 0 0   0
2    7.325   15.755 0 0   0
2    7.256   15.790 0 0   0
2    7.208   15.813 0 0   0
2    7.146   15.843 0 0   0
2    7.090   15.868 0 0   0
2    7.051   15.884 0 0   0
2    6.969   15.918 0 0   0
2    6.856   15.962 0 0   0
2    6.847   15.966 0 0   0
2    6.830   15.972 0 0   0
2    6.722   16.010 0 0   0
2    6.668   16.028 0 0   0
2    6.596   16.051 0 0   0
2    6.484   16.085 0 0   0
2    6.469   16.090 0 0   0
2    6.431   16.101 0 0   0
2    6.340   16.126 0 0   0
2    6.305   16.135 0 0   0
2    6.209   16.160 0 0   0
2    6.129   16.179 0 0   0
2    6.077   16.191 0 0   0
2    5.956   16.219 0 0   0
2    5.944   16.221 0 0   0
2    5.903   16.230 0 0   0
2    5.810   16.249 0 0   0
2    5.785   16.253 0 0   0
2    5.674   16.274 0 0   0
2    5.617   16.285 0 0   0
2    5.537   16.298 0 0   0
2    5.449   16.313 0 0   0
2    5.399   16.321 0 0   0
2    5.284   16.338 0 0   0
2    5.260   16.342 0 0   0
2    5.123   16.361 0 0   0
2    5.119   16.361 0 0   0
2    5.119   16.361 0 0   0
2    4.979   16.379 0 0   0
2    4.957   16.382 0 0   0
2    4.835   16.396 0 0   0
2    4.796   16.400 0 0   0
2    4.693   16.411 0 0   0
2    4.638   16.417 0 0   0
2    4.548   16.425 0 0   0
2    4.480   16.431 0 0   0
2    4.404   16.438 0 0   0
2    4.324   16.445 0 0   0
2    4.258   16.450 0 0   0
2    4.171   16.457 0 0   0
2    4.113   16.461 0 0   0
2    4.017   16.467 0 0   0
2    3.968   16.470 0 0   0
2    3.867   16.476 0 0   0
2    3.823   16.479 0 0   0
2    3.717   16.485 0 0   0
2    3.678   16.486 0 0   0
2    3.571   16.491 0 0   0
2    3.536   16.493 0 0   0
2    3.425   16.497 0 0   0
2    3.392   16.499 0 0   0
2    3.290   16.502 0 0   0
2    3.258   16.503 0 0   0
2    3.156   16.506 0 0   0
2    3.122   16.507 0 0   0
2    3.044   16.509 0 0   0
2    3.011   16.509 0 0   0
2    2.939   16.511 0 0   0
2    2.883   16.512 0 0   0
2    2.836   16.512 0 0   0
2    2.798   16.513 0 0   0
2    2.746   16.513 0 0   0
2    2.700   16.514 0 0   0
2    2.624   16.514 0 0   0
2    2.552   16.514 0 0   0
2    2.500   16.515 0 0   0
3    2.500    4.484 0 0   0
2    2.500    4.484 0 0   0
2    2.571    4.484 0 0   0
2    2.630    4.485 0 0   0
2    2.747    4.487 0 0   0
2    2.760    4.487 0 0   0
2    2.767    4.487 0 0   0
2    2.888    4.491 0 0   0
2    2.961    4.493 0 0   0
2    3.016    4.495 0 0   0
2    3.085    4.498 0 0   0
2    3.115    4.500 0 0   0
2    3.136    4.501 0 0   0
2    3.232    4.507 0 0   0
2    3.285    4.510 0 0   0
2    3.353    4.515 0 0   0
2    3.405    4.519 0 0   0
2    3.480    4.525 0 0   0
2    3.559    4.532 0 0   0
2    3.617    4.538 0 0   0
2    3.715    4.547 0 0   0
2    3.754    4.552 0 0   0
2    3.874    4.566 0 0   0
2    3.890    4.568 0 0   0
2    3.977    4.579 0 0   0
2    4.026    4.585 0 0   0
2    4.035    4.587 0 0   0
2    4.160    4.605 0 0   0
2    4.197    4.611 0 0   0
2    4.293    4.627 0 0   0
2    4.360    4.638 0 0   0
2    4.425    4.650 0 0   0
2    4.526    4.669 0 0   0
2    4.557    4.675 0 0   0
2    4.668    4.699 0 0   0
2    4.687    4.703 0 0   0
2    4.692    4.704 0 0   0
2    4.816    4.733 0 0   0
2    4.862    4.744 0 0   0
2    4.945    4.765 0 0   0
2    5.034    4.788 0 0   0
2    5.073    4.799 0 0   0
2    5.176    4.828 0 0   0
2    5.201    4.836 0 0   0
2    5.211    4.839 0 0   0
2    5.326    4.875 0 0   0
2    5.392    4.897 0 0   0
2    5.451    4.918 0 0   0
2    5.568    4.959 0 0   0
2    5.575    4.962 0 0   0
2    5.578    4.963 0 0   0
2    5.696    5.010 0 0   0
2    5.772    5.042 0 0   0
2    5.817    5.061 0 0   0
2    5.883    5.090 0 0   0
2    5.936    5.115 0 0   0
2    5.975    5.134 0 0   0
2    6.052    5.173 0 0   0
2    6.146    5.221 0 0   0
2    6.168    5.233 0 0   0
2    6.188    5.244 0 0   0
2    6.281    5.298 0 0   0
2    6.369    5.351 0 0   0
2    6.392    5.365 0 0   0
2    6.418    5.382 0 0   0
2    6.500    5.437 0 0   0
2    6.563    5.481 0 0   0
2    6.607    5.513 0 0   0
2    6.673    5.563 0 0   0
2    6.711    5.592 0 0   0
2    6.733    5.610 0 0   0
2    6.812    5.677 0 0   0
2    6.883    5.740 0 0   0
2    6.911    5.765 0 0   0
2    6.978    5.830 0 0   0
2    7.007    5.858 0 0   0
2    7.018    5.869 0 0   0
2    7.100    5.956 0 0   0
2    7.138    5.999 0 0   0
2    7.191    6.059 0 0   0
2    7.248    6.128 0 0   0
2    7.278    6.167 0 0   0
2    7.347    6.258 0 0   0
2    7.363    6.280 0 0   0
2    7.437    6.387 0 0   0
2    7.444    6.399 0 0   0
2    7.519    6.516 0 0   0
2    7.523    6.523 0 0   0
2    7.594    6.646 0 0   0
2    7.597    6.652 0 0   0
2    7.663    6.775 0 0   0
2    7.669    6.788 0 0   0
2    7.726    6.905 0 0   0
2    7.737    6.929 0 0   0
2    7.784    7.034 0 0   0
2    7.802    7.076 0 0   0
2    7.837    7.164 0 0   0
2    7.863    7.230 0 0   0
2    7.887    7.294 0 0   0
2    7.921    7.389 0 0   0
2    7.932    7.423 0 0   0
2    7.972    7.545 0 0   0
2    7.974    7.553 0 0   0
2    7.975    7.555 0 0   0
2    8.012    7.682 0 0   0
2    8.025    7.727 0 0   0
2    8.048    7.812 0 0   0
2    8.072    7.905 0 0   0
2    8.080    7.941 0 0   0
2    8.100    8.025 0 0   0
2    8.110    8.071 0 0   0
2    8.115    8.090 0 0   0
2    8.137    8.200 0 0   0
2    8.153    8.282 0 0   0
2    8.162    8.330 0 0   0
2    8.178    8.420 0 0   0
2    8.185    8.460 0 0   0
2    8.189    8.481 0 0   0
2    8.205    8.589 0 0   0
2    8.219    8.687 0 0   0
2    8.224    8.719 0 0   0
2    8.230    8.769 0 0   0
2    8.240    8.848 0 0   0
2    8.246    8.900 0 0   0
2    8.254    8.978 0 0   0
2    8.265    9.089 0 0   0
2    8.267    9.107 0 0   0
2    8.268    9.121 0 0   0
2    8.277    9.237 0 0   0
2    8.286    9.349 0 0   0
2    8.287    9.366 0 0   0
2    8.288    9.387 0 0   0
2    8.294    9.496 0 0   0
2    8.298    9.587 0 0   0
2    8.299    9.626 0 0   0
2    8.301    9.669 0 0   0
2    8.303    9.755 0 0   0
2    8.305    9.834 0 0   0
2    8.306    9.885 0 0   0
2    8.306    9.937 0 0   0
6    8.208    9.901    0.000    0.150   1
8
3    8.306    9.937 0 0   0
2    8.306   10.014 0 0   0
2    8.306   10.091 0 0   0
2    8.305   10.144 0 0   0
2    8.304   10.193 0 0   0
2    8.302   10.273 0 0   0
2    8.300   10.360 0 0   0
2    8.298   10.403 0 0   0
2    8.297   10.440 0 0   0
2    8.292   10.532 0 0   0
2    8.286   10.643 0 0   0
2    8.285   10.662 0 0   0
2    8.284   10.676 0 0   0
2    8.275   10.791 0 0   0
2    8.266   10.904 0 0   0
2    8.264   10.920 0 0   0
2    8.262   10.943 0 0   0
2    8.251   11.050 0 0   0
2    8.243   11.124 0 0   0
2    8.236   11.179 0 0   0
2    8.226   11.265 0 0   0
2    8.220   11.309 0 0   0
2    8.216   11.336 0 0   0
2    8.201   11.438 0 0   0
2    8.185   11.541 0 0   0
2    8.180   11.568 0 0   0
2    8.172   11.618 0 0   0
2    8.157   11.697 0 0   0
2    8.149   11.739 0 0   0
2    8.132   11.827 0 0   0
2    8.110   11.930 0 0   0
2    8.104   11.956 0 0   0
2    8.090   12.017 0 0   0
2    8.074   12.085 0 0   0
2    8.067   12.114 0 0   0
2    8.041   12.215 0 0   0
2    8.020   12.292 0 0   0
2    8.005   12.344 0 0   0
2    7.969   12.463 0 0   0
2    7.966   12.474 0 0   0
2    7.953   12.512 0 0   0
2    7.923   12.603 0 0   0
2    7.915   12.628 0 0   0
2    7.877   12.733 0 0   0
2    7.857   12.787 0 0   0
2    7.827   12.862 0 0   0
2    7.795   12.939 0 0   0
2    7.773   12.991 0 0   0
2    7.730   13.086 0 0   0
2    7.714   13.121 0 0   0
2    7.662   13.226 0 0   0
2    7.649   13.250 0 0   0
2    7.590   13.361 0 0   0
2    7.579   13.380 0 0   0
2    7.515   13.490 0 0   0
2    7.503   13.509 0 0   0
2    7.436   13.613 0 0   0
2    7.419   13.638 0 0   0
2    7.355   13.731 0 0   0
2    7.328   13.767 0 0   0
2    7.270   13.843 0 0   0
2    7.227   13.897 0 0   0
2    7.183   13.950 0 0   0
2    7.117   14.026 0 0   0
2    7.092   14.052 0 0   0
2    7.015   14.134 0 0   0
2    6.999   14.150 0 0   0
2    6.994   14.155 0 0   0
2    6.903   14.242 0 0   0
2    6.857   14.284 0 0   0
2    6.805   14.329 0 0   0
2    6.705   14.412 0 0   0
2    6.704   14.413 0 0   0
2    6.702   14.415 0 0   0
2    6.600   14.492 0 0   0
2    6.533   14.540 0 0   0
2    6.495   14.567 0 0   0
2    6.445   14.600 0 0   0
2    6.387   14.637 0 0   0
2    6.340   14.667 0 0   0
2    6.278   14.704 0 0   0
2    6.212   14.742 0 0   0
2    6.166   14.768 0 0   0
2    6.118   14.794 0 0   0
2    6.053   14.828 0 0   0
2    5.995   14.856 0 0   0
2    5.937   14.884 0 0   0
2    5.864   14.918 0 0   0
2    5.820   14.938 0 0   0
2    5.788   14.952 0 0   0
2    5.700   14.988 0 0   0
2    5.588   15.033 0 0   0
2    5.580   15.036 0 0   0
2    5.565   15.042 0 0   0
2    5.456   15.081 0 0   0
2    5.393   15.103 0 0   0
2    5.331   15.123 0 0   0
2    5.215   15.160 0 0   0
2    5.204   15.164 0 0   0
2    5.198   15.165 0 0   0
2    5.075   15.200 0 0   0
2    5.005   15.220 0 0   0
2    4.940   15.237 0 0   0
2    4.809   15.269 0 0   0
2    4.806   15.270 0 0   0
2    4.798   15.272 0 0   0
2    4.649   15.305 0 0   0
2    4.586   15.318 0 0   0
2    4.504   15.335 0 0   0
2    4.430   15.349 0 0   0
2    4.386   15.357 0 0   0
2    4.244   15.382 0 0   0
2    4.234   15.383 0 0   0
2    4.121   15.401 0 0   0
2    4.111   15.402 0 0   0
2    3.976   15.421 0 0   0
2    3.971   15.422 0 0   0
2    3.834   15.439 0 0   0
2    3.834   15.439 0 0   0
2    3.817   15.441 0 0   0
2    3.695   15.455 0 0   0
2    3.691   15.455 0 0   0
2    3.561   15.468 0 0   0
2    3.542   15.470 0 0   0
2    3.428   15.479 0 0   0
2    3.400   15.482 0 0   0
2    3.306   15.488 0 0   0
2    3.247   15.492 0 0   0
2    3.189   15.496 0 0   0
2    3.095   15.501 0 0   0
2    3.079   15.502 0 0   0
2    3.056   15.503 0 0   0
2    2.966   15.507 0 0   0
2    2.914   15.509 0 0   0
2    2.850   15.511 0 0   0
2    2.741   15.514 0 0   0
2    2.737   15.514 0 0   0
2    2.732   15.514 0 0   0
2    2.621   15.515 0 0   0
2    2.570   15.516 0 0   0
2    2.500   15.516 0 0   0
3    2.500    5.587 0 0   0
2    2.500    5.587 0 0   0
2    2.555    5.588 0 0   0
2    2.634    5.589 0 0   0
2    2.715    5.591 0 0   0
2    2.767    5.592 0 0   0
2    2.813    5.594 0 0   0
2    2.909    5.600 0 0   0
2    3.028    5.607 0 0   0
2    3.049    5.609 0 0   0
2    3.071    5.611 0 0   0
2    3.187    5.622 0 0   0
2    3.270    5.630 0 0   0
2    3.331    5.638 0 0   0
2    3.415    5.648 0 0   0
2    3.458    5.654 0 0   0
2    3.493    5.659 0 0   0
2    3.587    5.674 0 0   0
2    3.674    5.689 0 0   0
2    3.708    5.695 0 0   0
2    3.752    5.703 0 0   0
2    3.824    5.717 0 0   0
2    3.870    5.727 0 0   0
2    3.952    5.745 0 0   0
2    4.057    5.770 0 0   0
2    4.078    5.775 0 0   0
2    4.122    5.787 0 0   0
2    4.230    5.817 0 0   0
2    4.299    5.836 0 0   0
2    4.370    5.858 0 0   0
2    4.436    5.879 0 0   0
2    4.504    5.903 0 0   0
2    4.644    5.953 0 0   0
2    4.650    5.955 0 0   0
2    4.662    5.960 0 0   0
2    4.772    6.004 0 0   0
2    4.821    6.025 0 0   0
2    4.895    6.058 0 0   0
2    5.012    6.112 0 0   0
2    5.020    6.116 0 0   0
2    5.033    6.123 0 0   0
2    5.141    6.179 0 0   0
2    5.219    6.222 0 0   0
2    5.266    6.248 0 0   0
2    5.315    6.277 0 0   0
2    5.385    6.321 0 0   0
2    5.465    6.373 0 0   0
2    5.498    6.395 0 0   0
2    5.522    6.411 0 0   0
2    5.612    6.477 0 0   0
2    5.695    6.540 0 0   0
2    5.718    6.558 0 0   0
2    5.766    6.598 0 0   0
2    5.822    6.646 0 0   0
2    5.847    6.668 0 0   0
2    5.921    6.736 0 0   0
2    5.981    6.794 0 0   0
2    6.018    6.831 0 0   0
2    6.104    6.921 0 0   0
2    6.111    6.930 0 0   0
2    6.143    6.966 0 0   0
2    6.201    7.033 0 0   0
2    6.213    7.048 0 0   0
2    6.287    7.142 0 0   0
2    6.313    7.176 0 0   0
2    6.370    7.255 0 0   0
2    6.404    7.304 0 0   0
2    6.450    7.373 0 0   0
2    6.487    7.432 0 0   0
2    6.526    7.498 0 0   0
2    6.563    7.561 0 0   0
2    6.600    7.628 0 0   0
2    6.632    7.690 0 0   0
2    6.669    7.764 0 0   0
2    6.695    7.819 0 0   0
2    6.736    7.907 0 0   0
2    6.753    7.948 0 0   0
2    6.798    8.056 0 0   0
2    6.806    8.077 0 0   0
2    6.843    8.176 0 0   0
2    6.854    8.206 0 0   0
2    6.857    8.213 0 0   0
2    6.897    8.336 0 0   0
2    6.910    8.377 0 0   0
2    6.937    8.465 0 0   0
2    6.960    8.549 0 0   0
2    6.972    8.594 0 0   0
2    7.001    8.712 0 0   0
2    7.004    8.724 0 0   0
2    7.005    8.728 0 0   0
2    7.032    8.853 0 0   0
2    7.045    8.918 0 0   0
2    7.056    8.982 0 0   0
2    7.077    9.104 0 0   0
2    7.078    9.112 0 0   0
2    7.079    9.116 0 0   0
2    7.096    9.241 0 0   0
2    7.107    9.326 0 0   0
2    7.112    9.370 0 0   0
2    7.118    9.435 0 0   0
2    7.124    9.500 0 0   0
2    7.128    9.547 0 0   0
2    7.133    9.629 0 0   0
2    7.139    9.731 0 0   0
2    7.140    9.758 0 0   0
2    7.141    9.782 0 0   0
2    7.144    9.888 0 0   0
2    7.145   10.000 0 0   0
2    7.145   10.017 0 0   0
2    7.145   10.034 0 0   0
2    7.143   10.146 0 0   0
6    7.164   10.125    0.000    0.150   1
9
3    7.143   10.146 0 0   0
2    7.140   10.250 0 0   0
2    7.139   10.276 0 0   0
2    7.137   10.306 0 0   0
2    7.131   10.405 0 0   0
2    7.125   10.483 0 0   0
2    7.121   10.534 0 0   0
2    7.114   10.605 0 0   0
2    7.108   10.663 0 0   0
2    7.103   10.702 0 0   0
2    7.092   10.792 0 0   0
2    7.075   10.911 0 0   0
2    7.073   10.921 0 0   0
2    7.070   10.940 0 0   0
2    7.050   11.050 0 0   0
2    7.040   11.108 0 0   0
2    7.025   11.179 0 0   0
2    7.000   11.296 0 0   0
2    6.997   11.308 0 0   0
2    6.989   11.340 0 0   0
2    6.964   11.437 0 0   0
2    6.954   11.474 0 0   0
2    6.927   11.566 0 0   0
2    6.904   11.644 0 0   0
2    6.888   11.695 0 0   0
2    6.849   11.807 0 0   0
2    6.844   11.824 0 0   0
2    6.815   11.900 0 0   0
2    6.795   11.952 0 0   0
2    6.791   11.963 0 0   0
2    6.741   12.081 0 0   0
2    6.728   12.111 0 0   0
2    6.682   12.209 0 0   0
2    6.661   12.252 0 0   0
2    6.618   12.338 0 0   0
2    6.592   12.387 0 0   0
2    6.548   12.466 0 0   0
2    6.518   12.517 0 0   0
2    6.471   12.594 0 0   0
2    6.442   12.639 0 0   0
2    6.386   12.722 0 0   0
2    6.362   12.757 0 0   0
2    6.294   12.850 0 0   0
2    6.279   12.868 0 0   0
2    6.203   12.964 0 0   0
2    6.194   12.975 0 0   0
2    6.192   12.977 0 0   0
2    6.106   13.076 0 0   0
2    6.080   13.104 0 0   0
2    6.015   13.172 0 0   0
2    5.956   13.231 0 0   0
2    5.922   13.263 0 0   0
2    5.842   13.337 0 0   0
2    5.827   13.350 0 0   0
2    5.820   13.356 0 0   0
2    5.729   13.432 0 0   0
2    5.668   13.481 0 0   0
2    5.630   13.510 0 0   0
2    5.573   13.552 0 0   0
2    5.529   13.583 0 0   0
2    5.499   13.605 0 0   0
2    5.426   13.653 0 0   0
2    5.335   13.711 0 0   0
2    5.321   13.719 0 0   0
2    5.309   13.727 0 0   0
2    5.214   13.781 0 0   0
2    5.120   13.833 0 0   0
2    5.107   13.840 0 0   0
2    5.094   13.847 0 0   0
2    4.997   13.894 0 0   0
2    4.916   13.933 0 0   0
2    4.887   13.946 0 0   0
2    4.848   13.964 0 0   0
2    4.775   13.995 0 0   0
2    4.724   14.015 0 0   0
2    4.662   14.040 0 0   0
2    4.563   14.077 0 0   0
2    4.549   14.082 0 0   0
2    4.541   14.085 0 0   0
2    4.435   14.121 0 0   0
2    4.368   14.143 0 0   0
2    4.319   14.158 0 0   0
2    4.216   14.188 0 0   0
2    4.209   14.190 0 0   0
2    4.206   14.191 0 0   0
2    4.091   14.222 0 0   0
2    4.056   14.230 0 0   0
2    3.982   14.248 0 0   0
2    3.923   14.261 0 0   0
2    3.866   14.274 0 0   0
2    3.800   14.288 0 0   0
2    3.748   14.298 0 0   0
2    3.685   14.309 0 0   0
2    3.619   14.321 0 0   0
2    3.565   14.330 0 0   0
2    3.479   14.343 0 0   0
2    3.450   14.347 0 0   0
2    3.342   14.362 0 0   0
2    3.328   14.363 0 0   0
2    3.324   14.364 0 0   0
2    3.211   14.376 0 0   0
2    3.162   14.381 0 0   0
2    3.092   14.387 0 0   0
2    2.982   14.396 0 0   0
2    2.974   14.397 0 0   0
2    2.963   14.398 0 0   0
2    2.857   14.403 0 0   0
2    2.783   14.407 0 0   0
2    2.739   14.409 0 0   0
2    2.684   14.410 0 0   0
2    2.619   14.412 0 0   0
2    2.561   14.412 0 0   0
2    2.500   14.413 0 0   0
3    2.500    6.937 0 0   0
2    2.500    6.937 0 0   0
2    2.532    6.937 0 0   0
2    2.630    6.940 0 0   0
2    2.708    6.943 0 0   0
2    2.760    6.946 0 0   0
2    2.814    6.950 0 0   0
2    2.890    6.957 0 0   0
2    2.977    6.967 0 0   0
2    3.020    6.972 0 0   0
2    3.052    6.976 0 0   0
2    3.146    6.991 0 0   0
2    3.247    7.009 0 0   0
2    3.272    7.014 0 0   0
2    3.318    7.024 0 0   0
2    3.393    7.041 0 0   0
2    3.432    7.051 0 0   0
2    3.510    7.071 0 0   0
2    3.603    7.098 0 0   0
2    3.627    7.105 0 0   0
2    3.677    7.122 0 0   0
2    3.745    7.144 0 0   0
2    3.773    7.155 0 0   0
2    3.862    7.189 0 0   0
2    3.938    7.220 0 0   0
2    3.978    7.237 0 0   0
2    4.092    7.289 0 0   0
2    4.098    7.292 0 0   0
2    4.100    7.293 0 0   0
2    4.212    7.352 0 0   0
2    4.251    7.373 0 0   0
2    4.327    7.418 0 0   0
2    4.395    7.460 0 0   0
2    4.440    7.489 0 0   0
2    4.529    7.550 0 0   0
2    4.549    7.565 0 0   0
2    4.653    7.644 0 0   0
2    4.658    7.648 0 0   0
2    4.710    7.692 0 0   0
2    4.762    7.737 0 0   0
2    4.766    7.741 0 0   0
2    4.865    7.834 0 0   0
2    4.871    7.840 0 0   0
2    4.967    7.941 0 0   0
2    4.968    7.942 0 0   0
2    4.978    7.953 0 0   0
2    5.058    8.046 0 0   0
2    5.066    8.057 0 0   0
2    5.143    8.157 0 0   0
2    5.160    8.180 0 0   0
2    5.221    8.269 0 0   0
2    5.248    8.311 0 0   0
2    5.292    8.381 0 0   0
2    5.326    8.439 0 0   0
2    5.358    8.497 0 0   0
2    5.393    8.564 0 0   0
2    5.408    8.595 0 0   0
2    5.453    8.691 0 0   0
2    5.463    8.714 0 0   0
2    5.498    8.799 0 0   0
2    5.518    8.851 0 0   0
2    5.551    8.942 0 0   0
2    5.564    8.981 0 0   0
2    5.606    9.119 0 0   0
2    5.607    9.120 0 0   0
2    5.607    9.120 0 0   0
2    5.639    9.252 0 0   0
2    5.651    9.304 0 0   0
2    5.666    9.383 0 0   0
2    5.688    9.504 0 0   0
2    5.689    9.513 0 0   0
2    5.691    9.528 0 0   0
2    5.704    9.643 0 0   0
2    5.712    9.723 0 0   0
2    5.716    9.772 0 0   0
2    5.719    9.831 0 0   0
2    5.722    9.900 0 0   0
2    5.723    9.964 0 0   0
2    5.724   10.029 0 0   0
6    5.671    9.985    0.000    0.150   2
10
3    5.724   10.029 0 0   0
2    5.722   10.089 0 0   0
2    5.720   10.157 0 0   0
2    5.715   10.243 0 0   0
2    5.712   10.285 0 0   0
2    5.709   10.315 0 0   0
2    5.698   10.412 0 0   0
2    5.683   10.523 0 0   0
2    5.681   10.540 0 0   0
2    5.675   10.573 0 0   0
2    5.657   10.667 0 0   0
2    5.648   10.711 0 0   0
2    5.628   10.794 0 0   0
2    5.604   10.887 0 0   0
2    5.594   10.922 0 0   0
2    5.560   11.033 0 0   0
2    5.555   11.049 0 0   0
2    5.554   11.053 0 0   0
2    5.508   11.176 0 0   0
2    5.496   11.207 0 0   0
2    5.455   11.304 0 0   0
2    5.434   11.351 0 0   0
2    5.394   11.432 0 0   0
2    5.367   11.486 0 0   0
2    5.326   11.560 0 0   0
2    5.296   11.612 0 0   0
2    5.250   11.687 0 0   0
2    5.221   11.731 0 0   0
2    5.164   11.814 0 0   0
2    5.144   11.842 0 0   0
2    5.069   11.941 0 0   0
2    5.062   11.949 0 0   0
2    5.033   11.983 0 0   0
2    4.976   12.049 0 0   0
2    4.962   12.065 0 0   0
2    4.887   12.142 0 0   0
2    4.838   12.191 0 0   0
2    4.795   12.232 0 0   0
2    4.706   12.312 0 0   0
2    4.701   12.316 0 0   0
2    4.698   12.319 0 0   0
2    4.605   12.392 0 0   0
2    4.525   12.453 0 0   0
2    4.507   12.465 0 0   0
2    4.488   12.479 0 0   0
2    4.411   12.530 0 0   0
2    4.342   12.574 0 0   0
2    4.312   12.591 0 0   0
2    4.283   12.609 0 0   0
2    4.209   12.650 0 0   0
2    4.146   12.683 0 0   0
2    4.103   12.705 0 0   0
2    4.069   12.721 0 0   0
2    3.991   12.757 0 0   0
2    3.909   12.792 0 0   0
2    3.870   12.808 0 0   0
2    3.766   12.848 0 0   0
2    3.754   12.853 0 0   0
2    3.665   12.882 0 0   0
2    3.634   12.893 0 0   0
2    3.630   12.894 0 0   0
2    3.511   12.929 0 0   0
2    3.503   12.931 0 0   0
2    3.385   12.961 0 0   0
2    3.379   12.963 0 0   0
2    3.321   12.976 0 0   0
2    3.265   12.988 0 0   0
2    3.259   12.989 0 0   0
2    3.151   13.008 0 0   0
2    3.125   13.013 0 0   0
2    3.049   13.024 0 0   0
2    3.002   13.031 0 0   0
2    2.949   13.037 0 0   0
2    2.866   13.046 0 0   0
2    2.844   13.048 0 0   0
2    2.817   13.050 0 0   0
2    2.748   13.055 0 0   0
2    2.685   13.058 0 0   0
2    2.620   13.061 0 0   0
2    2.544   13.062 0 0   0
2    2.500   13.063 0 0   0
3    2.500   10.070 0 0   0
2    2.500   10.070 0 0   0
2    2.500   10.070 0 0   0
2    2.500   10.070 0 0   0
2    2.500   10.070 0 0   0
3    2.500    2.500 0 0   0
2    2.650    2.500 0 0   0
2    2.800    2.500 0 0   0
2    2.950    2.500 0 0   0
2    3.100    2.500 0 0   0
2    3.250    2.500 0 0   0
2    3.400    2.500 0 0   0
2    3.550    2.500 0 0   0
2    3.700    2.500 0 0   0
2    3.850    2.500 0 0   0
2    4.000    2.500 0 0   0
2    4.150    2.500 0 0   0
2    4.300    2.500 0 0   0
2    4.450    2.500 0 0   0
2    4.600    2.500 0 0   0
2    4.750    2.500 0 0   0
2    4.900    2.500 0 0   0
2    5.050    2.500 0 0   0
2    5.200    2.500 0 0   0
2    5.350    2.500 0 0   0
2    5.500    2.500 0 0   0
2    5.650    2.500 0 0   0
2    5.800    2.500 0 0   0
2    5.950    2.500 0 0   0
2    6.100    2.500 0 0   0
2    6.250    2.500 0 0   0
2    6.400    2.500 0 0   0
2    6.550    2.500 0 0   0
2    6.700    2.500 0 0   0
2    6.850    2.500 0 0   0
2    7.000    2.500 0 0   0
2    7.150    2.500 0 0   0
2    7.300    2.500 0 0   0
2    7.450    2.500 0 0   0
2    7.600    2.500 0 0   0
2    7.750    2.500 0 0   0
2    7.900    2.500 0 0   0
2    8.050    2.500 0 0   0
2    8.200    2.500 0 0   0
2    8.350    2.500 0 0   0
2    8.500    2.500 0 0   0
2    8.650    2.500 0 0   0
2    8.800    2.500 0 0   0
2    8.950    2.500 0 0   0
2    9.100    2.500 0 0   0
2    9.250    2.500 0 0   0
2    9.400    2.500 0 0   0
2    9.550    2.500 0 0   0
2    9.700    2.500 0 0   0
2    9.850    2.500 0 0   0
2   10.000    2.500 0 0   0
2   10.150    2.500 0 0   0
2   10.300    2.500 0 0   0
2   10.450    2.500 0 0   0
2   10.600    2.500 0 0   0
2   10.750    2.500 0 0   0
2   10.900    2.500 0 0   0
2   11.050    2.500 0 0   0
2   11.200    2.500 0 0   0
2   11.350    2.500 0 0   0
2   11.500    2.500 0 0   0
2   11.650    2.500 0 0   0
2   11.800    2.500 0 0   0
2   11.950    2.500 0 0   0
2   12.100    2.500 0 0   0
2   12.250    2.500 0 0   0
2   12.400    2.500 0 0   0
2   12.550    2.500 0 0   0
2   12.700    2.500 0 0   0
2   12.850    2.500 0 0   0
2   13.000    2.500 0 0   0
2   13.150    2.500 0 0   0
2   13.300    2.500 0 0   0
2   13.450    2.500 0 0   0
2   13.600    2.500 0 0   0
2   13.750    2.500 0 0   0
2   13.900    2.500 0 0   0
2   14.050    2.500 0 0   0
2   14.200    2.500 0 0   0
2   14.350    2.500 0 0   0
2   14.500    2.500 0 0   0
2   14.650    2.500 0 0   0
2   14.800    2.500 0 0   0
2   14.950    2.500 0 0   0
2   15.100    2.500 0 0   0
2   15.250    2.500 0 0   0
2   15.400    2.500 0 0   0
2   15.550    2.500 0 0   0
2   15.700    2.500 0 0   0
2   15.850    2.500 0 0   0
2   16.000    2.500 0 0   0
2   16.150    2.500 0 0   0
2   16.300    2.500 0 0   0
2   16.450    2.500 0 0   0
2   16.600    2.500 0 0   0
2   16.750    2.500 0 0   0
2   16.900    2.500 0 0   0
2   17.050    2.500 0 0   0
2   17.200    2.500 0 0   0
2   17.350    2.500 0 0   0
2   17.500    2.500 0 0   0
3   17.500    2.500 0 0   0
2   17.500    2.648 0 0   0
2   17.500    2.797 0 0   0
2   17.500    2.945 0 0   0
2   17.500    3.094 0 0   0
2   17.500    3.242 0 0   0
2   17.500    3.391 0 0   0
2   17.500    3.539 0 0   0
2   17.500    3.688 0 0   0
2   17.500    3.836 0 0   0
2   17.500    3.984 0 0   0
2   17.500    4.133 0 0   0
2   17.500    4.281 0 0   0
2   17.500    4.430 0 0   0
2   17.500    4.578 0 0   0
2   17.500    4.727 0 0   0
2   17.500    4.875 0 0   0
2   17.500    5.023 0 0   0
2   17.500    5.172 0 0   0
2   17.500    5.320 0 0   0
2   17.500    5.469 0 0   0
2   17.500    5.617 0 0   0
2   17.500    5.766 0 0   0
2   17.500    5.914 0 0   0
2   17.500    6.062 0 0   0
2   17.500    6.211 0 0   0
2   17.500    6.359 0 0   0
2   17.500    6.508 0 0   0
2   17.500    6.656 0 0   0
2   17.500    6.805 0 0   0
2   17.500    6.953 0 0   0
2   17.500    7.102 0 0   0
2   17.500    7.250 0 0   0
2   17.500    7.398 0 0   0
2   17.500    7.547 0 0   0
2   17.500    7.695 0 0   0
2   17.500    7.844 0 0   0
2   17.500    7.992 0 0   0
2   17.500    8.141 0 0   0
2   17.500    8.289 0 0   0
2   17.500    8.438 0 0   0
2   17.500    8.586 0 0   0
2   17.500    8.734 0 0   0
2   17.500    8.883 0 0   0
2   17.500    9.031 0 0   0
2   17.500    9.180 0 0   0
2   17.500    9.328 0 0   0
2   17.500    9.477 0 0   0
2   17.500    9.625 0 0   0
2   17.500    9.773 0 0   0
2   17.500    9.922 0 0   0
2   17.500   10.070 0 0   0
2   17.500   10.219 0 0   0
2   17.500   10.367 0 0   0
2   17.500   10.516 0 0   0
2   17.500   10.664 0 0   0
2   17.500   10.812 0 0   0
2   17.500   10.961 0 0   0
2   17.500   11.109 0 0   0
2   17.500   11.258 0 0   0
2   17.500   11.406 0 0   0
2   17.500   11.555 0 0   0
2   17.500   11.703 0 0   0
2   17.500   11.852 0 0   0
2   17.500   12.000 0 0   0
2   17.500   12.148 0 0   0
2   17.500   12.297 0 0   0
2   17.500   12.445 0 0   0
2   17.500   12.594 0 0   0
2   17.500   12.742 0 0   0
2   17.500   12.891 0 0   0
2   17.500   13.039 0 0   0
2   17.500   13.188 0 0   0
2   17.500   13.336 0 0   0
2   17.500   13.484 0 0   0
2   17.500   13.633 0 0   0
2   17.500   13.781 0 0   0
2   17.500   13.930 0 0   0
2   17.500   14.078 0 0   0
2   17.500   14.227 0 0   0
2   17.500   14.375 0 0   0
2   17.500   14.523 0 0   0
2   17.500   14.672 0 0   0
2   17.500   14.820 0 0   0
2   17.500   14.969 0 0   0
2   17.500   15.117 0 0   0
2   17.500   15.266 0 0   0
2   17.500   15.414 0 0   0
2   17.500   15.562 0 0   0
2   17.500   15.711 0 0   0
2   17.500   15.859 0 0   0
2   17.500   16.008 0 0   0
2   17.500   16.156 0 0   0
2   17.500   16.305 0 0   0
2   17.500   16.453 0 0   0
2   17.500   16.602 0 0   0
2   17.500   16.750 0 0   0
3   17.500   16.750 0 0   0
2   17.500   16.875 0 0   0
2   17.500   17.000 0 0   0
2   17.500   17.125 0 0   0
2   17.500   17.250 0 0   0
2   17.500   17.375 0 0   0
2   17.500   17.500 0 0   0
3   17.500   17.500 0 0   0
2   17.375   17.500 0 0   0
2   17.250   17.500 0 0   0
2   17.125   17.500 0 0   0
2   17.000   17.500 0 0   0
2   16.875   17.500 0 0   0
2   16.750   17.500 0 0   0
3   16.750   17.500 0 0   0
2   16.600   17.500 0 0   0
2   16.450   17.500 0 0   0
2   16.300   17.500 0 0   0
2   16.150   17.500 0 0   0
2   16.000   17.500 0 0   0
2   15.850   17.500 0 0   0
2   15.700   17.500 0 0   0
2   15.550   17.500 0 0   0
2   15.400   17.500 0 0   0
2   15.250   17.500 0 0   0
2   15.100   17.500 0 0   0
2   14.950   17.500 0 0   0
2   14.800   17.500 0 0   0
2   14.650   17.500 0 0   0
2   14.500   17.500 0 0   0
2   14.350   17.500 0 0   0
2   14.200   17.500 0 0   0
2   14.050   17.500 0 0   0
2   13.900   17.500 0 0   0
2   13.750   17.500 0 0   0
2   13.600   17.500 0 0   0
2   13.450   17.500 0 0   0
2   13.300   17.500 0 0   0
2   13.150   17.500 0 0   0
2   13.000   17.500 0 0   0
2   12.850   17.500 0 0   0
2   12.700   17.500 0 0   0
2   12.550   17.500 0 0   0
2   12.400   17.500 0 0   0
2   12.250   17.500 0 0   0
2   12.100   17.500 0 0   0
2   11.950   17.500 0 0   0
2   11.800   17.500 0 0   0
2   11.650   17.500 0 0   0
2   11.500   17.500 0 0   0
2   11.350   17.500 0 0   0
2   11.200   17.500 0 0   0
2   11.050   17.500 0 0   0
2   10.900   17.500 0 0   0
2   10.750   17.500 0 0   0
2   10.600   17.500 0 0   0
2   10.450   17.500 0 0   0
2   10.300   17.500 0 0   0
2   10.150   17.500 0 0   0
2   10.000   17.500 0 0   0
2    9.850   17.500 0 0   0
2    9.700   17.500 0 0   0
2    9.550   17.500 0 0   0
2    9.400   17.500 0 0   0
2    9.250   17.500 0 0   0
2    9.100   17.500 0 0   0
2    8.950   17.500 0 0   0
2    8.800   17.500 0 0   0
2    8.650   17.500 0 0   0
2    8.500   17.500 0 0   0
2    8.350   17.500 0 0   0
2    8.200   17.500 0 0   0
2    8.050   17.500 0 0   0
2    7.900   17.500 0 0   0
2    7.750   17.500 0 0   0
2    7.600   17.500 0 0   0
2    7.450   17.500 0 0   0
2    7.300   17.500 0 0   0
2    7.150   17.500 0 0   0
2    7.000   17.500 0 0   0
2    6.850   17.500 0 0   0
2    6.700   17.500 0 0   0
2    6.550   17.500 0 0   0
2    6.400   17.500 0 0   0
2    6.250   17.500 0 0   0
2    6.100   17.500 0 0   0
2    5.950   17.500 0 0   0
2    5.800   17.500 0 0   0
2    5.650   17.500 0 0   0
2    5.500   17.500 0 0   0
2    5.350   17.500 0 0   0
2    5.200   17.500 0 0   0
2    5.050   17.500 0 0   0
2    4.900   17.500 0 0   0
2    4.750   17.500 0 0   0
2    4.600   17.500 0 0   0
2    4.450   17.500 0 0   0
2    4.300   17.500 0 0   0
2    4.150   17.500 0 0   0
2    4.000   17.500 0 0   0
2    3.850   17.500 0 0   0
2    3.700   17.500 0 0   0
2    3.550   17.500 0 0   0
2    3.400   17.500 0 0   0
2    3.250   17.500 0 0   0
3    3.250   17.500 0 0   0
2    3.125   17.500 0 0   0
2    3.000   17.500 0 0   0
2    2.875   17.500 0 0   0
2    2.750   17.500 0 0   0
2    2.625   17.500 0 0   0
2    2.500   17.500 0 0   0
3    2.500   17.500 0 0   0
2    2.500   17.375 0 0   0
2    2.500   17.250 0 0   0
2    2.500   17.125 0 0   0
2    2.500   17.000 0 0   0
2    2.500   16.875 0 0   0
2    2.500   16.750 0 0   0
3    2.500   16.750 0 0   0
2    2.500   16.602 0 0   0
2    2.500   16.453 0 0   0
2    2.500   16.305 0 0   0
2    2.500   16.156 0 0   0
2    2.500   16.008 0 0   0
2    2.500   15.859 0 0   0
2    2.500   15.711 0 0   0
2    2.500   15.562 0 0   0
2    2.500   15.414 0 0   0
2    2.500   15.266 0 0   0
2    2.500   15.117 0 0   0
2    2.500   14.969 0 0   0
2    2.500   14.820 0 0   0
2    2.500   14.672 0 0   0
2    2.500   14.523 0 0   0
2    2.500   14.375 0 0   0
2    2.500   14.227 0 0   0
2    2.500   14.078 0 0   0
2    2.500   13.930 0 0   0
2    2.500   13.781 0 0   0
2    2.500   13.633 0 0   0
2    2.500   13.484 0 0   0
2    2.500   13.336 0 0   0
2    2.500   13.188 0 0   0
2    2.500   13.039 0 0   0
2    2.500   12.891 0 0   0
2    2.500   12.742 0 0   0
2    2.500   12.594 0 0   0
2    2.500   12.445 0 0   0
2    2.500   12.297 0 0   0
2    2.500   12.148 0 0   0
2    2.500   12.000 0 0   0
2    2.500   11.852 0 0   0
2    2.500   11.703 0 0   0
2    2.500   11.555 0 0   0
2    2.500   11.406 0 0   0
2    2.500   11.258 0 0   0
2    2.500   11.109 0 0   0
2    2.500   10.961 0 0   0
2    2.500   10.812 0 0   0
2    2.500   10.664 0 0   0
2    2.500   10.516 0 0   0
2    2.500   10.367 0 0   0
2    2.500   10.219 0 0   0
2    2.500   10.070 0 0   0
2    2.500    9.922 0 0   0
2    2.500    9.773 0 0   0
2    2.500    9.625 0 0   0
2    2.500    9.477 0 0   0
2    2.500    9.328 0 0   0
2    2.500    9.180 0 0   0
2    2.500    9.031 0 0   0
2    2.500    8.883 0 0   0
2    2.500    8.734 0 0   0
2    2.500    8.586 0 0   0
2    2.500    8.438 0 0   0
2    2.500    8.289 0 0   0
2    2.500    8.141 0 0   0
2    2.500    7.992 0 0   0
2    2.500    7.844 0 0   0
2    2.500    7.695 0 0   0
2    2.500    7.547 0 0   0
2    2.500    7.398 0 0   0
2    2.500    7.250 0 0   0
2    2.500    7.102 0 0   0
2    2.500    6.953 0 0   0
2    2.500    6.805 0 0   0
2    2.500    6.656 0 0   0
2    2.500    6.508 0 0   0
2    2.500    6.359 0 0   0
2    2.500    6.211 0 0   0
2    2.500    6.062 0 0   0
2    2.500    5.914 0 0   0
2    2.500    5.766 0 0   0
2    2.500    5.617 0 0   0
2    2.500    5.469 0 0   0
2    2.500    5.320 0 0   0
2    2.500    5.172 0 0   0
2    2.500    5.023 0 0   0
2    2.500    4.875 0 0   0
2    2.500    4.727 0 0   0
2    2.500    4.578 0 0   0
2    2.500    4.430 0 0   0
2    2.500    4.281 0 0   0
2    2.500    4.133 0 0   0
2    2.500    3.984 0 0   0
2    2.500    3.836 0 0   0
2    2.500    3.688 0 0   0
2    2.500    3.539 0 0   0
2    2.500    3.391 0 0   0
2    2.500    3.242 0 0   0
2    2.500    3.094 0 0   0
2    2.500    2.945 0 0   0
2    2.500    2.797 0 0   0
2    2.500    2.648 0 0   0
2    2.500    2.500 0 0   0
3    2.500    2.500 0 0   0
2    2.650    2.500 0 0   0
2    2.800    2.500 0 0   0
2    2.950    2.500 0 0   0
2    3.100    2.500 0 0   0
2    3.250    2.500 0 0   0
2    3.400    2.500 0 0   0
2    3.550    2.500 0 0   0
2    3.700    2.500 0 0   0
2    3.850    2.500 0 0   0
2    4.000    2.500 0 0   0
2    4.150    2.500 0 0   0
2    4.300    2.500 0 0   0
2    4.450    2.500 0 0   0
2    4.600    2.500 0 0   0
2    4.750    2.500 0 0   0
2    4.900    2.500 0 0   0
2    5.050    2.500 0 0   0
2    5.200    2.500 0 0   0
2    5.350    2.500 0 0   0
2    5.500    2.500 0 0   0
2    5.650    2.500 0 0   0
2    5.800    2.500 0 0   0
2    5.950    2.500 0 0   0
2    6.100    2.500 0 0   0
2    6.250    2.500 0 0   0
2    6.400    2.500 0 0   0
2    6.550    2.500 0 0   0
2    6.700    2.500 0 0   0
2    6.850    2.500 0 0   0
2    7.000    2.500 0 0   0
2    7.150    2.500 0 0   0
2    7.300    2.500 0 0   0
2    7.450    2.500 0 0   0
2    7.600    2.500 0 0   0
2    7.750    2.500 0 0   0
2    7.900    2.500 0 0   0
2    8.050    2.500 0 0   0
2    8.200    2.500 0 0   0
2    8.350    2.500 0 0   0
2    8.500    2.500 0 0   0
2    8.650    2.500 0 0   0
2    8.800    2.500 0 0   0
2    8.950    2.500 0 0   0
2    9.100    2.500 0 0   0
2    9.250    2.500 0 0   0
2    9.400    2.500 0 0   0
2    9.550    2.500 0 0   0
2    9.700    2.500 0 0   0
2    9.850    2.500 0 0   0
2   10.000    2.500 0 0   0
2   10.150    2.500 0 0   0
2   10.300    2.500 0 0   0
2   10.450    2.500 0 0   0
2   10.600    2.500 0 0   0
2   10.750    2.500 0 0   0
2   10.900    2.500 0 0   0
2   11.050    2.500 0 0   0
2   11.200    2.500 0 0   0
2   11.350    2.500 0 0   0
2   11.500    2.500 0 0   0
2   11.650    2.500 0 0   0
2   11.800    2.500 0 0   0
2   11.950    2.500 0 0   0
2   12.100    2.500 0 0   0
2   12.250    2.500 0 0   0
2   12.400    2.500 0 0   0
2   12.550    2.500 0 0   0
2   12.700    2.500 0 0   0
2   12.850    2.500 0 0   0
2   13.000    2.500 0 0   0
2   13.150    2.500 0 0   0
2   13.300    2.500 0 0   0
2   13.450    2.500 0 0   0
2   13.600    2.500 0 0   0
2   13.750    2.500 0 0   0
2   13.900    2.500 0 0   0
2   14.050    2.500 0 0   0
2   14.200    2.500 0 0   0
2   14.350    2.500 0 0   0
2   14.500    2.500 0 0   0
2   14.650    2.500 0 0   0
2   14.800    2.500 0 0   0
2   14.950    2.500 0 0   0
2   15.100    2.500 0 0   0
2   15.250    2.500 0 0   0
2   15.400    2.500 0 0   0
2   15.550    2.500 0 0   0
2   15.700    2.500 0 0   0
2   15.850    2.500 0 0   0
2   16.000    2.500 0 0   0
2   16.150    2.500 0 0   0
2   16.300    2.500 0 0   0
2   16.450    2.500 0 0   0
2   16.600    2.500 0 0   0
2   16.750    2.500 0 0   0
2   16.900    2.500 0 0   0
2   17.050    2.500 0 0   0
2   17.200    2.500 0 0   0
2   17.350    2.500 0 0   0
2   17.500    2.500 0 0   0
3   17.500   17.500 0 0   0
2   17.375   17.500 0 0   0
2   17.250   17.500 0 0   0
2   17.125   17.500 0 0   0
2   17.000   17.500 0 0   0
2   16.875   17.500 0 0   0
2   16.750   17.500 0 0   0
2   16.750   17.500 0 0   0
2   16.600   17.500 0 0   0
2   16.450   17.500 0 0   0
2   16.300   17.500 0 0   0
2   16.150   17.500 0 0   0
2   16.000   17.500 0 0   0
2   15.850   17.500 0 0   0
2   15.700   17.500 0 0   0
2   15.550   17.500 0 0   0
2   15.400   17.500 0 0   0
2   15.250   17.500 0 0   0
2   15.100   17.500 0 0   0
2   14.950   17.500 0 0   0
2   14.800   17.500 0 0   0
2   14.650   17.500 0 0   0
2   14.500   17.500 0 0   0
2   14.350   17.500 0 0   0
2   14.200   17.500 0 0   0
2   14.050   17.500 0 0   0
2   13.900   17.500 0 0   0
2   13.750   17.500 0 0   0
2   13.600   17.500 0 0   0
2   13.450   17.500 0 0   0
2   13.300   17.500 0 0   0
2   13.150   17.500 0 0   0
2   13.000   17.500 0 0   0
2   12.850   17.500 0 0   0
2   12.700   17.500 0 0   0
2   12.550   17.500 0 0   0
2   12.400   17.500 0 0   0
2   12.250   17.500 0 0   0
2   12.100   17.500 0 0   0
2   11.950   17.500 0 0   0
2   11.800   17.500 0 0   0
2   11.650   17.500 0 0   0
2   11.500   17.500 0 0   0
2   11.350   17.500 0 0   0
2   11.200   17.500 0 0   0
2   11.050   17.500 0 0   0
2   10.900   17.500 0 0   0
2   10.750   17.500 0 0   0
2   10.600   17.500 0 0   0
2   10.450   17.500 0 0   0
2   10.300   17.500 0 0   0
2   10.150   17.500 0 0   0
2   10.000   17.500 0 0   0
2    9.850   17.500 0 0   0
2    9.700   17.500 0 0   0
2    9.550   17.500 0 0   0
2    9.400   17.500 0 0   0
2    9.250   17.500 0 0   0
2    9.100   17.500 0 0   0
2    8.950   17.500 0 0   0
2    8.800   17.500 0 0   0
2    8.650   17.500 0 0   0
2    8.500   17.500 0 0   0
2    8.350   17.500 0 0   0
2    8.200   17.500 0 0   0
2    8.050   17.500 0 0   0
2    7.900   17.500 0 0   0
2    7.750   17.500 0 0   0
2    7.600   17.500 0 0   0
2    7.450   17.500 0 0   0
2    7.300   17.500 0 0   0
2    7.150   17.500 0 0   0
2    7.000   17.500 0 0   0
2    6.850   17.500 0 0   0
2    6.700   17.500 0 0   0
2    6.550   17.500 0 0   0
2    6.400   17.500 0 0   0
2    6.250   17.500 0 0   0
2    6.100   17.500 0 0   0
2    5.950   17.500 0 0   0
2    5.800   17.500 0 0   0
2    5.650   17.500 0 0   0
2    5.500   17.500 0 0   0
2    5.350   17.500 0 0   0
2    5.200   17.500 0 0   0
2    5.050   17.500 0 0   0
2    4.900   17.500 0 0   0
2    4.750   17.500 0 0   0
2    4.600   17.500 0 0   0
2    4.450   17.500 0 0   0
2    4.300   17.500 0 0   0
2    4.150   17.500 0 0   0
2    4.000   17.500 0 0   0
2    3.850   17.500 0 0   0
2    3.700   17.500 0 0   0
2    3.550   17.500 0 0   0
2    3.400   17.500 0 0   0
2    3.250   17.500 0 0   0
2    3.250   17.500 0 0   0
2    3.125   17.500 0 0   0
2    3.000   17.500 0 0   0
2    2.875   17.500 0 0   0
2    2.750   17.500 0 0   0
2    2.625   17.500 0 0   0
2    2.500   17.500 0 0   0
3   17.500    2.500 0 0   0
2   17.500    2.648 0 0   0
2   17.500    2.797 0 0   0
2   17.500    2.945 0 0   0
2   17.500    3.094 0 0   0
2   17.500    3.242 0 0   0
2   17.500    3.391 0 0   0
2   17.500    3.539 0 0   0
2   17.500    3.688 0 0   0
2   17.500    3.836 0 0   0
2   17.500    3.984 0 0   0
2   17.500    4.133 0 0   0
2   17.500    4.281 0 0   0
2   17.500    4.430 0 0   0
2   17.500    4.578 0 0   0
2   17.500    4.727 0 0   0
2   17.500    4.875 0 0   0
2   17.500    5.023 0 0   0
2   17.500    5.172 0 0   0
2   17.500    5.320 0 0   0
2   17.500    5.469 0 0   0
2   17.500    5.617 0 0   0
2   17.500    5.766 0 0   0
2   17.500    5.914 0 0   0
2   17.500    6.062 0 0   0
2   17.500    6.211 0 0   0
2   17.500    6.359 0 0   0
2   17.500    6.508 0 0   0
2   17.500    6.656 0 0   0
2   17.500    6.805 0 0   0
2   17.500    6.953 0 0   0
2   17.500    7.102 0 0   0
2   17.500    7.250 0 0   0
2   17.500    7.398 0 0   0
2   17.500    7.547 0 0   0
2   17.500    7.695 0 0   0
2   17.500    7.844 0 0   0
2   17.500    7.992 0 0   0
2   17.500    8.141 0 0   0
2   17.500    8.289 0 0   0
2   17.500    8.438 0 0   0
2   17.500    8.586 0 0   0
2   17.500    8.734 0 0   0
2   17.500    8.883 0 0   0
2   17.500    9.031 0 0   0
2   17.500    9.180 0 0   0
2   17.500    9.328 0 0   0
2   17.500    9.477 0 0   0
2   17.500    9.625 0 0   0
2   17.500    9.773 0 0   0
2   17.500    9.922 0 0   0
2   17.500   10.070 0 0   0
2   17.500   10.219 0 0   0
2   17.500   10.367 0 0   0
2   17.500   10.516 0 0   0
2   17.500   10.664 0 0   0
2   17.500   10.812 0 0   0
2   17.500   10.961 0 0   0
2   17.500   11.109 0 0   0
2   17.500   11.258 0 0   0
2   17.500   11.406 0 0   0
2   17.500   11.555 0 0   0
2   17.500   11.703 0 0   0
2   17.500   11.852 0 0   0
2   17.500   12.000 0 0   0
2   17.500   12.148 0 0   0
2   17.500   12.297 0 0   0
2   17.500   12.445 0 0   0
2   17.500   12.594 0 0   0
2   17.500   12.742 0 0   0
2   17.500   12.891 0 0   0
2   17.500   13.039 0 0   0
2   17.500   13.188 0 0   0
2   17.500   13.336 0 0   0
2   17.500   13.484 0 0   0
2   17.500   13.633 0 0   0
2   17.500   13.781 0 0   0
2   17.500   13.930 0 0   0
2   17.500   14.078 0 0   0
2   17.500   14.227 0 0   0
2   17.500   14.375 0 0   0
2   17.500   14.523 0 0   0
2   17.500   14.672 0 0   0
2   17.500   14.820 0 0   0
2   17.500   14.969 0 0   0
2   17.500   15.117 0 0   0
2   17.500   15.266 0 0   0
2   17.500   15.414 0 0   0
2   17.500   15.562 0 0   0
2   17.500   15.711 0 0   0
2   17.500   15.859 0 0   0
2   17.500   16.008 0 0   0
2   17.500   16.156 0 0   0
2   17.500   16.305 0 0   0
2   17.500   16.453 0 0   0
2   17.500   16.602 0 0   0
2   17.500   16.750 0 0   0
2   17.500   16.750 0 0   0
2   17.500   16.875 0 0   0
2   17.500   17.000 0 0   0
2   17.500   17.125 0 0   0
2   17.500   17.250 0 0   0
2   17.500   17.375 0 0   0
2   17.500   17.500 0 0   0
3    2.500   17.500 0 0   0
2    2.500   17.375 0 0   0
2    2.500   17.250 0 0   0
2    2.500   17.125 0 0   0
2    2.500   17.000 0 0   0
2    2.500   16.875 0 0   0
2    2.500   16.750 0 0   0
2    2.500   16.750 0 0   0
2    2.500   16.602 0 0   0
2    2.500   16.453 0 0   0
2    2.500   16.305 0 0   0
2    2.500   16.156 0 0   0
2    2.500   16.008 0 0   0
2    2.500   15.859 0 0   0
2    2.500   15.711 0 0   0
2    2.500   15.562 0 0   0
2    2.500   15.414 0 0   0
2    2.500   15.266 0 0   0
2    2.500   15.117 0 0   0
2    2.500   14.969 0 0   0
2    2.500   14.820 0 0   0
2    2.500   14.672 0 0   0
2    2.500   14.523 0 0   0
2    2.500   14.375 0 0   0
2    2.500   14.227 0 0   0
2    2.500   14.078 0 0   0
2    2.500   13.930 0 0   0
2    2.500   13.781 0 0   0
2    2.500   13.633 0 0   0
2    2.500   13.484 0 0   0
2    2.500   13.336 0 0   0
2    2.500   13.188 0 0   0
2    2.500   13.039 0 0   0
2    2.500   12.891 0 0   0
2    2.500   12.742 0 0   0
2    2.500   12.594 0 0   0
2    2.500   12.445 0 0   0
2    2.500   12.297 0 0   0
2    2.500   12.148 0 0   0
2    2.500   12.000 0 0   0
2    2.500   11.852 0 0   0
2    2.500   11.703 0 0   0
2    2.500   11.555 0 0   0
2    2.500   11.406 0 0   0
2    2.500   11.258 0 0   0
2    2.500   11.109 0 0   0
2    2.500   10.961 0 0   0
2    2.500   10.812 0 0   0
2    2.500   10.664 0 0   0
2    2.500   10.516 0 0   0
2    2.500   10.367 0 0   0
2    2.500   10.219 0 0   0
2    2.500   10.070 0 0   0
2    2.500    9.922 0 0   0
2    2.500    9.773 0 0   0
2    2.500    9.625 0 0   0
2    2.500    9.477 0 0   0
2    2.500    9.328 0 0   0
2    2.500    9.180 0 0   0
2    2.500    9.031 0 0   0
2    2.500    8.883 0 0   0
2    2.500    8.734 0 0   0
2    2.500    8.586 0 0   0
2    2.500    8.438 0 0   0
2    2.500    8.289 0 0   0
2    2.500    8.141 0 0   0
2    2.500    7.992 0 0   0
2    2.500    7.844 0 0   0
2    2.500    7.695 0 0   0
2    2.500    7.547 0 0   0
2    2.500    7.398 0 0   0
2    2.500    7.250 0 0   0
2    2.500    7.102 0 0   0
2    2.500    6.953 0 0   0
2    2.500    6.805 0 0   0
2    2.500    6.656 0 0   0
2    2.500    6.508 0 0   0
2    2.500    6.359 0 0   0
2    2.500    6.211 0 0   0
2    2.500    6.062 0 0   0
2    2.500    5.914 0 0   0
2    2.500    5.766 0 0   0
2    2.500    5.617 0 0   0
2    2.500    5.469 0 0   0
2    2.500    5.320 0 0   0
2    2.500    5.172 0 0   0
2    2.500    5.023 0 0   0
2    2.500    4.875 0 0   0
2    2.500    4.727 0 0   0
2    2.500    4.578 0 0   0
2    2.500    4.430 0 0   0
2    2.500    4.281 0 0   0
2    2.500    4.133 0 0   0
2    2.500    3.984 0 0   0
2    2.500    3.836 0 0   0
2    2.500    3.688 0 0   0
2    2.500    3.539 0 0   0
2    2.500    3.391 0 0   0
2    2.500    3.242 0 0   0
2    2.500    3.094 0 0   0
2    2.500    2.945 0 0   0
2    2.500    2.797 0 0   0
2    2.500    2.648 0 0   0
2    2.500    2.500 0 0   0
3    2.500   16.750 0 0   0
2    2.625   16.750 0 0   0
2    2.750   16.750 0 0   0
2    2.875   16.750 0 0   0
2    3.000   16.750 0 0   0
2    3.125   16.750 0 0   0
2    3.250   16.750 0 0   0
2    3.250   16.750 0 0   0
2    3.400   16.750 0 0   0
2    3.550   16.750 0 0   0
2    3.700   16.750 0 0   0
2    3.850   16.750 0 0   0
2    4.000   16.750 0 0   0
2    4.150   16.750 0 0   0
2    4.300   16.750 0 0   0
2    4.450   16.750 0 0   0
2    4.600   16.750 0 0   0
2    4.750   16.750 0 0   0
2    4.900   16.750 0 0   0
2    5.050   16.750 0 0   0
2    5.200   16.750 0 0   0
2    5.350   16.750 0 0   0
2    5.500   16.750 0 0   0
2    5.650   16.750 0 0   0
2    5.800   16.750 0 0   0
2    5.950   16.750 0 0   0
2    6.100   16.750 0 0   0
2    6.250   16.750 0 0   0
2    6.400   16.750 0 0   0
2    6.550   16.750 0 0   0
2    6.700   16.750 0 0   0
2    6.850   16.750 0 0   0
2    7.000   16.750 0 0   0
2    7.150   16.750 0 0   0
2    7.300   16.750 0 0   0
2    7.450   16.750 0 0   0
2    7.600   16.750 0 0   0
2    7.750   16.750 0 0   0
2    7.900   16.750 0 0   0
2    8.050   16.750 0 0   0
2    8.200   16.750 0 0   0
2    8.350   16.750 0 0   0
2    8.500   16.750 0 0   0
2    8.650   16.750 0 0   0
2    8.800   16.750 0 0   0
2    8.950   16.750 0 0   0
2    9.100   16.750 0 0   0
2    9.250   16.750 0 0   0
2    9.400   16.750 0 0   0
2    9.550   16.750 0 0   0
2    9.700   16.750 0 0   0
2    9.850   16.750 0 0   0
2   10.000   16.750 0 0   0
2   10.150   16.750 0 0   0
2   10.300   16.750 0 0   0
2   10.450   16.750 0 0   0
2   10.600   16.750 0 0   0
2   10.750   16.750 0 0   0
2   10.900   16.750 0 0   0
2   11.050   16.750 0 0   0
2   11.200   16.750 0 0   0
2   11.350   16.750 0 0   0
2   11.500   16.750 0 0   0
2   11.650   16.750 0 0   0
2   11.800   16.750 0 0   0
2   11.950   16.750 0 0   0
2   12.100   16.750 0 0   0
2   12.250   16.750 0 0   0
2   12.400   16.750 0 0   0
2   12.550   16.750 0 0   0
2   12.700   16.750 0 0   0
2   12.850   16.750 0 0   0
2   13.000   16.750 0 0   0
2   13.150   16.750 0 0   0
2   13.300   16.750 0 0   0
2   13.450   16.750 0 0   0
2   13.600   16.750 0 0   0
2   13.750   16.750 0 0   0
2   13.900   16.750 0 0   0
2   14.050   16.750 0 0   0
2   14.200   16.750 0 0   0
2   14.350   16.750 0 0   0
2   14.500   16.750 0 0   0
2   14.650   16.750 0 0   0
2   14.800   16.750 0 0   0
2   14.950   16.750 0 0   0
2   15.100   16.750 0 0   0
2   15.250   16.750 0 0   0
2   15.400   16.750 0 0   0
2   15.550   16.750 0 0   0
2   15.700   16.750 0 0   0
2   15.850   16.750 0 0   0
2   16.000   16.750 0 0   0
2   16.150   16.750 0 0   0
2   16.300   16.750 0 0   0
2   16.450   16.750 0 0   0
2   16.600   16.750 0 0   0
2   16.750   16.750 0 0   0
2   16.750   16.750 0 0   0
2   16.875   16.750 0 0   0
2   17.000   16.750 0 0   0
2   17.125   16.750 0 0   0
2   17.250   16.750 0 0   0
2   17.375   16.750 0 0   0
2   17.500   16.750 0 0   0
5    0.000    0.000 0 0   0
