1    1.000   20.000 0 0   0
6    3.500    0.750    0.000    0.250  80
x                                                                               
3   23.750    0.875 0 0   0
2   24.500    0.875 0 0   0
2   24.250    1.000 0 0   0
2   24.250    0.750 0 0   0
2   24.500    0.875 0 0   0
6    0.875    3.500   90.000    0.250  80
y                                                                               
3    0.750   23.750 0 0   0
2    0.750   24.500 0 0   0
2    0.625   24.250 0 0   0
2    0.875   24.250 0 0   0
2    0.750   24.500 0 0   0
3   10.000   10.000 0 0   0
2   10.000   10.000 0 0   0
2   10.000   10.000 0 0   0
2   10.000   10.000 0 0   0
6    9.931    9.976    0.000    0.150   1
1
3   10.000   10.000 0 0   0
2   10.000   10.000 0 0   0
2   10.000   10.000 0 0   0
2   10.000   10.000 0 0   0
2   10.000   10.000 0 0   0
3    9.061    7.750 0 0   0
2    9.061    7.750 0 0   0
2    9.250    7.716 0 0   0
2    9.286    7.714 0 0   0
2    9.625    7.690 0 0   0
2    9.682    7.693 0 0   0
2   10.000    7.705 0 0   0
2   10.039    7.711 0 0   0
2   10.315    7.750 0 0   0
2   10.366    7.759 0 0   0
2   10.375    7.760 0 0   0
2   10.659    7.841 0 0   0
2   10.750    7.867 0 0   0
2   10.933    7.942 0 0   0
2   11.125    8.019 0 0   0
2   11.194    8.056 0 0   0
2   11.325    8.125 0 0   0
2   11.432    8.193 0 0   0
2   11.500    8.237 0 0   0
2   11.646    8.354 0 0   0
2   11.829    8.500 0 0   0
2   11.852    8.523 0 0   0
2   11.875    8.546 0 0   0
2   12.023    8.727 0 0   0
2   12.146    8.875 0 0   0
2   12.186    8.939 0 0   0
2   12.250    9.040 0 0   0
2   12.323    9.177 0 0   0
2   12.361    9.250 0 0   0
2   12.432    9.443 0 0   0
2   12.500    9.625 0 0   0
2   12.520    9.730 0 0   0
2   12.579   10.000 0 0   0
2   12.580   10.045 0 0   0
2   12.596   10.375 0 0   0
2   12.591   10.409 0 0   0
2   12.548   10.750 0 0   0
2   12.509   10.866 0 0   0
2   12.427   11.125 0 0   0
2   12.250   11.453 0 0   0
2   12.218   11.500 0 0   0
2   11.875   11.846 0 0   0
2   11.836   11.875 0 0   0
2   11.500   12.065 0 0   0
2   11.194   12.181 0 0   0
2   11.125   12.208 0 0   0
6   11.006   12.213    0.000    0.150   1
2
3   11.125   12.208 0 0   0
2   10.936   12.250 0 0   0
2   10.750   12.284 0 0   0
2   10.714   12.286 0 0   0
2   10.375   12.309 0 0   0
2   10.319   12.306 0 0   0
2   10.000   12.294 0 0   0
2    9.962   12.288 0 0   0
2    9.688   12.250 0 0   0
2    9.634   12.241 0 0   0
2    9.625   12.240 0 0   0
2    9.342   12.158 0 0   0
2    9.250   12.133 0 0   0
2    9.067   12.058 0 0   0
2    8.875   11.981 0 0   0
2    8.806   11.944 0 0   0
2    8.675   11.875 0 0   0
2    8.568   11.807 0 0   0
2    8.500   11.763 0 0   0
2    8.354   11.646 0 0   0
2    8.171   11.500 0 0   0
2    8.148   11.477 0 0   0
2    8.125   11.454 0 0   0
2    7.976   11.274 0 0   0
2    7.854   11.125 0 0   0
2    7.814   11.061 0 0   0
2    7.750   10.961 0 0   0
2    7.677   10.823 0 0   0
2    7.638   10.750 0 0   0
2    7.568   10.557 0 0   0
2    7.500   10.375 0 0   0
2    7.479   10.271 0 0   0
2    7.421   10.000 0 0   0
2    7.419    9.956 0 0   0
2    7.403    9.625 0 0   0
2    7.408    9.592 0 0   0
2    7.451    9.250 0 0   0
2    7.490    9.135 0 0   0
2    7.572    8.875 0 0   0
2    7.750    8.545 0 0   0
2    7.781    8.500 0 0   0
2    8.125    8.153 0 0   0
2    8.163    8.125 0 0   0
2    8.500    7.934 0 0   0
2    8.806    7.819 0 0   0
2    8.875    7.791 0 0   0
2    9.061    7.750 0 0   0
3    8.500    6.848 0 0   0
2    8.500    6.848 0 0   0
2    8.187    6.938 0 0   0
2    8.125    6.954 0 0   0
2    8.008    7.000 0 0   0
2    7.750    7.120 0 0   0
2    7.428    7.322 0 0   0
2    7.375    7.355 0 0   0
2    7.349    7.375 0 0   0
2    7.000    7.722 0 0   0
2    6.977    7.750 0 0   0
2    6.942    7.808 0 0   0
2    6.743    8.125 0 0   0
2    6.625    8.384 0 0   0
2    6.581    8.500 0 0   0
2    6.568    8.557 0 0   0
2    6.485    8.875 0 0   0
2    6.464    9.036 0 0   0
2    6.432    9.250 0 0   0
2    6.425    9.450 0 0   0
2    6.417    9.625 0 0   0
2    6.429    9.821 0 0   0
2    6.438   10.000 0 0   0
2    6.462   10.163 0 0   0
2    6.494   10.375 0 0   0
2    6.519   10.481 0 0   0
2    6.584   10.750 0 0   0
2    6.594   10.781 0 0   0
2    6.625   10.872 0 0   0
2    6.695   11.055 0 0   0
2    6.723   11.125 0 0   0
2    6.814   11.311 0 0   0
2    6.909   11.500 0 0   0
2    6.943   11.557 0 0   0
2    7.000   11.648 0 0   0
2    7.094   11.781 0 0   0
2    7.163   11.875 0 0   0
2    7.260   11.990 0 0   0
2    7.375   12.120 0 0   0
2    7.440   12.185 0 0   0
2    7.508   12.250 0 0   0
2    7.639   12.361 0 0   0
2    7.750   12.452 0 0   0
2    7.852   12.523 0 0   0
2    8.001   12.625 0 0   0
2    8.078   12.672 0 0   0
2    8.125   12.699 0 0   0
2    8.325   12.800 0 0   0
2    8.500   12.884 0 0   0
2    8.583   12.917 0 0   0
2    8.797   13.000 0 0   0
2    8.855   13.020 0 0   0
2    8.875   13.027 0 0   0
2    9.149   13.101 0 0   0
2    9.250   13.128 0 0   0
2    9.457   13.168 0 0   0
2    9.625   13.200 0 0   0
2    9.781   13.219 0 0   0
2   10.000   13.246 0 0   0
2   10.124   13.251 0 0   0
2   10.375   13.265 0 0   0
2   10.488   13.262 0 0   0
2   10.750   13.257 0 0   0
2   10.882   13.243 0 0   0
2   11.125   13.220 0 0   0
2   11.317   13.183 0 0   0
6   11.381   13.151    0.000    0.150   1
3
3   11.317   13.183 0 0   0
2   11.500   13.151 0 0   0
2   11.813   13.062 0 0   0
2   11.875   13.045 0 0   0
2   11.991   13.000 0 0   0
2   12.250   12.880 0 0   0
2   12.573   12.677 0 0   0
2   12.625   12.645 0 0   0
2   12.650   12.625 0 0   0
2   13.000   12.278 0 0   0
2   13.022   12.250 0 0   0
2   13.057   12.193 0 0   0
2   13.257   11.875 0 0   0
2   13.375   11.615 0 0   0
2   13.418   11.500 0 0   0
2   13.432   11.443 0 0   0
2   13.514   11.125 0 0   0
2   13.536   10.964 0 0   0
2   13.568   10.750 0 0   0
2   13.575   10.550 0 0   0
2   13.583   10.375 0 0   0
2   13.571   10.179 0 0   0
2   13.562   10.000 0 0   0
2   13.537    9.838 0 0   0
2   13.506    9.625 0 0   0
2   13.481    9.519 0 0   0
2   13.415    9.250 0 0   0
2   13.405    9.220 0 0   0
2   13.375    9.130 0 0   0
2   13.304    8.946 0 0   0
2   13.277    8.875 0 0   0
2   13.186    8.689 0 0   0
2   13.090    8.500 0 0   0
2   13.057    8.443 0 0   0
2   13.000    8.353 0 0   0
2   12.906    8.219 0 0   0
2   12.837    8.125 0 0   0
2   12.740    8.010 0 0   0
2   12.625    7.880 0 0   0
2   12.560    7.815 0 0   0
2   12.492    7.750 0 0   0
2   12.361    7.639 0 0   0
2   12.250    7.548 0 0   0
2   12.148    7.477 0 0   0
2   11.999    7.375 0 0   0
2   11.922    7.328 0 0   0
2   11.875    7.300 0 0   0
2   11.675    7.200 0 0   0
2   11.500    7.116 0 0   0
2   11.417    7.083 0 0   0
2   11.204    7.000 0 0   0
2   11.146    6.979 0 0   0
2   11.125    6.973 0 0   0
2   10.851    6.899 0 0   0
2   10.750    6.872 0 0   0
2   10.543    6.832 0 0   0
2   10.375    6.800 0 0   0
2   10.219    6.781 0 0   0
2   10.000    6.754 0 0   0
2    9.877    6.748 0 0   0
2    9.625    6.735 0 0   0
2    9.512    6.738 0 0   0
2    9.250    6.743 0 0   0
2    9.118    6.757 0 0   0
2    8.875    6.779 0 0   0
2    8.684    6.816 0 0   0
2    8.500    6.848 0 0   0
3    7.707    6.250 0 0   0
2    7.707    6.250 0 0   0
2    7.750    6.235 0 0   0
2    7.770    6.230 0 0   0
2    8.125    6.136 0 0   0
2    8.263    6.112 0 0   0
2    8.500    6.067 0 0   0
2    8.706    6.044 0 0   0
2    8.875    6.023 0 0   0
2    9.115    6.010 0 0   0
2    9.250    6.002 0 0   0
2    9.498    6.002 0 0   0
2    9.625    6.001 0 0   0
2    9.863    6.012 0 0   0
2   10.000    6.019 0 0   0
2   10.210    6.040 0 0   0
2   10.375    6.056 0 0   0
2   10.544    6.081 0 0   0
2   10.750    6.113 0 0   0
2   10.864    6.136 0 0   0
2   11.125    6.191 0 0   0
2   11.172    6.203 0 0   0
2   11.345    6.250 0 0   0
2   11.465    6.285 0 0   0
2   11.500    6.296 0 0   0
2   11.742    6.383 0 0   0
2   11.875    6.434 0 0   0
2   12.008    6.492 0 0   0
2   12.250    6.605 0 0   0
2   12.263    6.612 0 0   0
2   12.287    6.625 0 0   0
2   12.498    6.752 0 0   0
2   12.625    6.833 0 0   0
2   12.723    6.902 0 0   0
2   12.851    7.000 0 0   0
2   12.933    7.067 0 0   0
2   13.000    7.126 0 0   0
2   13.127    7.248 0 0   0
2   13.248    7.375 0 0   0
2   13.308    7.442 0 0   0
2   13.375    7.523 0 0   0
2   13.473    7.652 0 0   0
2   13.542    7.750 0 0   0
2   13.623    7.877 0 0   0
2   13.750    8.088 0 0   0
2   13.763    8.112 0 0   0
2   13.770    8.125 0 0   0
2   13.882    8.368 0 0   0
2   13.938    8.500 0 0   0
2   13.989    8.636 0 0   0
2   14.073    8.875 0 0   0
2   14.085    8.915 0 0   0
2   14.125    9.058 0 0   0
2   14.164    9.211 0 0   0
2   14.173    9.250 0 0   0
2   14.224    9.526 0 0   0
2   14.242    9.625 0 0   0
2   14.269    9.856 0 0   0
2   14.286   10.000 0 0   0
2   14.297   10.203 0 0   0
2   14.306   10.375 0 0   0
2   14.303   10.572 0 0   0
2   14.302   10.750 0 0   0
2   14.283   10.967 0 0   0
2   14.271   11.125 0 0   0
2   14.227   11.398 0 0   0
2   14.213   11.500 0 0   0
2   14.125   11.864 0 0   0
2   14.122   11.875 0 0   0
2   14.120   11.880 0 0   0
2   13.977   12.250 0 0   0
2   13.817   12.558 0 0   0
2   13.783   12.625 0 0   0
2   13.750   12.676 0 0   0
2   13.493   13.000 0 0   0
2   13.375   13.120 0 0   0
2   13.060   13.375 0 0   0
2   13.000   13.416 0 0   0
2   12.915   13.460 0 0   0
2   12.625   13.616 0 0   0
6   12.444   13.664    0.000    0.150   1
4
3   12.625   13.616 0 0   0
2   12.293   13.750 0 0   0
2   12.250   13.765 0 0   0
2   12.230   13.770 0 0   0
2   11.875   13.864 0 0   0
2   11.737   13.888 0 0   0
2   11.500   13.933 0 0   0
2   11.294   13.956 0 0   0
2   11.125   13.977 0 0   0
2   10.886   13.989 0 0   0
2   10.750   13.998 0 0   0
2   10.502   13.998 0 0   0
2   10.375   13.999 0 0   0
2   10.138   13.987 0 0   0
2   10.000   13.981 0 0   0
2    9.790   13.960 0 0   0
2    9.625   13.943 0 0   0
2    9.457   13.918 0 0   0
2    9.250   13.886 0 0   0
2    9.136   13.864 0 0   0
2    8.875   13.808 0 0   0
2    8.828   13.797 0 0   0
2    8.656   13.750 0 0   0
2    8.535   13.715 0 0   0
2    8.500   13.704 0 0   0
2    8.258   13.617 0 0   0
2    8.125   13.566 0 0   0
2    7.992   13.508 0 0   0
2    7.750   13.395 0 0   0
2    7.737   13.388 0 0   0
2    7.713   13.375 0 0   0
2    7.502   13.248 0 0   0
2    7.375   13.167 0 0   0
2    7.277   13.098 0 0   0
2    7.149   13.000 0 0   0
2    7.067   12.933 0 0   0
2    7.000   12.874 0 0   0
2    6.873   12.752 0 0   0
2    6.752   12.625 0 0   0
2    6.692   12.558 0 0   0
2    6.625   12.477 0 0   0
2    6.527   12.348 0 0   0
2    6.458   12.250 0 0   0
2    6.377   12.123 0 0   0
2    6.250   11.913 0 0   0
2    6.237   11.888 0 0   0
2    6.230   11.875 0 0   0
2    6.118   11.632 0 0   0
2    6.062   11.500 0 0   0
2    6.011   11.364 0 0   0
2    5.926   11.125 0 0   0
2    5.915   11.085 0 0   0
2    5.875   10.943 0 0   0
2    5.836   10.789 0 0   0
2    5.827   10.750 0 0   0
2    5.776   10.474 0 0   0
2    5.758   10.375 0 0   0
2    5.731   10.144 0 0   0
2    5.714   10.000 0 0   0
2    5.703    9.797 0 0   0
2    5.694    9.625 0 0   0
2    5.697    9.428 0 0   0
2    5.698    9.250 0 0   0
2    5.717    9.033 0 0   0
2    5.728    8.875 0 0   0
2    5.772    8.603 0 0   0
2    5.787    8.500 0 0   0
2    5.875    8.135 0 0   0
2    5.878    8.125 0 0   0
2    5.880    8.120 0 0   0
2    6.022    7.750 0 0   0
2    6.183    7.442 0 0   0
2    6.216    7.375 0 0   0
2    6.250    7.323 0 0   0
2    6.507    7.000 0 0   0
2    6.625    6.880 0 0   0
2    6.940    6.625 0 0   0
2    7.000    6.584 0 0   0
2    7.085    6.540 0 0   0
2    7.375    6.384 0 0   0
2    7.707    6.250 0 0   0
3    8.500    5.419 0 0   0
2    8.500    5.419 0 0   0
2    8.163    5.462 0 0   0
2    8.125    5.466 0 0   0
2    7.935    5.500 0 0   0
2    7.750    5.537 0 0   0
2    7.698    5.552 0 0   0
2    7.375    5.639 0 0   0
2    7.154    5.721 0 0   0
2    7.000    5.775 0 0   0
2    6.786    5.875 0 0   0
2    6.625    5.962 0 0   0
2    6.336    6.164 0 0   0
2    6.250    6.223 0 0   0
2    6.218    6.250 0 0   0
2    5.875    6.607 0 0   0
2    5.861    6.625 0 0   0
2    5.837    6.663 0 0   0
2    5.619    7.000 0 0   0
2    5.500    7.235 0 0   0
2    5.440    7.375 0 0   0
2    5.413    7.462 0 0   0
2    5.315    7.750 0 0   0
2    5.257    7.993 0 0   0
2    5.222    8.125 0 0   0
2    5.164    8.461 0 0   0
2    5.156    8.500 0 0   0
2    5.125    8.785 0 0   0
2    5.116    8.875 0 0   0
2    5.116    8.884 0 0   0
2    5.098    9.250 0 0   0
2    5.098    9.277 0 0   0
2    5.098    9.625 0 0   0
2    5.099    9.651 0 0   0
2    5.116   10.000 0 0   0
2    5.116   10.009 0 0   0
2    5.125   10.101 0 0   0
2    5.150   10.350 0 0   0
2    5.153   10.375 0 0   0
2    5.198   10.677 0 0   0
2    5.210   10.750 0 0   0
2    5.258   10.992 0 0   0
2    5.287   11.125 0 0   0
2    5.329   11.296 0 0   0
2    5.386   11.500 0 0   0
2    5.412   11.588 0 0   0
2    5.500   11.850 0 0   0
2    5.507   11.868 0 0   0
2    5.509   11.875 0 0   0
2    5.619   12.131 0 0   0
2    5.674   12.250 0 0   0
2    5.741   12.384 0 0   0
2    5.875   12.625 0 0   0
2    5.875   12.625 0 0   0
2    5.875   12.626 0 0   0
2    6.027   12.848 0 0   0
2    6.142   13.000 0 0   0
2    6.189   13.061 0 0   0
2    6.250   13.130 0 0   0
2    6.368   13.257 0 0   0
2    6.490   13.375 0 0   0
2    6.560   13.440 0 0   0
2    6.625   13.495 0 0   0
2    6.767   13.608 0 0   0
2    6.966   13.750 0 0   0
2    6.986   13.764 0 0   0
2    7.000   13.772 0 0   0
2    7.223   13.902 0 0   0
2    7.375   13.982 0 0   0
2    7.471   14.029 0 0   0
2    7.687   14.125 0 0   0
2    7.731   14.144 0 0   0
2    7.750   14.151 0 0   0
2    8.007   14.243 0 0   0
2    8.125   14.281 0 0   0
2    8.295   14.330 0 0   0
2    8.500   14.385 0 0   0
2    8.593   14.407 0 0   0
2    8.875   14.469 0 0   0
2    8.901   14.474 0 0   0
2    9.056   14.500 0 0   0
2    9.223   14.527 0 0   0
2    9.250   14.531 0 0   0
2    9.557   14.568 0 0   0
2    9.625   14.576 0 0   0
2    9.902   14.598 0 0   0
2   10.000   14.606 0 0   0
2   10.258   14.617 0 0   0
2   10.375   14.622 0 0   0
2   10.627   14.623 0 0   0
2   10.750   14.623 0 0   0
2   11.011   14.614 0 0   0
2   11.125   14.610 0 0   0
2   11.413   14.587 0 0   0
6   11.423   14.569    0.000    0.150   1
5
3   11.413   14.587 0 0   0
2   11.500   14.581 0 0   0
2   11.837   14.538 0 0   0
2   11.875   14.534 0 0   0
2   12.063   14.500 0 0   0
2   12.250   14.463 0 0   0
2   12.303   14.447 0 0   0
2   12.625   14.361 0 0   0
2   12.847   14.278 0 0   0
2   13.000   14.225 0 0   0
2   13.213   14.125 0 0   0
2   13.375   14.037 0 0   0
2   13.665   13.835 0 0   0
2   13.750   13.777 0 0   0
2   13.781   13.750 0 0   0
2   14.125   13.393 0 0   0
2   14.139   13.375 0 0   0
2   14.162   13.338 0 0   0
2   14.381   13.000 0 0   0
2   14.500   12.764 0 0   0
2   14.559   12.625 0 0   0
2   14.587   12.538 0 0   0
2   14.685   12.250 0 0   0
2   14.743   12.007 0 0   0
2   14.778   11.875 0 0   0
2   14.836   11.539 0 0   0
2   14.843   11.500 0 0   0
2   14.875   11.213 0 0   0
2   14.884   11.125 0 0   0
2   14.884   11.116 0 0   0
2   14.902   10.750 0 0   0
2   14.902   10.723 0 0   0
2   14.901   10.375 0 0   0
2   14.900   10.350 0 0   0
2   14.884   10.000 0 0   0
2   14.883    9.992 0 0   0
2   14.875    9.902 0 0   0
2   14.850    9.650 0 0   0
2   14.847    9.625 0 0   0
2   14.802    9.323 0 0   0
2   14.790    9.250 0 0   0
2   14.742    9.008 0 0   0
2   14.713    8.875 0 0   0
2   14.670    8.705 0 0   0
2   14.614    8.500 0 0   0
2   14.588    8.412 0 0   0
2   14.500    8.151 0 0   0
2   14.493    8.132 0 0   0
2   14.490    8.125 0 0   0
2   14.381    7.869 0 0   0
2   14.325    7.750 0 0   0
2   14.259    7.616 0 0   0
2   14.125    7.375 0 0   0
2   14.125    7.375 0 0   0
2   14.125    7.375 0 0   0
2   13.973    7.152 0 0   0
2   13.858    7.000 0 0   0
2   13.811    6.939 0 0   0
2   13.750    6.871 0 0   0
2   13.632    6.743 0 0   0
2   13.510    6.625 0 0   0
2   13.440    6.560 0 0   0
2   13.375    6.505 0 0   0
2   13.233    6.392 0 0   0
2   13.034    6.250 0 0   0
2   13.014    6.236 0 0   0
2   13.000    6.228 0 0   0
2   12.777    6.098 0 0   0
2   12.625    6.018 0 0   0
2   12.529    5.971 0 0   0
2   12.314    5.875 0 0   0
2   12.269    5.856 0 0   0
2   12.250    5.849 0 0   0
2   11.993    5.757 0 0   0
2   11.875    5.719 0 0   0
2   11.706    5.669 0 0   0
2   11.500    5.615 0 0   0
2   11.407    5.593 0 0   0
2   11.125    5.531 0 0   0
2   11.099    5.526 0 0   0
2   10.946    5.500 0 0   0
2   10.777    5.473 0 0   0
2   10.750    5.469 0 0   0
2   10.443    5.432 0 0   0
2   10.375    5.424 0 0   0
2   10.099    5.401 0 0   0
2   10.000    5.394 0 0   0
2    9.742    5.383 0 0   0
2    9.625    5.378 0 0   0
2    9.373    5.377 0 0   0
2    9.250    5.376 0 0   0
2    8.989    5.386 0 0   0
2    8.875    5.389 0 0   0
2    8.587    5.413 0 0   0
2    8.500    5.419 0 0   0
3    6.104    5.500 0 0   0
2    6.104    5.500 0 0   0
2    6.250    5.413 0 0   0
2    6.410    5.340 0 0   0
2    6.625    5.236 0 0   0
2    6.932    5.125 0 0   0
2    7.000    5.103 0 0   0
2    7.028    5.097 0 0   0
2    7.375    5.008 0 0   0
2    7.516    4.984 0 0   0
2    7.750    4.938 0 0   0
2    7.965    4.910 0 0   0
2    8.125    4.886 0 0   0
2    8.388    4.862 0 0   0
2    8.500    4.851 0 0   0
2    8.790    4.835 0 0   0
2    8.875    4.829 0 0   0
2    9.177    4.823 0 0   0
2    9.250    4.821 0 0   0
2    9.552    4.823 0 0   0
2    9.625    4.823 0 0   0
2    9.916    4.834 0 0   0
2   10.000    4.837 0 0   0
2   10.270    4.855 0 0   0
2   10.375    4.862 0 0   0
2   10.615    4.885 0 0   0
2   10.750    4.899 0 0   0
2   10.951    4.924 0 0   0
2   11.125    4.948 0 0   0
2   11.279    4.971 0 0   0
2   11.500    5.011 0 0   0
2   11.596    5.029 0 0   0
2   11.875    5.090 0 0   0
2   11.904    5.096 0 0   0
2   12.013    5.125 0 0   0
2   12.199    5.176 0 0   0
2   12.250    5.191 0 0   0
2   12.484    5.266 0 0   0
2   12.625    5.319 0 0   0
2   12.756    5.369 0 0   0
2   13.000    5.475 0 0   0
2   13.017    5.483 0 0   0
2   13.050    5.500 0 0   0
2   13.263    5.612 0 0   0
2   13.375    5.680 0 0   0
2   13.496    5.754 0 0   0
2   13.666    5.875 0 0   0
2   13.715    5.910 0 0   0
2   13.750    5.939 0 0   0
2   13.919    6.081 0 0   0
2   14.092    6.250 0 0   0
2   14.108    6.267 0 0   0
2   14.125    6.285 0 0   0
2   14.283    6.467 0 0   0
2   14.402    6.625 0 0   0
2   14.444    6.681 0 0   0
2   14.500    6.767 0 0   0
2   14.591    6.909 0 0   0
2   14.640    7.000 0 0   0
2   14.723    7.152 0 0   0
2   14.829    7.375 0 0   0
2   14.844    7.406 0 0   0
2   14.875    7.481 0 0   0
2   14.951    7.674 0 0   0
2   14.977    7.750 0 0   0
2   15.046    7.954 0 0   0
2   15.096    8.125 0 0   0
2   15.130    8.245 0 0   0
2   15.193    8.500 0 0   0
2   15.204    8.546 0 0   0
2   15.250    8.772 0 0   0
2   15.267    8.858 0 0   0
2   15.270    8.875 0 0   0
2   15.317    9.183 0 0   0
2   15.326    9.250 0 0   0
2   15.358    9.517 0 0   0
2   15.369    9.625 0 0   0
2   15.387    9.863 0 0   0
2   15.397   10.000 0 0   0
2   15.406   10.219 0 0   0
2   15.413   10.375 0 0   0
2   15.413   10.587 0 0   0
2   15.415   10.750 0 0   0
2   15.407   10.968 0 0   0
2   15.403   11.125 0 0   0
2   15.384   11.366 0 0   0
2   15.376   11.500 0 0   0
2   15.342   11.783 0 0   0
2   15.333   11.875 0 0   0
2   15.275   12.225 0 0   0
2   15.271   12.250 0 0   0
2   15.250   12.348 0 0   0
2   15.181   12.625 0 0   0
2   15.146   12.729 0 0   0
2   15.061   13.000 0 0   0
2   14.921   13.329 0 0   0
2   14.903   13.375 0 0   0
2   14.875   13.430 0 0   0
2   14.679   13.750 0 0   0
2   14.500   13.984 0 0   0
2   14.368   14.125 0 0   0
2   14.125   14.340 0 0   0
6   14.007   14.394    0.000    0.150   1
6
3   14.125   14.340 0 0   0
2   13.895   14.500 0 0   0
2   13.750   14.587 0 0   0
2   13.590   14.660 0 0   0
2   13.375   14.764 0 0   0
2   13.068   14.875 0 0   0
2   13.000   14.897 0 0   0
2   12.972   14.903 0 0   0
2   12.625   14.991 0 0   0
2   12.484   15.016 0 0   0
2   12.250   15.062 0 0   0
2   12.035   15.090 0 0   0
2   11.875   15.114 0 0   0
2   11.613   15.137 0 0   0
2   11.500   15.149 0 0   0
2   11.210   15.165 0 0   0
2   11.125   15.170 0 0   0
2   10.823   15.177 0 0   0
2   10.750   15.179 0 0   0
2   10.448   15.177 0 0   0
2   10.375   15.176 0 0   0
2   10.084   15.166 0 0   0
2   10.000   15.163 0 0   0
2    9.730   15.145 0 0   0
2    9.625   15.138 0 0   0
2    9.385   15.115 0 0   0
2    9.250   15.101 0 0   0
2    9.049   15.076 0 0   0
2    8.875   15.052 0 0   0
2    8.722   15.028 0 0   0
2    8.500   14.989 0 0   0
2    8.404   14.971 0 0   0
2    8.125   14.910 0 0   0
2    8.096   14.904 0 0   0
2    7.988   14.875 0 0   0
2    7.801   14.824 0 0   0
2    7.750   14.808 0 0   0
2    7.517   14.733 0 0   0
2    7.375   14.681 0 0   0
2    7.244   14.631 0 0   0
2    7.000   14.524 0 0   0
2    6.983   14.517 0 0   0
2    6.951   14.500 0 0   0
2    6.737   14.388 0 0   0
2    6.625   14.320 0 0   0
2    6.504   14.246 0 0   0
2    6.335   14.125 0 0   0
2    6.285   14.090 0 0   0
2    6.250   14.061 0 0   0
2    6.081   13.919 0 0   0
2    5.908   13.750 0 0   0
2    5.891   13.734 0 0   0
2    5.875   13.715 0 0   0
2    5.717   13.533 0 0   0
2    5.598   13.375 0 0   0
2    5.556   13.319 0 0   0
2    5.500   13.234 0 0   0
2    5.409   13.091 0 0   0
2    5.360   13.000 0 0   0
2    5.276   12.849 0 0   0
2    5.170   12.625 0 0   0
2    5.156   12.594 0 0   0
2    5.125   12.520 0 0   0
2    5.048   12.327 0 0   0
2    5.022   12.250 0 0   0
2    4.954   12.046 0 0   0
2    4.904   11.875 0 0   0
2    4.870   11.755 0 0   0
2    4.807   11.500 0 0   0
2    4.796   11.454 0 0   0
2    4.750   11.229 0 0   0
2    4.733   11.142 0 0   0
2    4.730   11.125 0 0   0
2    4.682   10.818 0 0   0
2    4.673   10.750 0 0   0
2    4.642   10.483 0 0   0
2    4.631   10.375 0 0   0
2    4.612   10.138 0 0   0
2    4.603   10.000 0 0   0
2    4.593    9.782 0 0   0
2    4.587    9.625 0 0   0
2    4.586    9.414 0 0   0
2    4.585    9.250 0 0   0
2    4.593    9.032 0 0   0
2    4.597    8.875 0 0   0
2    4.615    8.635 0 0   0
2    4.624    8.500 0 0   0
2    4.658    8.217 0 0   0
2    4.667    8.125 0 0   0
2    4.725    7.775 0 0   0
2    4.729    7.750 0 0   0
2    4.750    7.651 0 0   0
2    4.818    7.375 0 0   0
2    4.854    7.271 0 0   0
2    4.939    7.000 0 0   0
2    5.078    6.672 0 0   0
2    5.097    6.625 0 0   0
2    5.125    6.570 0 0   0
2    5.320    6.250 0 0   0
2    5.500    6.015 0 0   0
2    5.632    5.875 0 0   0
2    5.875    5.660 0 0   0
2    6.104    5.500 0 0   0
3    6.201    4.750 0 0   0
2    6.201    4.750 0 0   0
2    6.250    4.730 0 0   0
2    6.278    4.722 0 0   0
2    6.625    4.609 0 0   0
2    6.809    4.566 0 0   0
2    7.000    4.516 0 0   0
2    7.286    4.464 0 0   0
2    7.375    4.446 0 0   0
2    7.728    4.397 0 0   0
2    7.750    4.393 0 0   0
2    7.931    4.375 0 0   0
2    8.125    4.357 0 0   0
2    8.145    4.355 0 0   0
2    8.500    4.332 0 0   0
2    8.544    4.331 0 0   0
2    8.875    4.318 0 0   0
2    8.933    4.317 0 0   0
2    9.250    4.312 0 0   0
2    9.313    4.312 0 0   0
2    9.625    4.315 0 0   0
2    9.684    4.316 0 0   0
2   10.000    4.325 0 0   0
2   10.048    4.327 0 0   0
2   10.375    4.344 0 0   0
2   10.404    4.346 0 0   0
2   10.750    4.372 0 0   0
2   10.753    4.372 0 0   0
2   10.786    4.375 0 0   0
2   11.094    4.406 0 0   0
2   11.125    4.410 0 0   0
2   11.427    4.448 0 0   0
2   11.500    4.459 0 0   0
2   11.753    4.497 0 0   0
2   11.875    4.520 0 0   0
2   12.069    4.556 0 0   0
2   12.250    4.596 0 0   0
2   12.377    4.623 0 0   0
2   12.625    4.689 0 0   0
2   12.674    4.701 0 0   0
2   12.828    4.750 0 0   0
2   12.959    4.791 0 0   0
2   13.000    4.807 0 0   0
2   13.232    4.893 0 0   0
2   13.375    4.956 0 0   0
2   13.493    5.007 0 0   0
2   13.717    5.125 0 0   0
2   13.739    5.136 0 0   0
2   13.750    5.143 0 0   0
2   13.972    5.278 0 0   0
2   14.125    5.390 0 0   0
2   14.189    5.436 0 0   0
2   14.263    5.500 0 0   0
2   14.391    5.609 0 0   0
2   14.500    5.719 0 0   0
2   14.578    5.797 0 0   0
2   14.642    5.875 0 0   0
2   14.750    6.000 0 0   0
2   14.875    6.176 0 0   0
2   14.906    6.219 0 0   0
2   14.924    6.250 0 0   0
2   15.049    6.451 0 0   0
2   15.138    6.625 0 0   0
2   15.177    6.698 0 0   0
2   15.250    6.863 0 0   0
2   15.292    6.958 0 0   0
2   15.307    7.000 0 0   0
2   15.395    7.230 0 0   0
2   15.441    7.375 0 0   0
2   15.486    7.514 0 0   0
2   15.550    7.750 0 0   0
2   15.567    7.808 0 0   0
2   15.625    8.058 0 0   0
2   15.637    8.113 0 0   0
2   15.640    8.125 0 0   0
2   15.698    8.427 0 0   0
2   15.709    8.500 0 0   0
2   15.749    8.751 0 0   0
2   15.765    8.875 0 0   0
2   15.791    9.084 0 0   0
2   15.809    9.250 0 0   0
2   15.826    9.424 0 0   0
2   15.842    9.625 0 0   0
2   15.852    9.773 0 0   0
2   15.864   10.000 0 0   0
2   15.869   10.131 0 0   0
2   15.877   10.375 0 0   0
2   15.878   10.497 0 0   0
2   15.879   10.750 0 0   0
2   15.876   10.874 0 0   0
2   15.872   11.125 0 0   0
2   15.864   11.261 0 0   0
2   15.853   11.500 0 0   0
2   15.838   11.662 0 0   0
2   15.822   11.875 0 0   0
2   15.796   12.079 0 0   0
2   15.778   12.250 0 0   0
2   15.732   12.518 0 0   0
2   15.717   12.625 0 0   0
2   15.640   12.985 0 0   0
2   15.637   13.000 0 0   0
2   15.625   13.045 0 0   0
2   15.525   13.375 0 0   0
2   15.455   13.545 0 0   0
2   15.379   13.750 0 0   0
2   15.250   14.010 0 0   0
2   15.182   14.125 0 0   0
2   14.987   14.388 0 0   0
2   14.907   14.500 0 0   0
2   14.875   14.535 0 0   0
2   14.538   14.837 0 0   0
2   14.500   14.871 0 0   0
2   14.495   14.875 0 0   0
2   14.125   15.100 0 0   0
6   13.950   15.154    0.000    0.150   1
7
3   14.125   15.100 0 0   0
2   13.799   15.250 0 0   0
2   13.750   15.270 0 0   0
2   13.722   15.278 0 0   0
2   13.375   15.391 0 0   0
2   13.191   15.434 0 0   0
2   13.000   15.484 0 0   0
2   12.715   15.535 0 0   0
2   12.625   15.554 0 0   0
2   12.272   15.603 0 0   0
2   12.250   15.606 0 0   0
2   12.067   15.625 0 0   0
2   11.875   15.643 0 0   0
2   11.856   15.644 0 0   0
2   11.500   15.668 0 0   0
2   11.456   15.669 0 0   0
2   11.125   15.682 0 0   0
2   11.067   15.683 0 0   0
2   10.750   15.688 0 0   0
2   10.688   15.687 0 0   0
2   10.375   15.685 0 0   0
2   10.316   15.684 0 0   0
2   10.000   15.674 0 0   0
2    9.953   15.672 0 0   0
2    9.625   15.655 0 0   0
2    9.596   15.654 0 0   0
2    9.250   15.628 0 0   0
2    9.247   15.628 0 0   0
2    9.216   15.625 0 0   0
2    8.906   15.594 0 0   0
2    8.875   15.590 0 0   0
2    8.573   15.552 0 0   0
2    8.500   15.541 0 0   0
2    8.248   15.502 0 0   0
2    8.125   15.480 0 0   0
2    7.931   15.444 0 0   0
2    7.750   15.404 0 0   0
2    7.623   15.377 0 0   0
2    7.375   15.311 0 0   0
2    7.327   15.298 0 0   0
2    7.173   15.250 0 0   0
2    7.041   15.209 0 0   0
2    7.000   15.193 0 0   0
2    6.768   15.107 0 0   0
2    6.625   15.044 0 0   0
2    6.507   14.993 0 0   0
2    6.283   14.875 0 0   0
2    6.261   14.864 0 0   0
2    6.250   14.857 0 0   0
2    6.028   14.722 0 0   0
2    5.875   14.610 0 0   0
2    5.811   14.564 0 0   0
2    5.738   14.500 0 0   0
2    5.609   14.391 0 0   0
2    5.500   14.281 0 0   0
2    5.422   14.203 0 0   0
2    5.358   14.125 0 0   0
2    5.250   14.000 0 0   0
2    5.125   13.824 0 0   0
2    5.094   13.781 0 0   0
2    5.076   13.750 0 0   0
2    4.951   13.549 0 0   0
2    4.862   13.375 0 0   0
2    4.823   13.302 0 0   0
2    4.750   13.138 0 0   0
2    4.708   13.042 0 0   0
2    4.692   13.000 0 0   0
2    4.605   12.770 0 0   0
2    4.559   12.625 0 0   0
2    4.514   12.486 0 0   0
2    4.450   12.250 0 0   0
2    4.433   12.192 0 0   0
2    4.375   11.943 0 0   0
2    4.362   11.888 0 0   0
2    4.360   11.875 0 0   0
2    4.302   11.573 0 0   0
2    4.291   11.500 0 0   0
2    4.251   11.249 0 0   0
2    4.235   11.125 0 0   0
2    4.208   10.917 0 0   0
2    4.191   10.750 0 0   0
2    4.174   10.576 0 0   0
2    4.158   10.375 0 0   0
2    4.148   10.227 0 0   0
2    4.136   10.000 0 0   0
2    4.131    9.869 0 0   0
2    4.123    9.625 0 0   0
2    4.122    9.503 0 0   0
2    4.120    9.250 0 0   0
2    4.123    9.127 0 0   0
2    4.128    8.875 0 0   0
2    4.136    8.739 0 0   0
2    4.147    8.500 0 0   0
2    4.162    8.338 0 0   0
2    4.178    8.125 0 0   0
2    4.204    7.921 0 0   0
2    4.222    7.750 0 0   0
2    4.268    7.482 0 0   0
2    4.283    7.375 0 0   0
2    4.360    7.015 0 0   0
2    4.363    7.000 0 0   0
2    4.375    6.954 0 0   0
2    4.475    6.625 0 0   0
2    4.544    6.456 0 0   0
2    4.621    6.250 0 0   0
2    4.750    5.989 0 0   0
2    4.817    5.875 0 0   0
2    5.012    5.613 0 0   0
2    5.093    5.500 0 0   0
2    5.125    5.465 0 0   0
2    5.464    5.161 0 0   0
2    5.500    5.128 0 0   0
2    5.505    5.125 0 0   0
2    5.875    4.900 0 0   0
2    6.201    4.750 0 0   0
3    6.846    4.000 0 0   0
2    6.846    4.000 0 0   0
2    7.000    3.975 0 0   0
2    7.028    3.972 0 0   0
2    7.375    3.928 0 0   0
2    7.453    3.922 0 0   0
2    7.750    3.892 0 0   0
2    7.864    3.886 0 0   0
2    8.125    3.867 0 0   0
2    8.264    3.861 0 0   0
2    8.500    3.850 0 0   0
2    8.654    3.846 0 0   0
2    8.875    3.839 0 0   0
2    9.037    3.838 0 0   0
2    9.250    3.836 0 0   0
2    9.413    3.837 0 0   0
2    9.625    3.838 0 0   0
2    9.784    3.841 0 0   0
2   10.000    3.846 0 0   0
2   10.149    3.851 0 0   0
2   10.375    3.860 0 0   0
2   10.509    3.866 0 0   0
2   10.750    3.880 0 0   0
2   10.863    3.887 0 0   0
2   11.125    3.907 0 0   0
2   11.212    3.913 0 0   0
2   11.500    3.942 0 0   0
2   11.554    3.946 0 0   0
2   11.875    3.985 0 0   0
2   11.889    3.986 0 0   0
2   11.986    4.000 0 0   0
2   12.217    4.033 0 0   0
2   12.250    4.039 0 0   0
2   12.537    4.088 0 0   0
2   12.625    4.107 0 0   0
2   12.848    4.152 0 0   0
2   13.000    4.191 0 0   0
2   13.149    4.226 0 0   0
2   13.375    4.295 0 0   0
2   13.438    4.312 0 0   0
2   13.611    4.375 0 0   0
2   13.714    4.411 0 0   0
2   13.750    4.427 0 0   0
2   13.979    4.521 0 0   0
2   14.125    4.598 0 0   0
2   14.228    4.647 0 0   0
2   14.392    4.750 0 0   0
2   14.460    4.790 0 0   0
2   14.500    4.820 0 0   0
2   14.679    4.946 0 0   0
2   14.875    5.121 0 0   0
2   14.877    5.123 0 0   0
2   14.879    5.125 0 0   0
2   15.064    5.311 0 0   0
2   15.211    5.500 0 0   0
2   15.229    5.521 0 0   0
2   15.250    5.553 0 0   0
2   15.382    5.743 0 0   0
2   15.453    5.875 0 0   0
2   15.518    5.982 0 0   0
2   15.625    6.212 0 0   0
2   15.637    6.238 0 0   0
2   15.642    6.250 0 0   0
2   15.747    6.503 0 0   0
2   15.786    6.625 0 0   0
2   15.842    6.783 0 0   0
2   15.902    7.000 0 0   0
2   15.926    7.074 0 0   0
2   15.998    7.375 0 0   0
2   15.999    7.376 0 0   0
2   16.000    7.383 0 0   0
2   16.064    7.686 0 0   0
2   16.073    7.750 0 0   0
2   16.119    8.006 0 0   0
2   16.135    8.125 0 0   0
2   16.167    8.333 0 0   0
2   16.185    8.500 0 0   0
2   16.206    8.669 0 0   0
2   16.226    8.875 0 0   0
2   16.240    9.010 0 0   0
2   16.258    9.250 0 0   0
2   16.266    9.359 0 0   0
2   16.282    9.625 0 0   0
2   16.287    9.713 0 0   0
2   16.299   10.000 0 0   0
2   16.301   10.074 0 0   0
2   16.308   10.375 0 0   0
2   16.309   10.441 0 0   0
2   16.311   10.750 0 0   0
2   16.309   10.816 0 0   0
2   16.306   11.125 0 0   0
2   16.303   11.197 0 0   0
2   16.293   11.500 0 0   0
2   16.287   11.588 0 0   0
2   16.272   11.875 0 0   0
2   16.261   11.989 0 0   0
2   16.241   12.250 0 0   0
2   16.221   12.404 0 0   0
2   16.199   12.625 0 0   0
2   16.165   12.835 0 0   0
2   16.144   13.000 0 0   0
2   16.085   13.290 0 0   0
2   16.071   13.375 0 0   0
2   16.000   13.664 0 0   0
2   15.976   13.750 0 0   0
2   15.961   13.789 0 0   0
2   15.846   14.125 0 0   0
2   15.710   14.415 0 0   0
2   15.674   14.500 0 0   0
2   15.625   14.587 0 0   0
2   15.429   14.875 0 0   0
2   15.250   15.081 0 0   0
2   15.066   15.250 0 0   0
2   14.875   15.394 0 0   0
2   14.537   15.588 0 0   0
2   14.500   15.611 0 0   0
2   14.469   15.625 0 0   0
2   14.125   15.762 0 0   0
2   13.935   15.815 0 0   0
2   13.750   15.875 0 0   0
2   13.428   15.947 0 0   0
2   13.375   15.961 0 0   0
6   13.237   15.964    0.000    0.150   1
8
3   13.375   15.961 0 0   0
2   13.153   16.000 0 0   0
2   13.000   16.025 0 0   0
2   12.972   16.028 0 0   0
2   12.625   16.072 0 0   0
2   12.547   16.078 0 0   0
2   12.250   16.108 0 0   0
2   12.136   16.114 0 0   0
2   11.875   16.133 0 0   0
2   11.737   16.138 0 0   0
2   11.500   16.150 0 0   0
2   11.346   16.154 0 0   0
2   11.125   16.160 0 0   0
2   10.963   16.162 0 0   0
2   10.750   16.164 0 0   0
2   10.587   16.163 0 0   0
2   10.375   16.162 0 0   0
2   10.216   16.159 0 0   0
2   10.000   16.154 0 0   0
2    9.851   16.149 0 0   0
2    9.625   16.140 0 0   0
2    9.491   16.134 0 0   0
2    9.250   16.119 0 0   0
2    9.137   16.113 0 0   0
2    8.875   16.093 0 0   0
2    8.789   16.086 0 0   0
2    8.500   16.058 0 0   0
2    8.447   16.053 0 0   0
2    8.125   16.015 0 0   0
2    8.111   16.014 0 0   0
2    8.016   16.000 0 0   0
2    7.783   15.967 0 0   0
2    7.750   15.960 0 0   0
2    7.463   15.912 0 0   0
2    7.375   15.892 0 0   0
2    7.152   15.848 0 0   0
2    7.000   15.808 0 0   0
2    6.851   15.774 0 0   0
2    6.625   15.704 0 0   0
2    6.563   15.687 0 0   0
2    6.390   15.625 0 0   0
2    6.286   15.589 0 0   0
2    6.250   15.573 0 0   0
2    6.021   15.479 0 0   0
2    5.875   15.402 0 0   0
2    5.772   15.353 0 0   0
2    5.608   15.250 0 0   0
2    5.540   15.210 0 0   0
2    5.500   15.180 0 0   0
2    5.321   15.054 0 0   0
2    5.125   14.878 0 0   0
2    5.123   14.877 0 0   0
2    5.121   14.875 0 0   0
2    4.936   14.689 0 0   0
2    4.789   14.500 0 0   0
2    4.771   14.479 0 0   0
2    4.750   14.447 0 0   0
2    4.618   14.257 0 0   0
2    4.546   14.125 0 0   0
2    4.482   14.018 0 0   0
2    4.375   13.788 0 0   0
2    4.363   13.762 0 0   0
2    4.358   13.750 0 0   0
2    4.253   13.497 0 0   0
2    4.214   13.375 0 0   0
2    4.157   13.218 0 0   0
2    4.097   13.000 0 0   0
2    4.074   12.926 0 0   0
2    4.002   12.625 0 0   0
2    4.001   12.624 0 0   0
2    4.000   12.618 0 0   0
2    3.936   12.314 0 0   0
2    3.926   12.250 0 0   0
2    3.881   11.994 0 0   0
2    3.865   11.875 0 0   0
2    3.833   11.667 0 0   0
2    3.815   11.500 0 0   0
2    3.793   11.332 0 0   0
2    3.774   11.125 0 0   0
2    3.760   10.990 0 0   0
2    3.742   10.750 0 0   0
2    3.734   10.641 0 0   0
2    3.718   10.375 0 0   0
2    3.713   10.287 0 0   0
2    3.701   10.000 0 0   0
2    3.699    9.926 0 0   0
2    3.692    9.625 0 0   0
2    3.691    9.559 0 0   0
2    3.689    9.250 0 0   0
2    3.690    9.185 0 0   0
2    3.694    8.875 0 0   0
2    3.697    8.803 0 0   0
2    3.707    8.500 0 0   0
2    3.713    8.412 0 0   0
2    3.728    8.125 0 0   0
2    3.739    8.011 0 0   0
2    3.759    7.750 0 0   0
2    3.778    7.597 0 0   0
2    3.801    7.375 0 0   0
2    3.835    7.165 0 0   0
2    3.856    7.000 0 0   0
2    3.915    6.710 0 0   0
2    3.929    6.625 0 0   0
2    4.000    6.335 0 0   0
2    4.024    6.250 0 0   0
2    4.039    6.211 0 0   0
2    4.154    5.875 0 0   0
2    4.290    5.585 0 0   0
2    4.326    5.500 0 0   0
2    4.375    5.412 0 0   0
2    4.571    5.125 0 0   0
2    4.750    4.918 0 0   0
2    4.934    4.750 0 0   0
2    5.125    4.605 0 0   0
2    5.464    4.411 0 0   0
2    5.500    4.389 0 0   0
2    5.531    4.375 0 0   0
2    5.875    4.238 0 0   0
2    6.065    4.185 0 0   0
2    6.250    4.125 0 0   0
2    6.572    4.053 0 0   0
2    6.625    4.039 0 0   0
2    6.846    4.000 0 0   0
3    5.500    3.727 0 0   0
2    5.500    3.727 0 0   0
2    5.336    3.789 0 0   0
2    5.125    3.856 0 0   0
2    4.820    4.000 0 0   0
2    4.750    4.039 0 0   0
2    4.588    4.162 0 0   0
2    4.375    4.315 0 0   0
2    4.313    4.375 0 0   0
2    4.055    4.695 0 0   0
2    4.009    4.750 0 0   0
2    4.000    4.764 0 0   0
2    3.812    5.125 0 0   0
2    3.704    5.421 0 0   0
2    3.670    5.500 0 0   0
2    3.625    5.651 0 0   0
2    3.567    5.875 0 0   0
2    3.556    5.944 0 0   0
2    3.490    6.250 0 0   0
2    3.470    6.405 0 0   0
2    3.431    6.625 0 0   0
2    3.409    6.841 0 0   0
2    3.385    7.000 0 0   0
2    3.364    7.261 0 0   0
2    3.351    7.375 0 0   0
2    3.332    7.668 0 0   0
2    3.324    7.750 0 0   0
2    3.309    8.066 0 0   0
2    3.305    8.125 0 0   0
2    3.294    8.456 0 0   0
2    3.292    8.500 0 0   0
2    3.285    8.840 0 0   0
2    3.284    8.875 0 0   0
2    3.281    9.219 0 0   0
2    3.281    9.250 0 0   0
2    3.283    9.592 0 0   0
2    3.283    9.625 0 0   0
2    3.288    9.962 0 0   0
2    3.289   10.000 0 0   0
2    3.298   10.327 0 0   0
2    3.300   10.375 0 0   0
2    3.312   10.688 0 0   0
2    3.316   10.750 0 0   0
2    3.331   11.044 0 0   0
2    3.337   11.125 0 0   0
2    3.353   11.397 0 0   0
2    3.363   11.500 0 0   0
2    3.381   11.744 0 0   0
2    3.396   11.875 0 0   0
2    3.414   12.086 0 0   0
2    3.436   12.250 0 0   0
2    3.453   12.422 0 0   0
2    3.485   12.625 0 0   0
2    3.499   12.751 0 0   0
2    3.544   13.000 0 0   0
2    3.553   13.072 0 0   0
2    3.616   13.375 0 0   0
2    3.618   13.382 0 0   0
2    3.625   13.413 0 0   0
2    3.688   13.687 0 0   0
2    3.709   13.750 0 0   0
2    3.770   13.980 0 0   0
2    3.824   14.125 0 0   0
2    3.865   14.260 0 0   0
2    3.971   14.500 0 0   0
2    3.979   14.521 0 0   0
2    4.000   14.562 0 0   0
2    4.102   14.773 0 0   0
2    4.170   14.875 0 0   0
2    4.244   15.006 0 0   0
2    4.375   15.169 0 0   0
2    4.409   15.216 0 0   0
2    4.443   15.250 0 0   0
2    4.586   15.414 0 0   0
2    4.750   15.549 0 0   0
2    4.790   15.585 0 0   0
2    4.849   15.625 0 0   0
2    5.007   15.743 0 0   0
2    5.125   15.806 0 0   0
2    5.245   15.880 0 0   0
2    5.500   15.994 0 0   0
2    5.504   15.996 0 0   0
2    5.515   16.000 0 0   0
2    5.772   16.103 0 0   0
2    5.875   16.132 0 0   0
2    6.057   16.193 0 0   0
2    6.250   16.239 0 0   0
2    6.356   16.269 0 0   0
2    6.625   16.324 0 0   0
2    6.666   16.334 0 0   0
2    6.905   16.375 0 0   0
2    6.986   16.389 0 0   0
2    7.000   16.391 0 0   0
2    7.312   16.438 0 0   0
2    7.375   16.444 0 0   0
2    7.646   16.479 0 0   0
2    7.750   16.487 0 0   0
2    7.987   16.513 0 0   0
2    8.125   16.522 0 0   0
2    8.334   16.541 0 0   0
2    8.500   16.550 0 0   0
2    8.686   16.564 0 0   0
2    8.875   16.573 0 0   0
2    9.042   16.583 0 0   0
2    9.250   16.591 0 0   0
2    9.403   16.597 0 0   0
2    9.625   16.604 0 0   0
2    9.767   16.608 0 0   0
2   10.000   16.613 0 0   0
2   10.134   16.616 0 0   0
2   10.375   16.619 0 0   0
2   10.506   16.619 0 0   0
2   10.750   16.620 0 0   0
2   10.881   16.619 0 0   0
2   11.125   16.618 0 0   0
2   11.260   16.615 0 0   0
2   11.500   16.612 0 0   0
2   11.644   16.606 0 0   0
2   11.875   16.601 0 0   0
2   12.033   16.592 0 0   0
2   12.250   16.584 0 0   0
2   12.429   16.571 0 0   0
2   12.625   16.562 0 0   0
2   12.833   16.542 0 0   0
2   13.000   16.531 0 0   0
2   13.248   16.502 0 0   0
2   13.375   16.491 0 0   0
2   13.679   16.446 0 0   0
2   13.750   16.438 0 0   0
2   14.094   16.375 0 0   0
2   14.125   16.369 0 0   0
2   14.134   16.366 0 0   0
6   14.294   16.303    0.000    0.150   1
9
3   14.134   16.366 0 0   0
2   14.500   16.273 0 0   0
2   14.664   16.211 0 0   0
2   14.875   16.143 0 0   0
2   15.180   16.000 0 0   0
2   15.250   15.961 0 0   0
2   15.412   15.838 0 0   0
2   15.625   15.685 0 0   0
2   15.687   15.625 0 0   0
2   15.944   15.306 0 0   0
2   15.991   15.250 0 0   0
2   16.000   15.235 0 0   0
2   16.188   14.875 0 0   0
2   16.296   14.579 0 0   0
2   16.330   14.500 0 0   0
2   16.375   14.349 0 0   0
2   16.433   14.125 0 0   0
2   16.444   14.056 0 0   0
2   16.510   13.750 0 0   0
2   16.530   13.595 0 0   0
2   16.569   13.375 0 0   0
2   16.591   13.159 0 0   0
2   16.614   13.000 0 0   0
2   16.636   12.739 0 0   0
2   16.649   12.625 0 0   0
2   16.668   12.332 0 0   0
2   16.676   12.250 0 0   0
2   16.691   11.934 0 0   0
2   16.695   11.875 0 0   0
2   16.706   11.544 0 0   0
2   16.708   11.500 0 0   0
2   16.715   11.160 0 0   0
2   16.716   11.125 0 0   0
2   16.718   10.782 0 0   0
2   16.719   10.750 0 0   0
2   16.717   10.408 0 0   0
2   16.717   10.375 0 0   0
2   16.711   10.039 0 0   0
2   16.711   10.000 0 0   0
2   16.701    9.674 0 0   0
2   16.700    9.625 0 0   0
2   16.687    9.313 0 0   0
2   16.684    9.250 0 0   0
2   16.669    8.956 0 0   0
2   16.663    8.875 0 0   0
2   16.646    8.604 0 0   0
2   16.637    8.500 0 0   0
2   16.619    8.256 0 0   0
2   16.604    8.125 0 0   0
2   16.586    7.914 0 0   0
2   16.564    7.750 0 0   0
2   16.547    7.578 0 0   0
2   16.515    7.375 0 0   0
2   16.501    7.249 0 0   0
2   16.456    7.000 0 0   0
2   16.446    6.929 0 0   0
2   16.383    6.625 0 0   0
2   16.382    6.618 0 0   0
2   16.375    6.588 0 0   0
2   16.312    6.313 0 0   0
2   16.291    6.250 0 0   0
2   16.230    6.020 0 0   0
2   16.175    5.875 0 0   0
2   16.135    5.740 0 0   0
2   16.028    5.500 0 0   0
2   16.021    5.479 0 0   0
2   16.000    5.439 0 0   0
2   15.898    5.227 0 0   0
2   15.830    5.125 0 0   0
2   15.756    4.994 0 0   0
2   15.625    4.831 0 0   0
2   15.591    4.784 0 0   0
2   15.557    4.750 0 0   0
2   15.414    4.586 0 0   0
2   15.250    4.451 0 0   0
2   15.210    4.415 0 0   0
2   15.152    4.375 0 0   0
2   14.994    4.256 0 0   0
2   14.875    4.193 0 0   0
2   14.755    4.120 0 0   0
2   14.500    4.006 0 0   0
2   14.496    4.004 0 0   0
2   14.486    4.000 0 0   0
2   14.229    3.896 0 0   0
2   14.125    3.867 0 0   0
2   13.944    3.806 0 0   0
2   13.750    3.760 0 0   0
2   13.645    3.730 0 0   0
2   13.375    3.676 0 0   0
2   13.334    3.666 0 0   0
2   13.097    3.625 0 0   0
2   13.015    3.610 0 0   0
2   13.000    3.609 0 0   0
2   12.688    3.562 0 0   0
2   12.625    3.555 0 0   0
2   12.354    3.521 0 0   0
2   12.250    3.512 0 0   0
2   12.013    3.487 0 0   0
2   11.875    3.477 0 0   0
2   11.666    3.459 0 0   0
2   11.500    3.449 0 0   0
2   11.314    3.436 0 0   0
2   11.125    3.427 0 0   0
2   10.958    3.417 0 0   0
2   10.750    3.409 0 0   0
2   10.598    3.402 0 0   0
2   10.375    3.396 0 0   0
2   10.233    3.392 0 0   0
2   10.000    3.387 0 0   0
2    9.866    3.384 0 0   0
2    9.625    3.381 0 0   0
2    9.494    3.381 0 0   0
2    9.250    3.380 0 0   0
2    9.119    3.381 0 0   0
2    8.875    3.382 0 0   0
2    8.740    3.385 0 0   0
2    8.500    3.388 0 0   0
2    8.357    3.393 0 0   0
2    8.125    3.399 0 0   0
2    7.967    3.408 0 0   0
2    7.750    3.416 0 0   0
2    7.572    3.428 0 0   0
2    7.375    3.438 0 0   0
2    7.167    3.458 0 0   0
2    7.000    3.469 0 0   0
2    6.752    3.498 0 0   0
2    6.625    3.509 0 0   0
2    6.321    3.554 0 0   0
2    6.250    3.561 0 0   0
2    5.905    3.625 0 0   0
2    5.875    3.631 0 0   0
2    5.866    3.634 0 0   0
2    5.500    3.727 0 0   0
3    5.500    3.104 0 0   0
2    5.500    3.104 0 0   0
2    5.219    3.156 0 0   0
2    5.125    3.165 0 0   0
2    4.752    3.250 0 0   0
2    4.750    3.250 0 0   0
2    4.749    3.251 0 0   0
2    4.375    3.377 0 0   0
2    4.093    3.532 0 0   0
2    4.000    3.574 0 0   0
2    3.929    3.625 0 0   0
2    3.625    3.920 0 0   0
2    3.565    4.000 0 0   0
2    3.510    4.115 0 0   0
2    3.360    4.375 0 0   0
2    3.250    4.675 0 0   0
2    3.227    4.750 0 0   0
2    3.224    4.776 0 0   0
2    3.138    5.125 0 0   0
2    3.123    5.252 0 0   0
2    3.073    5.500 0 0   0
2    3.055    5.695 0 0   0
2    3.024    5.875 0 0   0
2    3.006    6.119 0 0   0
2    2.987    6.250 0 0   0
2    2.970    6.530 0 0   0
2    2.959    6.625 0 0   0
2    2.944    6.931 0 0   0
2    2.937    7.000 0 0   0
2    2.924    7.326 0 0   0
2    2.920    7.375 0 0   0
2    2.910    7.715 0 0   0
2    2.908    7.750 0 0   0
2    2.899    8.101 0 0   0
2    2.898    8.125 0 0   0
2    2.893    8.482 0 0   0
2    2.892    8.500 0 0   0
2    2.889    8.861 0 0   0
2    2.888    8.875 0 0   0
2    2.887    9.238 0 0   0
2    2.887    9.250 0 0   0
2    2.888    9.612 0 0   0
2    2.888    9.625 0 0   0
2    2.891    9.984 0 0   0
2    2.891   10.000 0 0   0
2    2.896   10.354 0 0   0
2    2.897   10.375 0 0   0
2    2.903   10.722 0 0   0
2    2.904   10.750 0 0   0
2    2.913   11.087 0 0   0
2    2.914   11.125 0 0   0
2    2.924   11.451 0 0   0
2    2.927   11.500 0 0   0
2    2.939   11.811 0 0   0
2    2.943   11.875 0 0   0
2    2.956   12.169 0 0   0
2    2.963   12.250 0 0   0
2    2.977   12.523 0 0   0
2    2.987   12.625 0 0   0
2    3.001   12.874 0 0   0
2    3.016   13.000 0 0   0
2    3.030   13.220 0 0   0
2    3.052   13.375 0 0   0
2    3.065   13.560 0 0   0
2    3.096   13.750 0 0   0
2    3.108   13.892 0 0   0
2    3.151   14.125 0 0   0
2    3.160   14.215 0 0   0
2    3.221   14.500 0 0   0
2    3.224   14.526 0 0   0
2    3.250   14.629 0 0   0
2    3.296   14.829 0 0   0
2    3.314   14.875 0 0   0
2    3.380   15.120 0 0   0
2    3.440   15.250 0 0   0
2    3.485   15.390 0 0   0
2    3.618   15.625 0 0   0
2    3.620   15.630 0 0   0
2    3.625   15.636 0 0   0
2    3.762   15.863 0 0   0
2    3.897   16.000 0 0   0
2    3.942   16.058 0 0   0
2    4.000   16.102 0 0   0
2    4.140   16.235 0 0   0
2    4.375   16.373 0 0   0
2    4.376   16.374 0 0   0
2    4.379   16.375 0 0   0
2    4.619   16.506 0 0   0
2    4.750   16.547 0 0   0
2    4.891   16.609 0 0   0
2    5.125   16.669 0 0   0
2    5.185   16.690 0 0   0
2    5.461   16.750 0 0   0
2    5.492   16.758 0 0   0
2    5.500   16.758 0 0   0
2    5.806   16.819 0 0   0
2    5.875   16.825 0 0   0
2    6.132   16.868 0 0   0
2    6.250   16.877 0 0   0
2    6.468   16.907 0 0   0
2    6.625   16.918 0 0   0
2    6.810   16.940 0 0   0
2    7.000   16.950 0 0   0
2    7.159   16.966 0 0   0
2    7.375   16.976 0 0   0
2    7.512   16.988 0 0   0
2    7.750   16.998 0 0   0
2    7.869   17.006 0 0   0
2    8.125   17.015 0 0   0
2    8.229   17.021 0 0   0
2    8.500   17.029 0 0   0
2    8.592   17.033 0 0   0
2    8.875   17.040 0 0   0
2    8.957   17.043 0 0   0
2    9.250   17.049 0 0   0
2    9.324   17.051 0 0   0
2    9.625   17.055 0 0   0
2    9.693   17.057 0 0   0
2   10.000   17.060 0 0   0
2   10.064   17.061 0 0   0
2   10.375   17.063 0 0   0
2   10.437   17.063 0 0   0
2   10.750   17.063 0 0   0
2   10.812   17.063 0 0   0
2   11.125   17.062 0 0   0
2   11.188   17.062 0 0   0
2   11.500   17.059 0 0   0
2   11.567   17.058 0 0   0
2   11.875   17.054 0 0   0
2   11.949   17.051 0 0   0
2   12.250   17.046 0 0   0
2   12.333   17.042 0 0   0
2   12.625   17.035 0 0   0
2   12.721   17.029 0 0   0
2   13.000   17.020 0 0   0
2   13.114   17.011 0 0   0
2   13.375   17.001 0 0   0
2   13.513   16.987 0 0   0
2   13.750   16.975 0 0   0
2   13.921   16.954 0 0   0
2   14.125   16.941 0 0   0
2   14.341   16.909 0 0   0
6   14.313   16.887    0.000    0.150   2
10
3   14.341   16.909 0 0   0
2   14.500   16.896 0 0   0
2   14.781   16.844 0 0   0
2   14.875   16.835 0 0   0
2   15.248   16.750 0 0   0
2   15.250   16.750 0 0   0
2   15.251   16.749 0 0   0
2   15.625   16.622 0 0   0
2   15.907   16.468 0 0   0
2   16.000   16.426 0 0   0
2   16.071   16.375 0 0   0
2   16.375   16.080 0 0   0
2   16.435   16.000 0 0   0
2   16.490   15.885 0 0   0
2   16.640   15.625 0 0   0
2   16.750   15.325 0 0   0
2   16.772   15.250 0 0   0
2   16.776   15.224 0 0   0
2   16.862   14.875 0 0   0
2   16.877   14.748 0 0   0
2   16.927   14.500 0 0   0
2   16.945   14.305 0 0   0
2   16.976   14.125 0 0   0
2   16.994   13.881 0 0   0
2   17.013   13.750 0 0   0
2   17.030   13.470 0 0   0
2   17.041   13.375 0 0   0
2   17.056   13.069 0 0   0
2   17.063   13.000 0 0   0
2   17.076   12.674 0 0   0
2   17.080   12.625 0 0   0
2   17.090   12.285 0 0   0
2   17.092   12.250 0 0   0
2   17.100   11.900 0 0   0
2   17.102   11.875 0 0   0
2   17.107   11.518 0 0   0
2   17.108   11.500 0 0   0
2   17.111   11.139 0 0   0
2   17.112   11.125 0 0   0
2   17.113   10.762 0 0   0
2   17.113   10.750 0 0   0
2   17.112   10.388 0 0   0
2   17.112   10.375 0 0   0
2   17.109   10.016 0 0   0
2   17.109   10.000 0 0   0
2   17.104    9.646 0 0   0
2   17.103    9.625 0 0   0
2   17.097    9.278 0 0   0
2   17.096    9.250 0 0   0
2   17.087    8.913 0 0   0
2   17.085    8.875 0 0   0
2   17.075    8.550 0 0   0
2   17.072    8.500 0 0   0
2   17.061    8.189 0 0   0
2   17.056    8.125 0 0   0
2   17.044    7.831 0 0   0
2   17.037    7.750 0 0   0
2   17.023    7.477 0 0   0
2   17.013    7.375 0 0   0
2   16.999    7.126 0 0   0
2   16.984    7.000 0 0   0
2   16.969    6.781 0 0   0
2   16.948    6.625 0 0   0
2   16.934    6.441 0 0   0
2   16.904    6.250 0 0   0
2   16.892    6.108 0 0   0
2   16.849    5.875 0 0   0
2   16.840    5.785 0 0   0
2   16.779    5.500 0 0   0
2   16.776    5.474 0 0   0
2   16.750    5.372 0 0   0
2   16.704    5.171 0 0   0
2   16.686    5.125 0 0   0
2   16.620    4.880 0 0   0
2   16.560    4.750 0 0   0
2   16.515    4.610 0 0   0
2   16.382    4.375 0 0   0
2   16.380    4.370 0 0   0
2   16.375    4.364 0 0   0
2   16.238    4.137 0 0   0
2   16.103    4.000 0 0   0
2   16.059    3.941 0 0   0
2   16.000    3.898 0 0   0
2   15.860    3.765 0 0   0
2   15.625    3.626 0 0   0
2   15.624    3.626 0 0   0
2   15.622    3.625 0 0   0
2   15.381    3.494 0 0   0
2   15.250    3.453 0 0   0
2   15.109    3.391 0 0   0
2   14.875    3.331 0 0   0
2   14.816    3.309 0 0   0
2   14.541    3.250 0 0   0
2   14.508    3.242 0 0   0
2   14.500    3.241 0 0   0
2   14.194    3.181 0 0   0
2   14.125    3.175 0 0   0
2   13.868    3.132 0 0   0
2   13.750    3.123 0 0   0
2   13.533    3.092 0 0   0
2   13.375    3.082 0 0   0
2   13.190    3.060 0 0   0
2   13.000    3.050 0 0   0
2   12.841    3.034 0 0   0
2   12.625    3.023 0 0   0
2   12.488    3.012 0 0   0
2   12.250    3.002 0 0   0
2   12.131    2.994 0 0   0
2   11.875    2.985 0 0   0
2   11.771    2.979 0 0   0
2   11.500    2.971 0 0   0
2   11.408    2.967 0 0   0
2   11.125    2.960 0 0   0
2   11.043    2.957 0 0   0
2   10.750    2.951 0 0   0
2   10.676    2.949 0 0   0
2   10.375    2.945 0 0   0
2   10.307    2.943 0 0   0
2   10.000    2.940 0 0   0
2    9.936    2.939 0 0   0
2    9.625    2.937 0 0   0
2    9.563    2.937 0 0   0
2    9.250    2.936 0 0   0
2    9.188    2.937 0 0   0
2    8.875    2.937 0 0   0
2    8.812    2.938 0 0   0
2    8.500    2.941 0 0   0
2    8.433    2.942 0 0   0
2    8.125    2.946 0 0   0
2    8.052    2.948 0 0   0
2    7.750    2.954 0 0   0
2    7.667    2.958 0 0   0
2    7.375    2.965 0 0   0
2    7.279    2.971 0 0   0
2    7.000    2.980 0 0   0
2    6.886    2.989 0 0   0
2    6.625    2.999 0 0   0
2    6.487    3.013 0 0   0
2    6.250    3.025 0 0   0
2    6.079    3.046 0 0   0
2    5.875    3.059 0 0   0
2    5.659    3.091 0 0   0
2    5.500    3.104 0 0   0
3    2.500    2.500 0 0   0
2    2.875    2.500 0 0   0
2    3.250    2.500 0 0   0
2    3.625    2.500 0 0   0
2    4.000    2.500 0 0   0
2    4.375    2.500 0 0   0
2    4.750    2.500 0 0   0
2    5.125    2.500 0 0   0
2    5.500    2.500 0 0   0
2    5.875    2.500 0 0   0
2    6.250    2.500 0 0   0
2    6.625    2.500 0 0   0
2    7.000    2.500 0 0   0
2    7.375    2.500 0 0   0
2    7.750    2.500 0 0   0
2    8.125    2.500 0 0   0
2    8.500    2.500 0 0   0
2    8.875    2.500 0 0   0
2    9.250    2.500 0 0   0
2    9.625    2.500 0 0   0
2   10.000    2.500 0 0   0
2   10.375    2.500 0 0   0
2   10.750    2.500 0 0   0
2   11.125    2.500 0 0   0
2   11.500    2.500 0 0   0
2   11.875    2.500 0 0   0
2   12.250    2.500 0 0   0
2   12.625    2.500 0 0   0
2   13.000    2.500 0 0   0
2   13.375    2.500 0 0   0
2   13.750    2.500 0 0   0
2   14.125    2.500 0 0   0
2   14.500    2.500 0 0   0
2   14.875    2.500 0 0   0
2   15.250    2.500 0 0   0
2   15.625    2.500 0 0   0
2   16.000    2.500 0 0   0
2   16.375    2.500 0 0   0
2   16.750    2.500 0 0   0
2   17.125    2.500 0 0   0
2   17.500    2.500 0 0   0
3   17.500    2.500 0 0   0
2   17.500    2.875 0 0   0
2   17.500    3.250 0 0   0
2   17.500    3.625 0 0   0
2   17.500    4.000 0 0   0
2   17.500    4.375 0 0   0
2   17.500    4.750 0 0   0
2   17.500    5.125 0 0   0
2   17.500    5.500 0 0   0
2   17.500    5.875 0 0   0
2   17.500    6.250 0 0   0
2   17.500    6.625 0 0   0
2   17.500    7.000 0 0   0
2   17.500    7.375 0 0   0
2   17.500    7.750 0 0   0
2   17.500    8.125 0 0   0
2   17.500    8.500 0 0   0
2   17.500    8.875 0 0   0
2   17.500    9.250 0 0   0
2   17.500    9.625 0 0   0
2   17.500   10.000 0 0   0
2   17.500   10.375 0 0   0
2   17.500   10.750 0 0   0
2   17.500   11.125 0 0   0
2   17.500   11.500 0 0   0
2   17.500   11.875 0 0   0
2   17.500   12.250 0 0   0
2   17.500   12.625 0 0   0
2   17.500   13.000 0 0   0
2   17.500   13.375 0 0   0
2   17.500   13.750 0 0   0
2   17.500   14.125 0 0   0
2   17.500   14.500 0 0   0
2   17.500   14.875 0 0   0
2   17.500   15.250 0 0   0
2   17.500   15.625 0 0   0
2   17.500   16.000 0 0   0
2   17.500   16.375 0 0   0
2   17.500   16.750 0 0   0
2   17.500   17.125 0 0   0
2   17.500   17.500 0 0   0
3   17.500   17.500 0 0   0
2   17.125   17.500 0 0   0
2   16.750   17.500 0 0   0
2   16.375   17.500 0 0   0
2   16.000   17.500 0 0   0
2   15.625   17.500 0 0   0
2   15.250   17.500 0 0   0
2   14.875   17.500 0 0   0
2   14.500   17.500 0 0   0
2   14.125   17.500 0 0   0
2   13.750   17.500 0 0   0
2   13.375   17.500 0 0   0
2   13.000   17.500 0 0   0
2   12.625   17.500 0 0   0
2   12.250   17.500 0 0   0
2   11.875   17.500 0 0   0
2   11.500   17.500 0 0   0
2   11.125   17.500 0 0   0
2   10.750   17.500 0 0   0
2   10.375   17.500 0 0   0
2   10.000   17.500 0 0   0
2    9.625   17.500 0 0   0
2    9.250   17.500 0 0   0
2    8.875   17.500 0 0   0
2    8.500   17.500 0 0   0
2    8.125   17.500 0 0   0
2    7.750   17.500 0 0   0
2    7.375   17.500 0 0   0
2    7.000   17.500 0 0   0
2    6.625   17.500 0 0   0
2    6.250   17.500 0 0   0
2    5.875   17.500 0 0   0
2    5.500   17.500 0 0   0
2    5.125   17.500 0 0   0
2    4.750   17.500 0 0   0
2    4.375   17.500 0 0   0
2    4.000   17.500 0 0   0
2    3.625   17.500 0 0   0
2    3.250   17.500 0 0   0
2    2.875   17.500 0 0   0
2    2.500   17.500 0 0   0
3    2.500   17.500 0 0   0
2    2.500   17.125 0 0   0
2    2.500   16.750 0 0   0
2    2.500   16.375 0 0   0
2    2.500   16.000 0 0   0
2    2.500   15.625 0 0   0
2    2.500   15.250 0 0   0
2    2.500   14.875 0 0   0
2    2.500   14.500 0 0   0
2    2.500   14.125 0 0   0
2    2.500   13.750 0 0   0
2    2.500   13.375 0 0   0
2    2.500   13.000 0 0   0
2    2.500   12.625 0 0   0
2    2.500   12.250 0 0   0
2    2.500   11.875 0 0   0
2    2.500   11.500 0 0   0
2    2.500   11.125 0 0   0
2    2.500   10.750 0 0   0
2    2.500   10.375 0 0   0
2    2.500   10.000 0 0   0
2    2.500    9.625 0 0   0
2    2.500    9.250 0 0   0
2    2.500    8.875 0 0   0
2    2.500    8.500 0 0   0
2    2.500    8.125 0 0   0
2    2.500    7.750 0 0   0
2    2.500    7.375 0 0   0
2    2.500    7.000 0 0   0
2    2.500    6.625 0 0   0
2    2.500    6.250 0 0   0
2    2.500    5.875 0 0   0
2    2.500    5.500 0 0   0
2    2.500    5.125 0 0   0
2    2.500    4.750 0 0   0
2    2.500    4.375 0 0   0
2    2.500    4.000 0 0   0
2    2.500    3.625 0 0   0
2    2.500    3.250 0 0   0
2    2.500    2.875 0 0   0
2    2.500    2.500 0 0   0
6   20.000    1.000    0.000    0.250  18
scalex:     15.000
6   20.000    1.500    0.000    0.250  18
scaley:     15.000
6   18.300    8.800    0.000    0.150   6
LEVELS
6   18.000    2.700    0.000    0.250  14
 1  -1.788E+01
6   18.000    3.200    0.000    0.250  14
 2  -1.609E+01
6   18.000    3.700    0.000    0.250  14
 3  -1.430E+01
6   18.000    4.200    0.000    0.250  14
 4  -1.252E+01
6   18.000    4.700    0.000    0.250  14
 5  -1.073E+01
6   18.000    5.200    0.000    0.250  14
 6  -8.939E+00
6   18.000    5.700    0.000    0.250  14
 7  -7.151E+00
6   18.000    6.200    0.000    0.250  14
 8  -5.363E+00
6   18.000    6.700    0.000    0.250  14
 9  -3.575E+00
6   18.000    7.200    0.000    0.250  14
10  -1.787E+00
6   18.000    7.700    0.000    0.250  14
11   7.799E-04
6    1.000    0.250    0.000    0.300   7
STREAM:
5    0.000    0.000 0 0   0
