1    1.000   18.000 0 0   0
6    3.500    0.750    0.000    0.250  80
x                                                                               
3   23.750    0.875 0 0   0
2   24.500    0.875 0 0   0
2   24.250    1.000 0 0   0
2   24.250    0.750 0 0   0
2   24.500    0.875 0 0   0
6    0.875    3.500   90.000    0.250  80
y                                                                               
3    0.750   23.750 0 0   0
2    0.750   24.500 0 0   0
2    0.625   24.250 0 0   0
2    0.875   24.250 0 0   0
2    0.750   24.500 0 0   0
3    2.500   12.500 0 0   0
2    2.500   12.500 0 0   0
2    2.500   12.500 0 0   0
2    2.583   12.500 0 0   0
2    2.583   12.500 0 0   0
2    2.667   12.500 0 0   0
2    2.667   12.500 0 0   0
2    2.750   12.500 0 0   0
2    2.750   12.500 0 0   0
2    2.833   12.500 0 0   0
2    2.833   12.500 0 0   0
2    2.917   12.500 0 0   0
2    2.917   12.500 0 0   0
2    3.000   12.500 0 0   0
2    3.100   12.500 0 0   0
2    3.100   12.500 0 0   0
2    3.200   12.500 0 0   0
2    3.200   12.500 0 0   0
2    3.200   12.500 0 0   0
2    3.300   12.500 0 0   0
2    3.300   12.500 0 0   0
2    3.400   12.500 0 0   0
2    3.400   12.500 0 0   0
2    3.500   12.500 0 0   0
2    3.500   12.500 0 0   0
2    3.600   12.500 0 0   0
2    3.600   12.500 0 0   0
2    3.700   12.500 0 0   0
2    3.700   12.500 0 0   0
2    3.800   12.500 0 0   0
2    3.800   12.500 0 0   0
2    3.900   12.500 0 0   0
2    3.900   12.500 0 0   0
2    4.000   12.500 0 0   0
2    4.000   12.500 0 0   0
2    4.100   12.500 0 0   0
2    4.100   12.500 0 0   0
2    4.200   12.500 0 0   0
2    4.200   12.500 0 0   0
2    4.300   12.500 0 0   0
2    4.300   12.500 0 0   0
2    4.400   12.500 0 0   0
2    4.400   12.500 0 0   0
2    4.500   12.500 0 0   0
2    4.500   12.500 0 0   0
2    4.600   12.500 0 0   0
2    4.600   12.500 0 0   0
2    4.700   12.500 0 0   0
2    4.700   12.500 0 0   0
2    4.800   12.500 0 0   0
2    4.800   12.500 0 0   0
2    4.900   12.500 0 0   0
2    4.900   12.500 0 0   0
2    5.000   12.500 0 0   0
2    5.000   12.500 0 0   0
2    5.100   12.500 0 0   0
2    5.100   12.500 0 0   0
2    5.200   12.500 0 0   0
2    5.200   12.500 0 0   0
2    5.300   12.500 0 0   0
2    5.300   12.500 0 0   0
2    5.400   12.500 0 0   0
2    5.400   12.500 0 0   0
2    5.500   12.500 0 0   0
2    5.500   12.500 0 0   0
2    5.600   12.500 0 0   0
2    5.600   12.500 0 0   0
2    5.700   12.500 0 0   0
2    5.700   12.500 0 0   0
2    5.800   12.500 0 0   0
2    5.800   12.500 0 0   0
2    5.900   12.500 0 0   0
2    5.900   12.500 0 0   0
2    6.000   12.500 0 0   0
2    6.000   12.500 0 0   0
2    6.100   12.500 0 0   0
2    6.100   12.500 0 0   0
2    6.200   12.500 0 0   0
2    6.200   12.500 0 0   0
2    6.300   12.500 0 0   0
2    6.300   12.500 0 0   0
2    6.400   12.500 0 0   0
2    6.400   12.500 0 0   0
2    6.500   12.500 0 0   0
2    6.500   12.500 0 0   0
2    6.600   12.500 0 0   0
2    6.600   12.500 0 0   0
2    6.700   12.500 0 0   0
2    6.700   12.500 0 0   0
2    6.800   12.500 0 0   0
2    6.800   12.500 0 0   0
2    6.900   12.500 0 0   0
2    6.900   12.500 0 0   0
2    7.000   12.500 0 0   0
2    7.000   12.500 0 0   0
2    7.100   12.500 0 0   0
2    7.100   12.500 0 0   0
2    7.200   12.500 0 0   0
2    7.200   12.500 0 0   0
2    7.300   12.500 0 0   0
2    7.300   12.500 0 0   0
2    7.400   12.500 0 0   0
2    7.400   12.500 0 0   0
6    7.412   12.465    0.000    0.150   1
1
3    7.400   12.500 0 0   0
2    7.500   12.500 0 0   0
2    7.500   12.500 0 0   0
2    7.600   12.500 0 0   0
2    7.600   12.500 0 0   0
2    7.700   12.500 0 0   0
2    7.700   12.500 0 0   0
2    7.800   12.500 0 0   0
2    7.800   12.500 0 0   0
2    7.900   12.500 0 0   0
2    7.900   12.500 0 0   0
2    8.000   12.500 0 0   0
2    8.000   12.500 0 0   0
2    8.100   12.500 0 0   0
2    8.100   12.500 0 0   0
2    8.200   12.500 0 0   0
2    8.200   12.500 0 0   0
2    8.300   12.500 0 0   0
2    8.300   12.500 0 0   0
2    8.400   12.500 0 0   0
2    8.400   12.500 0 0   0
2    8.500   12.500 0 0   0
2    8.500   12.500 0 0   0
2    8.600   12.500 0 0   0
2    8.600   12.500 0 0   0
2    8.700   12.500 0 0   0
2    8.700   12.500 0 0   0
2    8.800   12.500 0 0   0
2    8.800   12.500 0 0   0
2    8.900   12.500 0 0   0
2    8.900   12.500 0 0   0
2    9.000   12.500 0 0   0
2    9.000   12.500 0 0   0
2    9.100   12.500 0 0   0
2    9.100   12.500 0 0   0
2    9.200   12.500 0 0   0
2    9.200   12.500 0 0   0
2    9.300   12.500 0 0   0
2    9.300   12.500 0 0   0
2    9.400   12.500 0 0   0
2    9.400   12.500 0 0   0
2    9.500   12.500 0 0   0
2    9.500   12.500 0 0   0
2    9.600   12.500 0 0   0
2    9.600   12.500 0 0   0
2    9.700   12.500 0 0   0
2    9.700   12.500 0 0   0
2    9.800   12.500 0 0   0
2    9.800   12.500 0 0   0
2    9.900   12.500 0 0   0
2    9.900   12.500 0 0   0
2   10.000   12.500 0 0   0
2   10.000   12.500 0 0   0
2   10.100   12.500 0 0   0
2   10.100   12.500 0 0   0
2   10.200   12.500 0 0   0
2   10.200   12.500 0 0   0
2   10.300   12.500 0 0   0
2   10.300   12.500 0 0   0
2   10.400   12.500 0 0   0
2   10.400   12.500 0 0   0
2   10.500   12.500 0 0   0
2   10.500   12.500 0 0   0
2   10.600   12.500 0 0   0
2   10.600   12.500 0 0   0
2   10.700   12.500 0 0   0
2   10.700   12.500 0 0   0
2   10.800   12.500 0 0   0
2   10.800   12.500 0 0   0
2   10.900   12.500 0 0   0
2   10.900   12.500 0 0   0
2   11.000   12.500 0 0   0
2   11.000   12.500 0 0   0
2   11.100   12.500 0 0   0
2   11.100   12.500 0 0   0
2   11.200   12.500 0 0   0
2   11.200   12.500 0 0   0
2   11.300   12.500 0 0   0
2   11.300   12.500 0 0   0
2   11.400   12.500 0 0   0
2   11.400   12.500 0 0   0
2   11.500   12.500 0 0   0
2   11.500   12.500 0 0   0
2   11.600   12.500 0 0   0
2   11.600   12.500 0 0   0
2   11.700   12.500 0 0   0
2   11.700   12.500 0 0   0
2   11.800   12.500 0 0   0
2   11.800   12.500 0 0   0
2   11.800   12.500 0 0   0
2   11.900   12.500 0 0   0
2   11.900   12.500 0 0   0
2   12.000   12.500 0 0   0
2   12.000   12.500 0 0   0
2   12.083   12.500 0 0   0
2   12.083   12.500 0 0   0
2   12.167   12.500 0 0   0
2   12.167   12.500 0 0   0
2   12.250   12.500 0 0   0
2   12.250   12.500 0 0   0
2   12.333   12.500 0 0   0
2   12.333   12.500 0 0   0
2   12.417   12.500 0 0   0
2   12.417   12.500 0 0   0
2   12.500   12.500 0 0   0
3    2.500   11.737 0 0   0
2    2.500   11.737 0 0   0
2    2.536   11.737 0 0   0
2    2.582   11.737 0 0   0
2    2.639   11.737 0 0   0
2    2.667   11.737 0 0   0
2    2.745   11.737 0 0   0
2    2.747   11.737 0 0   0
2    2.756   11.737 0 0   0
2    2.825   11.736 0 0   0
2    2.844   11.736 0 0   0
2    2.907   11.736 0 0   0
2    2.938   11.736 0 0   0
2    2.993   11.735 0 0   0
2    3.032   11.735 0 0   0
2    3.083   11.735 0 0   0
2    3.128   11.734 0 0   0
2    3.175   11.734 0 0   0
2    3.225   11.733 0 0   0
2    3.270   11.732 0 0   0
2    3.324   11.732 0 0   0
2    3.364   11.731 0 0   0
2    3.423   11.730 0 0   0
2    3.462   11.730 0 0   0
2    3.524   11.729 0 0   0
2    3.558   11.728 0 0   0
2    3.624   11.727 0 0   0
2    3.657   11.726 0 0   0
2    3.726   11.725 0 0   0
2    3.756   11.724 0 0   0
2    3.826   11.723 0 0   0
2    3.856   11.722 0 0   0
2    3.928   11.721 0 0   0
2    3.957   11.720 0 0   0
2    4.029   11.718 0 0   0
2    4.058   11.717 0 0   0
2    4.130   11.716 0 0   0
2    4.160   11.715 0 0   0
2    4.230   11.713 0 0   0
2    4.262   11.712 0 0   0
2    4.329   11.710 0 0   0
2    4.365   11.709 0 0   0
2    4.429   11.707 0 0   0
2    4.468   11.706 0 0   0
2    4.528   11.704 0 0   0
2    4.571   11.702 0 0   0
2    4.626   11.700 0 0   0
2    4.673   11.699 0 0   0
2    4.724   11.697 0 0   0
2    4.776   11.695 0 0   0
2    4.822   11.693 0 0   0
2    4.878   11.691 0 0   0
2    4.920   11.689 0 0   0
2    4.981   11.687 0 0   0
2    5.018   11.685 0 0   0
2    5.084   11.682 0 0   0
2    5.116   11.681 0 0   0
2    5.186   11.678 0 0   0
2    5.213   11.676 0 0   0
2    5.289   11.673 0 0   0
2    5.310   11.672 0 0   0
2    5.392   11.668 0 0   0
2    5.408   11.667 0 0   0
2    5.495   11.663 0 0   0
2    5.505   11.662 0 0   0
2    5.598   11.658 0 0   0
2    5.602   11.657 0 0   0
2    5.657   11.654 0 0   0
2    5.699   11.652 0 0   0
2    5.701   11.652 0 0   0
2    5.796   11.647 0 0   0
2    5.805   11.646 0 0   0
2    5.892   11.641 0 0   0
2    5.908   11.640 0 0   0
2    5.989   11.635 0 0   0
2    6.012   11.634 0 0   0
2    6.086   11.630 0 0   0
2    6.116   11.628 0 0   0
2    6.182   11.624 0 0   0
2    6.219   11.621 0 0   0
2    6.279   11.617 0 0   0
2    6.323   11.614 0 0   0
2    6.375   11.611 0 0   0
2    6.427   11.607 0 0   0
2    6.471   11.604 0 0   0
2    6.531   11.600 0 0   0
2    6.567   11.598 0 0   0
2    6.636   11.593 0 0   0
2    6.663   11.591 0 0   0
2    6.740   11.585 0 0   0
2    6.759   11.584 0 0   0
2    6.845   11.577 0 0   0
2    6.855   11.577 0 0   0
2    6.949   11.569 0 0   0
2    6.951   11.569 0 0   0
2    6.964   11.568 0 0   0
2    7.046   11.562 0 0   0
2    7.054   11.561 0 0   0
2    7.142   11.554 0 0   0
2    7.159   11.553 0 0   0
2    7.237   11.546 0 0   0
2    7.264   11.544 0 0   0
2    7.333   11.538 0 0   0
2    7.369   11.535 0 0   0
2    7.428   11.530 0 0   0
2    7.475   11.526 0 0   0
2    7.523   11.522 0 0   0
2    7.580   11.517 0 0   0
6    7.565   11.480    0.000    0.150   1
2
3    7.580   11.517 0 0   0
2    7.618   11.513 0 0   0
2    7.685   11.507 0 0   0
2    7.713   11.505 0 0   0
2    7.791   11.497 0 0   0
2    7.808   11.496 0 0   0
2    7.897   11.488 0 0   0
2    7.903   11.487 0 0   0
2    7.957   11.482 0 0   0
2    7.998   11.478 0 0   0
2    8.003   11.477 0 0   0
2    8.092   11.469 0 0   0
2    8.109   11.467 0 0   0
2    8.187   11.459 0 0   0
2    8.215   11.457 0 0   0
2    8.282   11.450 0 0   0
2    8.321   11.446 0 0   0
2    8.376   11.441 0 0   0
2    8.427   11.435 0 0   0
2    8.471   11.431 0 0   0
2    8.533   11.424 0 0   0
2    8.565   11.421 0 0   0
2    8.640   11.413 0 0   0
2    8.659   11.411 0 0   0
2    8.746   11.402 0 0   0
2    8.754   11.401 0 0   0
2    8.812   11.395 0 0   0
2    8.848   11.391 0 0   0
2    8.853   11.391 0 0   0
2    8.942   11.381 0 0   0
2    8.959   11.380 0 0   0
2    9.036   11.371 0 0   0
2    9.066   11.368 0 0   0
2    9.131   11.361 0 0   0
2    9.172   11.356 0 0   0
2    9.225   11.351 0 0   0
2    9.279   11.345 0 0   0
2    9.319   11.340 0 0   0
2    9.386   11.333 0 0   0
2    9.413   11.330 0 0   0
2    9.492   11.321 0 0   0
2    9.507   11.320 0 0   0
2    9.599   11.310 0 0   0
2    9.601   11.309 0 0   0
2    9.621   11.307 0 0   0
2    9.696   11.299 0 0   0
2    9.705   11.298 0 0   0
2    9.790   11.289 0 0   0
2    9.811   11.286 0 0   0
2    9.884   11.279 0 0   0
2    9.918   11.275 0 0   0
2    9.978   11.268 0 0   0
2   10.023   11.263 0 0   0
2   10.073   11.258 0 0   0
2   10.129   11.252 0 0   0
2   10.167   11.248 0 0   0
2   10.235   11.241 0 0   0
2   10.262   11.238 0 0   0
2   10.340   11.230 0 0   0
2   10.357   11.228 0 0   0
2   10.445   11.219 0 0   0
2   10.452   11.218 0 0   0
2   10.520   11.211 0 0   0
2   10.547   11.208 0 0   0
2   10.550   11.208 0 0   0
2   10.643   11.199 0 0   0
2   10.655   11.198 0 0   0
2   10.741   11.189 0 0   0
2   10.760   11.187 0 0   0
2   10.838   11.180 0 0   0
2   10.865   11.178 0 0   0
2   10.939   11.171 0 0   0
2   10.972   11.168 0 0   0
2   11.040   11.161 0 0   0
2   11.075   11.158 0 0   0
2   11.150   11.152 0 0   0
2   11.185   11.149 0 0   0
2   11.253   11.143 0 0   0
2   11.280   11.141 0 0   0
2   11.327   11.137 0 0   0
2   11.353   11.135 0 0   0
2   11.370   11.134 0 0   0
2   11.435   11.129 0 0   0
2   11.463   11.127 0 0   0
2   11.527   11.122 0 0   0
2   11.545   11.120 0 0   0
2   11.612   11.116 0 0   0
2   11.638   11.114 0 0   0
2   11.676   11.111 0 0   0
2   11.738   11.107 0 0   0
2   11.740   11.107 0 0   0
2   11.802   11.103 0 0   0
2   11.819   11.102 0 0   0
2   11.865   11.099 0 0   0
2   11.907   11.097 0 0   0
2   11.943   11.095 0 0   0
2   12.005   11.092 0 0   0
2   12.016   11.091 0 0   0
2   12.040   11.090 0 0   0
2   12.096   11.087 0 0   0
2   12.128   11.085 0 0   0
2   12.172   11.084 0 0   0
2   12.237   11.081 0 0   0
2   12.252   11.080 0 0   0
2   12.263   11.080 0 0   0
2   12.334   11.077 0 0   0
2   12.408   11.074 0 0   0
2   12.419   11.074 0 0   0
2   12.432   11.074 0 0   0
2   12.500   11.072 0 0   0
3    2.500   10.964 0 0   0
2    2.500   10.964 0 0   0
2    2.575   10.964 0 0   0
2    2.595   10.964 0 0   0
2    2.620   10.964 0 0   0
2    2.683   10.963 0 0   0
2    2.753   10.963 0 0   0
2    2.766   10.963 0 0   0
2    2.773   10.963 0 0   0
2    2.858   10.962 0 0   0
2    2.892   10.962 0 0   0
2    2.939   10.961 0 0   0
2    3.012   10.960 0 0   0
2    3.019   10.960 0 0   0
2    3.034   10.959 0 0   0
2    3.105   10.958 0 0   0
2    3.141   10.957 0 0   0
2    3.190   10.956 0 0   0
2    3.255   10.955 0 0   0
2    3.280   10.954 0 0   0
2    3.355   10.952 0 0   0
2    3.378   10.951 0 0   0
2    3.455   10.949 0 0   0
2    3.466   10.949 0 0   0
2    3.506   10.948 0 0   0
2    3.551   10.946 0 0   0
2    3.561   10.946 0 0   0
2    3.628   10.943 0 0   0
2    3.645   10.943 0 0   0
2    3.717   10.940 0 0   0
2    3.734   10.939 0 0   0
2    3.740   10.939 0 0   0
2    3.807   10.936 0 0   0
2    3.867   10.934 0 0   0
2    3.901   10.932 0 0   0
2    3.984   10.928 0 0   0
2    3.997   10.928 0 0   0
2    4.069   10.924 0 0   0
2    4.094   10.923 0 0   0
2    4.099   10.922 0 0   0
2    4.191   10.917 0 0   0
2    4.211   10.916 0 0   0
2    4.287   10.912 0 0   0
2    4.320   10.910 0 0   0
2    4.383   10.906 0 0   0
2    4.428   10.903 0 0   0
2    4.477   10.900 0 0   0
2    4.534   10.896 0 0   0
2    4.573   10.894 0 0   0
2    4.640   10.889 0 0   0
2    4.667   10.887 0 0   0
2    4.745   10.882 0 0   0
2    4.761   10.880 0 0   0
2    4.851   10.874 0 0   0
2    4.855   10.873 0 0   0
2    4.895   10.870 0 0   0
2    4.950   10.866 0 0   0
2    4.956   10.865 0 0   0
2    5.044   10.858 0 0   0
2    5.061   10.856 0 0   0
2    5.138   10.850 0 0   0
2    5.167   10.847 0 0   0
2    5.232   10.841 0 0   0
2    5.273   10.838 0 0   0
2    5.327   10.832 0 0   0
2    5.379   10.828 0 0   0
2    5.421   10.823 0 0   0
2    5.485   10.817 0 0   0
2    5.515   10.814 0 0   0
2    5.591   10.806 0 0   0
2    5.609   10.804 0 0   0
2    5.697   10.795 0 0   0
2    5.703   10.794 0 0   0
2    5.744   10.790 0 0   0
2    5.797   10.784 0 0   0
2    5.804   10.783 0 0   0
2    5.890   10.774 0 0   0
2    5.911   10.771 0 0   0
2    5.984   10.763 0 0   0
2    6.019   10.759 0 0   0
2    6.078   10.752 0 0   0
2    6.126   10.746 0 0   0
2    6.171   10.740 0 0   0
2    6.234   10.732 0 0   0
2    6.264   10.728 0 0   0
2    6.342   10.718 0 0   0
2    6.357   10.717 0 0   0
2    6.448   10.704 0 0   0
2    6.450   10.704 0 0   0
2    6.450   10.704 0 0   0
2    6.543   10.692 0 0   0
2    6.559   10.689 0 0   0
2    6.635   10.679 0 0   0
2    6.668   10.674 0 0   0
2    6.728   10.666 0 0   0
2    6.777   10.659 0 0   0
2    6.820   10.652 0 0   0
2    6.886   10.643 0 0   0
2    6.912   10.639 0 0   0
2    6.995   10.626 0 0   0
2    7.004   10.625 0 0   0
2    7.047   10.618 0 0   0
2    7.096   10.611 0 0   0
2    7.105   10.609 0 0   0
2    7.187   10.596 0 0   0
2    7.215   10.592 0 0   0
2    7.279   10.582 0 0   0
2    7.326   10.574 0 0   0
2    7.370   10.567 0 0   0
2    7.436   10.556 0 0   0
2    7.462   10.552 0 0   0
2    7.547   10.537 0 0   0
6    7.519   10.501    0.000    0.150   1
3
3    7.547   10.537 0 0   0
2    7.553   10.536 0 0   0
2    7.579   10.532 0 0   0
2    7.644   10.521 0 0   0
2    7.658   10.518 0 0   0
2    7.735   10.505 0 0   0
2    7.769   10.499 0 0   0
2    7.825   10.489 0 0   0
2    7.881   10.479 0 0   0
2    7.916   10.473 0 0   0
2    7.992   10.459 0 0   0
2    8.007   10.457 0 0   0
2    8.067   10.445 0 0   0
2    8.097   10.440 0 0   0
2    8.104   10.439 0 0   0
2    8.187   10.423 0 0   0
2    8.216   10.418 0 0   0
2    8.278   10.406 0 0   0
2    8.328   10.397 0 0   0
2    8.368   10.389 0 0   0
2    8.441   10.376 0 0   0
2    8.458   10.372 0 0   0
2    8.528   10.359 0 0   0
2    8.548   10.355 0 0   0
2    8.553   10.354 0 0   0
2    8.638   10.338 0 0   0
2    8.666   10.332 0 0   0
2    8.728   10.320 0 0   0
2    8.779   10.310 0 0   0
2    8.818   10.303 0 0   0
2    8.892   10.288 0 0   0
2    8.908   10.285 0 0   0
2    8.973   10.273 0 0   0
2    8.998   10.267 0 0   0
2    9.005   10.266 0 0   0
2    9.088   10.250 0 0   0
2    9.118   10.244 0 0   0
2    9.178   10.232 0 0   0
2    9.231   10.222 0 0   0
2    9.268   10.214 0 0   0
2    9.344   10.199 0 0   0
2    9.358   10.197 0 0   0
2    9.412   10.186 0 0   0
2    9.448   10.179 0 0   0
2    9.458   10.177 0 0   0
2    9.538   10.161 0 0   0
2    9.570   10.155 0 0   0
2    9.628   10.144 0 0   0
2    9.683   10.133 0 0   0
2    9.718   10.126 0 0   0
2    9.795   10.111 0 0   0
2    9.808   10.109 0 0   0
2    9.857   10.100 0 0   0
2    9.898   10.092 0 0   0
2    9.908   10.090 0 0   0
2    9.987   10.075 0 0   0
2   10.020   10.069 0 0   0
2   10.077   10.058 0 0   0
2   10.132   10.048 0 0   0
2   10.166   10.041 0 0   0
2   10.243   10.027 0 0   0
2   10.256   10.025 0 0   0
2   10.307   10.016 0 0   0
2   10.345   10.009 0 0   0
2   10.354   10.007 0 0   0
2   10.433    9.993 0 0   0
2   10.465    9.988 0 0   0
2   10.521    9.978 0 0   0
2   10.575    9.969 0 0   0
2   10.609    9.963 0 0   0
2   10.684    9.950 0 0   0
2   10.696    9.948 0 0   0
2   10.742    9.941 0 0   0
2   10.783    9.934 0 0   0
2   10.794    9.933 0 0   0
2   10.871    9.920 0 0   0
2   10.903    9.915 0 0   0
2   10.959    9.907 0 0   0
2   11.012    9.899 0 0   0
2   11.052    9.893 0 0   0
2   11.125    9.882 0 0   0
2   11.140    9.880 0 0   0
2   11.170    9.876 0 0   0
2   11.225    9.868 0 0   0
2   11.260    9.863 0 0   0
2   11.309    9.857 0 0   0
2   11.383    9.847 0 0   0
2   11.390    9.846 0 0   0
2   11.402    9.845 0 0   0
2   11.471    9.836 0 0   0
2   11.510    9.831 0 0   0
2   11.552    9.826 0 0   0
2   11.625    9.818 0 0   0
2   11.631    9.817 0 0   0
2   11.635    9.817 0 0   0
2   11.711    9.809 0 0   0
2   11.763    9.803 0 0   0
2   11.791    9.801 0 0   0
2   11.841    9.796 0 0   0
2   11.870    9.793 0 0   0
2   11.887    9.791 0 0   0
2   11.950    9.786 0 0   0
2   12.009    9.780 0 0   0
2   12.031    9.779 0 0   0
2   12.074    9.775 0 0   0
2   12.113    9.772 0 0   0
2   12.132    9.771 0 0   0
2   12.210    9.765 0 0   0
2   12.255    9.762 0 0   0
2   12.302    9.759 0 0   0
2   12.366    9.756 0 0   0
2   12.398    9.754 0 0   0
2   12.441    9.752 0 0   0
2   12.500    9.749 0 0   0
3    2.500   10.169 0 0   0
2    2.500   10.169 0 0   0
2    2.578   10.168 0 0   0
2    2.586   10.168 0 0   0
2    2.596   10.168 0 0   0
2    2.670   10.168 0 0   0
2    2.728   10.167 0 0   0
2    2.754   10.167 0 0   0
2    2.788   10.167 0 0   0
2    2.840   10.166 0 0   0
2    2.876   10.165 0 0   0
2    2.927   10.164 0 0   0
2    3.010   10.162 0 0   0
2    3.013   10.162 0 0   0
2    3.014   10.162 0 0   0
2    3.100   10.160 0 0   0
2    3.137   10.159 0 0   0
2    3.187   10.157 0 0   0
2    3.249   10.155 0 0   0
2    3.270   10.154 0 0   0
2    3.358   10.151 0 0   0
2    3.361   10.151 0 0   0
2    3.380   10.150 0 0   0
2    3.445   10.147 0 0   0
2    3.452   10.147 0 0   0
2    3.538   10.143 0 0   0
2    3.549   10.142 0 0   0
2    3.629   10.138 0 0   0
2    3.638   10.137 0 0   0
2    3.727   10.132 0 0   0
2    3.729   10.132 0 0   0
2    3.754   10.131 0 0   0
2    3.816   10.127 0 0   0
2    3.823   10.126 0 0   0
2    3.905   10.121 0 0   0
2    3.922   10.120 0 0   0
2    3.992   10.115 0 0   0
2    4.021   10.113 0 0   0
2    4.080   10.108 0 0   0
2    4.121   10.105 0 0   0
2    4.167   10.101 0 0   0
2    4.222   10.097 0 0   0
2    4.256   10.094 0 0   0
2    4.324   10.088 0 0   0
2    4.344   10.086 0 0   0
2    4.426   10.079 0 0   0
2    4.433   10.078 0 0   0
2    4.472   10.074 0 0   0
2    4.521   10.069 0 0   0
2    4.529   10.069 0 0   0
2    4.610   10.060 0 0   0
2    4.633   10.058 0 0   0
2    4.700   10.051 0 0   0
2    4.737   10.047 0 0   0
2    4.789   10.041 0 0   0
2    4.842   10.035 0 0   0
2    4.879   10.031 0 0   0
2    4.948   10.023 0 0   0
2    4.970   10.020 0 0   0
2    5.055   10.010 0 0   0
2    5.061   10.009 0 0   0
2    5.092   10.005 0 0   0
2    5.151    9.997 0 0   0
2    5.162    9.996 0 0   0
2    5.242    9.985 0 0   0
2    5.270    9.982 0 0   0
2    5.333    9.973 0 0   0
2    5.378    9.967 0 0   0
2    5.424    9.960 0 0   0
2    5.487    9.951 0 0   0
2    5.515    9.947 0 0   0
2    5.596    9.935 0 0   0
2    5.606    9.933 0 0   0
2    5.660    9.925 0 0   0
2    5.698    9.919 0 0   0
2    5.705    9.918 0 0   0
2    5.789    9.905 0 0   0
2    5.816    9.900 0 0   0
2    5.880    9.890 0 0   0
2    5.926    9.882 0 0   0
2    5.971    9.874 0 0   0
2    6.037    9.863 0 0   0
2    6.061    9.859 0 0   0
2    6.148    9.843 0 0   0
2    6.152    9.843 0 0   0
2    6.166    9.840 0 0   0
2    6.242    9.826 0 0   0
2    6.260    9.823 0 0   0
2    6.332    9.810 0 0   0
2    6.372    9.802 0 0   0
2    6.422    9.793 0 0   0
2    6.485    9.781 0 0   0
2    6.512    9.775 0 0   0
2    6.598    9.759 0 0   0
2    6.602    9.758 0 0   0
2    6.619    9.754 0 0   0
2    6.692    9.740 0 0   0
2    6.711    9.736 0 0   0
2    6.781    9.721 0 0   0
2    6.824    9.712 0 0   0
2    6.870    9.703 0 0   0
2    6.938    9.688 0 0   0
2    6.959    9.684 0 0   0
2    7.032    9.668 0 0   0
2    7.048    9.665 0 0   0
2    7.053    9.664 0 0   0
2    7.137    9.645 0 0   0
2    7.167    9.638 0 0   0
2    7.225    9.625 0 0   0
2    7.282    9.613 0 0   0
2    7.314    9.605 0 0   0
2    7.397    9.586 0 0   0
2    7.402    9.585 0 0   0
2    7.417    9.582 0 0   0
2    7.490    9.565 0 0   0
2    7.513    9.559 0 0   0
2    7.578    9.544 0 0   0
6    7.575    9.502    0.000    0.150   1
4
3    7.578    9.544 0 0   0
2    7.629    9.532 0 0   0
2    7.666    9.523 0 0   0
2    7.745    9.504 0 0   0
2    7.754    9.502 0 0   0
2    7.781    9.496 0 0   0
2    7.842    9.481 0 0   0
2    7.862    9.476 0 0   0
2    7.930    9.459 0 0   0
2    7.979    9.447 0 0   0
2    8.017    9.438 0 0   0
2    8.096    9.418 0 0   0
2    8.105    9.416 0 0   0
2    8.130    9.410 0 0   0
2    8.192    9.394 0 0   0
2    8.214    9.389 0 0   0
2    8.280    9.372 0 0   0
2    8.332    9.359 0 0   0
2    8.367    9.350 0 0   0
2    8.450    9.329 0 0   0
2    8.455    9.328 0 0   0
2    8.467    9.325 0 0   0
2    8.542    9.306 0 0   0
2    8.569    9.299 0 0   0
2    8.629    9.283 0 0   0
2    8.688    9.269 0 0   0
2    8.717    9.261 0 0   0
2    8.796    9.241 0 0   0
2    8.804    9.239 0 0   0
2    8.807    9.238 0 0   0
2    8.891    9.217 0 0   0
2    8.926    9.208 0 0   0
2    8.979    9.194 0 0   0
2    9.046    9.177 0 0   0
2    9.066    9.172 0 0   0
2    9.118    9.159 0 0   0
2    9.153    9.150 0 0   0
2    9.165    9.147 0 0   0
2    9.239    9.128 0 0   0
2    9.285    9.117 0 0   0
2    9.326    9.106 0 0   0
2    9.403    9.087 0 0   0
2    9.413    9.085 0 0   0
2    9.439    9.078 0 0   0
2    9.499    9.063 0 0   0
2    9.521    9.058 0 0   0
2    9.585    9.042 0 0   0
2    9.637    9.030 0 0   0
2    9.671    9.021 0 0   0
2    9.752    9.002 0 0   0
2    9.756    9.001 0 0   0
2    9.768    8.998 0 0   0
2    9.842    8.980 0 0   0
2    9.866    8.975 0 0   0
2    9.926    8.961 0 0   0
2    9.978    8.949 0 0   0
2   10.011    8.941 0 0   0
2   10.087    8.924 0 0   0
2   10.095    8.922 0 0   0
2   10.123    8.916 0 0   0
2   10.179    8.903 0 0   0
2   10.195    8.899 0 0   0
2   10.261    8.885 0 0   0
2   10.299    8.877 0 0   0
2   10.343    8.867 0 0   0
2   10.402    8.855 0 0   0
2   10.424    8.850 0 0   0
2   10.502    8.834 0 0   0
2   10.504    8.833 0 0   0
2   10.512    8.832 0 0   0
2   10.583    8.817 0 0   0
2   10.602    8.814 0 0   0
2   10.662    8.802 0 0   0
2   10.700    8.794 0 0   0
2   10.740    8.786 0 0   0
2   10.798    8.775 0 0   0
2   10.819    8.772 0 0   0
2   10.898    8.757 0 0   0
2   10.899    8.757 0 0   0
2   10.904    8.756 0 0   0
2   10.980    8.743 0 0   0
2   10.997    8.740 0 0   0
2   11.066    8.728 0 0   0
2   11.105    8.721 0 0   0
2   11.156    8.713 0 0   0
2   11.194    8.707 0 0   0
2   11.264    8.695 0 0   0
2   11.266    8.695 0 0   0
2   11.267    8.695 0 0   0
2   11.352    8.682 0 0   0
2   11.422    8.672 0 0   0
2   11.429    8.671 0 0   0
2   11.440    8.669 0 0   0
2   11.505    8.660 0 0   0
2   11.553    8.654 0 0   0
2   11.583    8.650 0 0   0
2   11.630    8.644 0 0   0
2   11.661    8.640 0 0   0
2   11.683    8.638 0 0   0
2   11.741    8.631 0 0   0
2   11.813    8.622 0 0   0
2   11.820    8.622 0 0   0
2   11.832    8.620 0 0   0
2   11.900    8.613 0 0   0
2   11.942    8.609 0 0   0
2   11.980    8.605 0 0   0
2   12.049    8.599 0 0   0
2   12.063    8.598 0 0   0
2   12.071    8.597 0 0   0
2   12.144    8.591 0 0   0
2   12.199    8.586 0 0   0
2   12.231    8.584 0 0   0
2   12.297    8.579 0 0   0
2   12.318    8.578 0 0   0
2   12.329    8.577 0 0   0
2   12.410    8.572 0 0   0
2   12.460    8.570 0 0   0
2   12.500    8.567 0 0   0
3    2.500    9.338 0 0   0
2    2.500    9.338 0 0   0
2    2.516    9.338 0 0   0
2    2.580    9.338 0 0   0
2    2.644    9.337 0 0   0
2    2.660    9.337 0 0   0
2    2.676    9.337 0 0   0
2    2.737    9.336 0 0   0
2    2.807    9.335 0 0   0
2    2.814    9.335 0 0   0
2    2.819    9.335 0 0   0
2    2.890    9.333 0 0   0
2    2.935    9.332 0 0   0
2    2.966    9.331 0 0   0
2    3.035    9.329 0 0   0
2    3.045    9.328 0 0   0
2    3.049    9.328 0 0   0
2    3.122    9.325 0 0   0
2    3.155    9.324 0 0   0
2    3.203    9.322 0 0   0
2    3.264    9.319 0 0   0
2    3.285    9.318 0 0   0
2    3.364    9.314 0 0   0
2    3.369    9.314 0 0   0
2    3.384    9.313 0 0   0
2    3.461    9.308 0 0   0
2    3.477    9.307 0 0   0
2    3.551    9.303 0 0   0
2    3.568    9.302 0 0   0
2    3.651    9.296 0 0   0
2    3.655    9.295 0 0   0
2    3.656    9.295 0 0   0
2    3.741    9.289 0 0   0
2    3.752    9.288 0 0   0
2    3.827    9.282 0 0   0
2    3.845    9.280 0 0   0
2    3.913    9.274 0 0   0
2    3.942    9.272 0 0   0
2    4.000    9.266 0 0   0
2    4.038    9.262 0 0   0
2    4.087    9.258 0 0   0
2    4.137    9.252 0 0   0
2    4.175    9.248 0 0   0
2    4.237    9.242 0 0   0
2    4.262    9.239 0 0   0
2    4.338    9.230 0 0   0
2    4.350    9.229 0 0   0
2    4.425    9.220 0 0   0
2    4.437    9.218 0 0   0
2    4.439    9.218 0 0   0
2    4.525    9.207 0 0   0
2    4.542    9.205 0 0   0
2    4.613    9.196 0 0   0
2    4.646    9.191 0 0   0
2    4.701    9.184 0 0   0
2    4.751    9.177 0 0   0
2    4.790    9.171 0 0   0
2    4.857    9.161 0 0   0
2    4.878    9.158 0 0   0
2    4.963    9.145 0 0   0
2    4.967    9.144 0 0   0
2    4.982    9.142 0 0   0
2    5.055    9.130 0 0   0
2    5.071    9.128 0 0   0
2    5.144    9.116 0 0   0
2    5.180    9.110 0 0   0
2    5.233    9.100 0 0   0
2    5.289    9.091 0 0   0
2    5.322    9.085 0 0   0
2    5.399    9.071 0 0   0
2    5.411    9.069 0 0   0
2    5.458    9.060 0 0   0
2    5.499    9.052 0 0   0
2    5.510    9.050 0 0   0
2    5.589    9.035 0 0   0
2    5.622    9.029 0 0   0
2    5.677    9.018 0 0   0
2    5.734    9.007 0 0   0
2    5.766    9.000 0 0   0
2    5.847    8.983 0 0   0
2    5.855    8.982 0 0   0
2    5.883    8.976 0 0   0
2    5.944    8.963 0 0   0
2    5.961    8.959 0 0   0
2    6.032    8.944 0 0   0
2    6.075    8.935 0 0   0
2    6.120    8.924 0 0   0
2    6.190    8.909 0 0   0
2    6.209    8.905 0 0   0
2    6.271    8.890 0 0   0
2    6.297    8.884 0 0   0
2    6.305    8.882 0 0   0
2    6.385    8.864 0 0   0
2    6.421    8.855 0 0   0
2    6.472    8.843 0 0   0
2    6.537    8.827 0 0   0
2    6.560    8.822 0 0   0
2    6.630    8.804 0 0   0
2    6.647    8.800 0 0   0
2    6.653    8.798 0 0   0
2    6.735    8.778 0 0   0
2    6.771    8.769 0 0   0
2    6.822    8.756 0 0   0
2    6.888    8.739 0 0   0
2    6.909    8.733 0 0   0
2    6.968    8.718 0 0   0
2    6.996    8.711 0 0   0
2    7.006    8.708 0 0   0
2    7.083    8.688 0 0   0
2    7.124    8.677 0 0   0
2    7.169    8.665 0 0   0
2    7.243    8.645 0 0   0
2    7.256    8.641 0 0   0
2    7.290    8.632 0 0   0
2    7.342    8.618 0 0   0
2    7.362    8.612 0 0   0
2    7.429    8.594 0 0   0
2    7.482    8.579 0 0   0
2    7.515    8.570 0 0   0
2    7.601    8.546 0 0   0
2    7.601    8.546 0 0   0
2    7.601    8.546 0 0   0
6    7.618    8.497    0.000    0.150   1
5
3    7.601    8.546 0 0   0
2    7.687    8.521 0 0   0
2    7.722    8.512 0 0   0
2    7.774    8.497 0 0   0
2    7.843    8.477 0 0   0
2    7.860    8.472 0 0   0
2    7.903    8.460 0 0   0
2    7.946    8.448 0 0   0
2    7.964    8.443 0 0   0
2    8.032    8.423 0 0   0
2    8.086    8.408 0 0   0
2    8.119    8.398 0 0   0
2    8.197    8.376 0 0   0
2    8.205    8.373 0 0   0
2    8.209    8.372 0 0   0
2    8.292    8.348 0 0   0
2    8.333    8.337 0 0   0
2    8.379    8.323 0 0   0
2    8.458    8.301 0 0   0
2    8.466    8.298 0 0   0
2    8.483    8.293 0 0   0
2    8.553    8.273 0 0   0
2    8.586    8.264 0 0   0
2    8.640    8.248 0 0   0
2    8.714    8.227 0 0   0
2    8.726    8.224 0 0   0
2    8.751    8.217 0 0   0
2    8.813    8.199 0 0   0
2    8.844    8.190 0 0   0
2    8.899    8.175 0 0   0
2    8.974    8.154 0 0   0
2    8.985    8.151 0 0   0
2    9.005    8.145 0 0   0
2    9.069    8.128 0 0   0
2    9.104    8.118 0 0   0
2    9.153    8.104 0 0   0
2    9.230    8.083 0 0   0
2    9.236    8.082 0 0   0
2    9.246    8.079 0 0   0
2    9.319    8.059 0 0   0
2    9.356    8.049 0 0   0
2    9.400    8.037 0 0   0
2    9.478    8.017 0 0   0
2    9.483    8.016 0 0   0
2    9.492    8.013 0 0   0
2    9.564    7.994 0 0   0
2    9.598    7.986 0 0   0
2    9.646    7.973 0 0   0
2    9.715    7.956 0 0   0
2    9.726    7.953 0 0   0
2    9.752    7.946 0 0   0
2    9.807    7.933 0 0   0
2    9.830    7.927 0 0   0
2    9.887    7.913 0 0   0
2    9.944    7.899 0 0   0
2    9.967    7.893 0 0   0
2   10.024    7.880 0 0   0
2   10.047    7.874 0 0   0
2   10.056    7.872 0 0   0
2   10.126    7.856 0 0   0
2   10.166    7.847 0 0   0
2   10.205    7.838 0 0   0
2   10.277    7.822 0 0   0
2   10.283    7.820 0 0   0
2   10.300    7.817 0 0   0
2   10.360    7.804 0 0   0
2   10.384    7.798 0 0   0
2   10.437    7.787 0 0   0
2   10.495    7.775 0 0   0
2   10.512    7.771 0 0   0
2   10.553    7.763 0 0   0
2   10.585    7.756 0 0   0
2   10.597    7.754 0 0   0
2   10.642    7.745 0 0   0
2   10.690    7.735 0 0   0
2   10.701    7.733 0 0   0
2   10.760    7.722 0 0   0
2   10.770    7.720 0 0   0
2   10.827    7.709 0 0   0
2   10.839    7.707 0 0   0
2   10.908    7.695 0 0   0
2   10.911    7.694 0 0   0
2   10.911    7.694 0 0   0
2   10.985    7.681 0 0   0
2   10.998    7.679 0 0   0
2   11.054    7.670 0 0   0
2   11.090    7.663 0 0   0
2   11.121    7.658 0 0   0
2   11.187    7.648 0 0   0
2   11.194    7.647 0 0   0
2   11.198    7.646 0 0   0
2   11.262    7.636 0 0   0
2   11.316    7.628 0 0   0
2   11.336    7.625 0 0   0
2   11.366    7.621 0 0   0
2   11.411    7.615 0 0   0
2   11.441    7.611 0 0   0
2   11.488    7.604 0 0   0
2   11.557    7.595 0 0   0
2   11.565    7.594 0 0   0
2   11.570    7.593 0 0   0
2   11.644    7.584 0 0   0
2   11.700    7.578 0 0   0
2   11.723    7.575 0 0   0
2   11.760    7.571 0 0   0
2   11.803    7.566 0 0   0
2   11.829    7.563 0 0   0
2   11.883    7.558 0 0   0
2   11.956    7.551 0 0   0
2   11.964    7.550 0 0   0
2   11.979    7.549 0 0   0
2   12.045    7.543 0 0   0
2   12.080    7.540 0 0   0
2   12.124    7.536 0 0   0
2   12.199    7.530 0 0   0
2   12.204    7.530 0 0   0
2   12.212    7.529 0 0   0
2   12.280    7.525 0 0   0
2   12.312    7.523 0 0   0
2   12.356    7.520 0 0   0
2   12.427    7.516 0 0   0
2   12.431    7.516 0 0   0
2   12.438    7.515 0 0   0
2   12.500    7.512 0 0   0
3    2.500    8.455 0 0   0
2    2.500    8.455 0 0   0
2    2.519    8.455 0 0   0
2    2.575    8.455 0 0   0
2    2.629    8.455 0 0   0
2    2.652    8.454 0 0   0
2    2.717    8.453 0 0   0
2    2.731    8.453 0 0   0
2    2.735    8.453 0 0   0
2    2.814    8.451 0 0   0
2    2.845    8.451 0 0   0
2    2.896    8.449 0 0   0
2    2.954    8.447 0 0   0
2    2.980    8.446 0 0   0
2    3.062    8.443 0 0   0
2    3.063    8.443 0 0   0
2    3.063    8.443 0 0   0
2    3.146    8.439 0 0   0
2    3.171    8.438 0 0   0
2    3.229    8.434 0 0   0
2    3.277    8.432 0 0   0
2    3.312    8.430 0 0   0
2    3.381    8.425 0 0   0
2    3.393    8.424 0 0   0
2    3.439    8.421 0 0   0
2    3.475    8.418 0 0   0
2    3.483    8.418 0 0   0
2    3.554    8.412 0 0   0
2    3.581    8.410 0 0   0
2    3.634    8.405 0 0   0
2    3.677    8.401 0 0   0
2    3.715    8.398 0 0   0
2    3.771    8.393 0 0   0
2    3.796    8.390 0 0   0
2    3.865    8.383 0 0   0
2    3.882    8.381 0 0   0
2    3.958    8.373 0 0   0
2    3.968    8.372 0 0   0
2    4.051    8.362 0 0   0
2    4.063    8.361 0 0   0
2    4.143    8.351 0 0   0
2    4.163    8.348 0 0   0
2    4.232    8.339 0 0   0
2    4.266    8.335 0 0   0
2    4.321    8.327 0 0   0
2    4.371    8.320 0 0   0
2    4.409    8.315 0 0   0
2    4.475    8.305 0 0   0
2    4.496    8.302 0 0   0
2    4.580    8.289 0 0   0
2    4.583    8.288 0 0   0
2    4.602    8.285 0 0   0
2    4.671    8.274 0 0   0
2    4.685    8.272 0 0   0
2    4.758    8.259 0 0   0
2    4.791    8.253 0 0   0
2    4.845    8.244 0 0   0
2    4.898    8.235 0 0   0
2    4.933    8.228 0 0   0
2    5.006    8.215 0 0   0
2    5.020    8.212 0 0   0
2    5.080    8.201 0 0   0
2    5.108    8.195 0 0   0
2    5.115    8.194 0 0   0
2    5.196    8.178 0 0   0
2    5.225    8.172 0 0   0
2    5.284    8.160 0 0   0
2    5.337    8.149 0 0   0
2    5.372    8.141 0 0   0
2    5.449    8.125 0 0   0
2    5.460    8.122 0 0   0
2    5.497    8.114 0 0   0
2    5.548    8.103 0 0   0
2    5.562    8.100 0 0   0
2    5.635    8.083 0 0   0
2    5.676    8.074 0 0   0
2    5.723    8.063 0 0   0
2    5.791    8.047 0 0   0
2    5.810    8.042 0 0   0
2    5.872    8.028 0 0   0
2    5.898    8.021 0 0   0
2    5.906    8.019 0 0   0
2    5.985    8.000 0 0   0
2    6.022    7.991 0 0   0
2    6.072    7.978 0 0   0
2    6.139    7.961 0 0   0
2    6.159    7.956 0 0   0
2    6.216    7.941 0 0   0
2    6.246    7.933 0 0   0
2    6.256    7.931 0 0   0
2    6.333    7.911 0 0   0
2    6.374    7.900 0 0   0
2    6.419    7.887 0 0   0
2    6.493    7.868 0 0   0
2    6.506    7.864 0 0   0
2    6.540    7.855 0 0   0
2    6.592    7.840 0 0   0
2    6.612    7.835 0 0   0
2    6.678    7.817 0 0   0
2    6.731    7.802 0 0   0
2    6.764    7.792 0 0   0
2    6.850    7.768 0 0   0
2    6.850    7.768 0 0   0
2    6.850    7.768 0 0   0
2    6.936    7.744 0 0   0
2    6.970    7.734 0 0   0
2    7.022    7.719 0 0   0
2    7.090    7.699 0 0   0
2    7.108    7.694 0 0   0
2    7.150    7.682 0 0   0
2    7.193    7.669 0 0   0
2    7.211    7.664 0 0   0
2    7.279    7.644 0 0   0
2    7.332    7.628 0 0   0
2    7.365    7.619 0 0   0
2    7.445    7.595 0 0   0
2    7.450    7.593 0 0   0
2    7.452    7.593 0 0   0
6    7.468    7.544    0.000    0.150   1
6
3    7.452    7.593 0 0   0
2    7.536    7.568 0 0   0
2    7.573    7.557 0 0   0
2    7.622    7.542 0 0   0
2    7.694    7.521 0 0   0
2    7.708    7.517 0 0   0
2    7.743    7.506 0 0   0
2    7.794    7.491 0 0   0
2    7.814    7.485 0 0   0
2    7.880    7.465 0 0   0
2    7.934    7.449 0 0   0
2    7.966    7.439 0 0   0
2    8.050    7.415 0 0   0
2    8.053    7.414 0 0   0
2    8.054    7.413 0 0   0
2    8.140    7.388 0 0   0
2    8.174    7.378 0 0   0
2    8.228    7.362 0 0   0
2    8.293    7.343 0 0   0
2    8.316    7.336 0 0   0
2    8.383    7.316 0 0   0
2    8.404    7.310 0 0   0
2    8.411    7.308 0 0   0
2    8.492    7.285 0 0   0
2    8.528    7.274 0 0   0
2    8.580    7.259 0 0   0
2    8.642    7.242 0 0   0
2    8.668    7.234 0 0   0
2    8.751    7.211 0 0   0
2    8.755    7.210 0 0   0
2    8.756    7.209 0 0   0
2    8.840    7.186 0 0   0
2    8.867    7.178 0 0   0
2    8.924    7.162 0 0   0
2    8.982    7.146 0 0   0
2    9.008    7.139 0 0   0
2    9.070    7.122 0 0   0
2    9.089    7.117 0 0   0
2    9.098    7.115 0 0   0
2    9.172    7.095 0 0   0
2    9.217    7.083 0 0   0
2    9.252    7.074 0 0   0
2    9.331    7.053 0 0   0
2    9.333    7.053 0 0   0
2    9.334    7.053 0 0   0
2    9.412    7.033 0 0   0
2    9.449    7.023 0 0   0
2    9.492    7.013 0 0   0
2    9.562    6.995 0 0   0
2    9.571    6.993 0 0   0
2    9.593    6.987 0 0   0
2    9.650    6.973 0 0   0
2    9.673    6.968 0 0   0
2    9.730    6.954 0 0   0
2    9.783    6.942 0 0   0
2    9.810    6.935 0 0   0
2    9.890    6.917 0 0   0
2    9.891    6.917 0 0   0
2    9.894    6.916 0 0   0
2    9.972    6.898 0 0   0
2    9.997    6.893 0 0   0
2   10.054    6.880 0 0   0
2   10.101    6.870 0 0   0
2   10.137    6.863 0 0   0
2   10.206    6.848 0 0   0
2   10.221    6.845 0 0   0
2   10.292    6.830 0 0   0
2   10.305    6.827 0 0   0
2   10.308    6.827 0 0   0
2   10.393    6.810 0 0   0
2   10.411    6.806 0 0   0
2   10.482    6.793 0 0   0
2   10.512    6.787 0 0   0
2   10.577    6.775 0 0   0
2   10.620    6.767 0 0   0
2   10.668    6.758 0 0   0
2   10.745    6.745 0 0   0
2   10.757    6.743 0 0   0
2   10.794    6.737 0 0   0
2   10.841    6.729 0 0   0
2   10.858    6.726 0 0   0
2   10.921    6.716 0 0   0
2   10.982    6.706 0 0   0
2   11.000    6.703 0 0   0
2   11.034    6.698 0 0   0
2   11.078    6.691 0 0   0
2   11.104    6.687 0 0   0
2   11.157    6.680 0 0   0
2   11.229    6.670 0 0   0
2   11.236    6.669 0 0   0
2   11.248    6.667 0 0   0
2   11.315    6.658 0 0   0
2   11.355    6.653 0 0   0
2   11.394    6.648 0 0   0
2   11.462    6.640 0 0   0
2   11.474    6.638 0 0   0
2   11.481    6.637 0 0   0
2   11.556    6.629 0 0   0
2   11.609    6.623 0 0   0
2   11.637    6.620 0 0   0
2   11.691    6.614 0 0   0
2   11.721    6.611 0 0   0
2   11.736    6.609 0 0   0
2   11.804    6.603 0 0   0
2   11.867    6.597 0 0   0
2   11.891    6.595 0 0   0
2   11.937    6.591 0 0   0
2   11.977    6.588 0 0   0
2   11.998    6.586 0 0   0
2   12.068    6.581 0 0   0
2   12.135    6.576 0 0   0
2   12.157    6.574 0 0   0
2   12.183    6.572 0 0   0
2   12.245    6.569 0 0   0
2   12.318    6.564 0 0   0
2   12.331    6.564 0 0   0
2   12.343    6.563 0 0   0
2   12.415    6.559 0 0   0
2   12.497    6.556 0 0   0
2   12.500    6.555 0 0   0
3    2.500    7.500 0 0   0
2    2.500    7.500 0 0   0
2    2.564    7.500 0 0   0
2    2.590    7.500 0 0   0
2    2.639    7.499 0 0   0
2    2.674    7.499 0 0   0
2    2.686    7.498 0 0   0
2    2.742    7.497 0 0   0
2    2.780    7.496 0 0   0
2    2.793    7.496 0 0   0
2    2.876    7.494 0 0   0
2    2.918    7.492 0 0   0
2    2.963    7.490 0 0   0
2    3.032    7.487 0 0   0
2    3.051    7.486 0 0   0
2    3.113    7.483 0 0   0
2    3.137    7.482 0 0   0
2    3.144    7.482 0 0   0
2    3.223    7.477 0 0   0
2    3.253    7.475 0 0   0
2    3.310    7.471 0 0   0
2    3.359    7.467 0 0   0
2    3.396    7.464 0 0   0
2    3.465    7.459 0 0   0
2    3.483    7.457 0 0   0
2    3.569    7.449 0 0   0
2    3.571    7.449 0 0   0
2    3.584    7.448 0 0   0
2    3.659    7.440 0 0   0
2    3.671    7.439 0 0   0
2    3.748    7.431 0 0   0
2    3.771    7.429 0 0   0
2    3.841    7.421 0 0   0
2    3.872    7.417 0 0   0
2    3.934    7.409 0 0   0
2    3.970    7.405 0 0   0
2    4.031    7.397 0 0   0
2    4.065    7.392 0 0   0
2    4.132    7.383 0 0   0
2    4.159    7.379 0 0   0
2    4.234    7.368 0 0   0
2    4.248    7.366 0 0   0
2    4.333    7.353 0 0   0
2    4.337    7.353 0 0   0
2    4.338    7.352 0 0   0
2    4.425    7.338 0 0   0
2    4.441    7.336 0 0   0
2    4.513    7.324 0 0   0
2    4.545    7.318 0 0   0
2    4.601    7.308 0 0   0
2    4.650    7.299 0 0   0
2    4.689    7.292 0 0   0
2    4.757    7.280 0 0   0
2    4.777    7.276 0 0   0
2    4.865    7.259 0 0   0
2    4.865    7.259 0 0   0
2    4.866    7.259 0 0   0
2    4.954    7.241 0 0   0
2    4.975    7.237 0 0   0
2    5.042    7.223 0 0   0
2    5.086    7.214 0 0   0
2    5.130    7.204 0 0   0
2    5.197    7.190 0 0   0
2    5.218    7.185 0 0   0
2    5.293    7.169 0 0   0
2    5.305    7.166 0 0   0
2    5.309    7.165 0 0   0
2    5.393    7.146 0 0   0
2    5.422    7.139 0 0   0
2    5.480    7.125 0 0   0
2    5.536    7.112 0 0   0
2    5.568    7.105 0 0   0
2    5.650    7.085 0 0   0
2    5.655    7.083 0 0   0
2    5.670    7.080 0 0   0
2    5.742    7.062 0 0   0
2    5.766    7.056 0 0   0
2    5.829    7.040 0 0   0
2    5.882    7.026 0 0   0
2    5.916    7.018 0 0   0
2    5.999    6.996 0 0   0
2    6.003    6.995 0 0   0
2    6.015    6.992 0 0   0
2    6.090    6.972 0 0   0
2    6.116    6.965 0 0   0
2    6.176    6.949 0 0   0
2    6.234    6.934 0 0   0
2    6.263    6.926 0 0   0
2    6.340    6.905 0 0   0
2    6.349    6.902 0 0   0
2    6.353    6.901 0 0   0
2    6.435    6.879 0 0   0
2    6.471    6.869 0 0   0
2    6.522    6.855 0 0   0
2    6.590    6.835 0 0   0
2    6.608    6.831 0 0   0
2    6.652    6.818 0 0   0
2    6.694    6.806 0 0   0
2    6.710    6.802 0 0   0
2    6.780    6.782 0 0   0
2    6.829    6.768 0 0   0
2    6.866    6.758 0 0   0
2    6.949    6.734 0 0   0
2    6.951    6.733 0 0   0
2    6.958    6.731 0 0   0
2    7.037    6.708 0 0   0
2    7.068    6.699 0 0   0
2    7.123    6.684 0 0   0
2    7.188    6.665 0 0   0
2    7.209    6.659 0 0   0
2    7.264    6.643 0 0   0
2    7.295    6.634 0 0   0
2    7.306    6.631 0 0   0
2    7.381    6.609 0 0   0
2    7.425    6.597 0 0   0
2    7.466    6.585 0 0   0
2    7.542    6.563 0 0   0
2    7.552    6.560 0 0   0
2    7.580    6.552 0 0   0
2    7.638    6.536 0 0   0
6    7.622    6.496    0.000    0.150   1
7
3    7.638    6.536 0 0   0
2    7.659    6.530 0 0   0
2    7.724    6.511 0 0   0
2    7.774    6.497 0 0   0
2    7.810    6.487 0 0   0
2    7.888    6.465 0 0   0
2    7.895    6.463 0 0   0
2    7.917    6.457 0 0   0
2    7.981    6.439 0 0   0
2    8.002    6.433 0 0   0
2    8.067    6.415 0 0   0
2    8.114    6.402 0 0   0
2    8.153    6.391 0 0   0
2    8.226    6.371 0 0   0
2    8.239    6.367 0 0   0
2    8.283    6.355 0 0   0
2    8.325    6.344 0 0   0
2    8.336    6.341 0 0   0
2    8.410    6.321 0 0   0
2    8.445    6.312 0 0   0
2    8.497    6.298 0 0   0
2    8.553    6.283 0 0   0
2    8.582    6.276 0 0   0
2    8.660    6.255 0 0   0
2    8.668    6.254 0 0   0
2    8.700    6.245 0 0   0
2    8.753    6.232 0 0   0
2    8.765    6.229 0 0   0
2    8.838    6.210 0 0   0
2    8.870    6.202 0 0   0
2    8.922    6.189 0 0   0
2    8.972    6.177 0 0   0
2    9.006    6.169 0 0   0
2    9.075    6.152 0 0   0
2    9.089    6.149 0 0   0
2    9.156    6.133 0 0   0
2    9.171    6.129 0 0   0
2    9.175    6.128 0 0   0
2    9.253    6.110 0 0   0
2    9.277    6.105 0 0   0
2    9.335    6.092 0 0   0
2    9.378    6.082 0 0   0
2    9.416    6.073 0 0   0
2    9.480    6.059 0 0   0
2    9.498    6.055 0 0   0
2    9.564    6.041 0 0   0
2    9.579    6.038 0 0   0
2    9.582    6.037 0 0   0
2    9.660    6.021 0 0   0
2    9.684    6.016 0 0   0
2    9.741    6.004 0 0   0
2    9.786    5.995 0 0   0
2    9.822    5.988 0 0   0
2    9.888    5.974 0 0   0
2    9.903    5.971 0 0   0
2    9.957    5.961 0 0   0
2    9.983    5.956 0 0   0
2    9.989    5.955 0 0   0
2   10.063    5.941 0 0   0
2   10.090    5.936 0 0   0
2   10.142    5.926 0 0   0
2   10.190    5.918 0 0   0
2   10.221    5.912 0 0   0
2   10.290    5.900 0 0   0
2   10.299    5.898 0 0   0
2   10.330    5.893 0 0   0
2   10.376    5.885 0 0   0
2   10.389    5.883 0 0   0
2   10.453    5.873 0 0   0
2   10.491    5.867 0 0   0
2   10.530    5.860 0 0   0
2   10.593    5.851 0 0   0
2   10.606    5.849 0 0   0
2   10.642    5.843 0 0   0
2   10.685    5.837 0 0   0
2   10.702    5.834 0 0   0
2   10.761    5.826 0 0   0
2   10.816    5.818 0 0   0
2   10.841    5.814 0 0   0
2   10.892    5.807 0 0   0
2   10.921    5.803 0 0   0
2   10.935    5.801 0 0   0
2   11.001    5.793 0 0   0
2   11.058    5.786 0 0   0
2   11.081    5.783 0 0   0
2   11.119    5.778 0 0   0
2   11.161    5.773 0 0   0
2   11.188    5.770 0 0   0
2   11.240    5.764 0 0   0
2   11.313    5.756 0 0   0
2   11.318    5.755 0 0   0
2   11.327    5.754 0 0   0
2   11.397    5.747 0 0   0
2   11.438    5.743 0 0   0
2   11.475    5.739 0 0   0
2   11.543    5.732 0 0   0
2   11.554    5.731 0 0   0
2   11.561    5.731 0 0   0
2   11.633    5.724 0 0   0
2   11.683    5.720 0 0   0
2   11.712    5.717 0 0   0
2   11.766    5.713 0 0   0
2   11.791    5.711 0 0   0
2   11.804    5.710 0 0   0
2   11.870    5.705 0 0   0
2   11.928    5.701 0 0   0
2   11.949    5.699 0 0   0
2   11.985    5.697 0 0   0
2   12.026    5.694 0 0   0
2   12.052    5.692 0 0   0
2   12.104    5.689 0 0   0
2   12.179    5.685 0 0   0
2   12.182    5.685 0 0   0
2   12.185    5.685 0 0   0
2   12.261    5.681 0 0   0
2   12.328    5.678 0 0   0
2   12.339    5.677 0 0   0
2   12.351    5.677 0 0   0
2   12.420    5.674 0 0   0
2   12.493    5.671 0 0   0
2   12.500    5.671 0 0   0
3    2.500    6.446 0 0   0
2    2.500    6.446 0 0   0
2    2.515    6.446 0 0   0
2    2.577    6.445 0 0   0
2    2.610    6.445 0 0   0
2    2.653    6.444 0 0   0
2    2.703    6.444 0 0   0
2    2.732    6.443 0 0   0
2    2.806    6.441 0 0   0
2    2.812    6.441 0 0   0
2    2.814    6.441 0 0   0
2    2.898    6.438 0 0   0
2    2.930    6.437 0 0   0
2    2.984    6.435 0 0   0
2    3.044    6.432 0 0   0
2    3.070    6.430 0 0   0
2    3.156    6.426 0 0   0
2    3.156    6.426 0 0   0
2    3.156    6.426 0 0   0
2    3.243    6.420 0 0   0
2    3.268    6.418 0 0   0
2    3.328    6.414 0 0   0
2    3.376    6.410 0 0   0
2    3.414    6.407 0 0   0
2    3.485    6.401 0 0   0
2    3.499    6.399 0 0   0
2    3.555    6.394 0 0   0
2    3.584    6.391 0 0   0
2    3.592    6.390 0 0   0
2    3.670    6.382 0 0   0
2    3.697    6.379 0 0   0
2    3.755    6.373 0 0   0
2    3.802    6.367 0 0   0
2    3.840    6.363 0 0   0
2    3.905    6.355 0 0   0
2    3.925    6.352 0 0   0
2    4.008    6.341 0 0   0
2    4.010    6.341 0 0   0
2    4.021    6.340 0 0   0
2    4.095    6.329 0 0   0
2    4.108    6.327 0 0   0
2    4.181    6.317 0 0   0
2    4.209    6.313 0 0   0
2    4.269    6.303 0 0   0
2    4.307    6.297 0 0   0
2    4.361    6.289 0 0   0
2    4.409    6.281 0 0   0
2    4.456    6.273 0 0   0
2    4.501    6.265 0 0   0
2    4.565    6.254 0 0   0
2    4.594    6.249 0 0   0
2    4.671    6.235 0 0   0
2    4.682    6.233 0 0   0
2    4.734    6.223 0 0   0
2    4.770    6.217 0 0   0
2    4.779    6.215 0 0   0
2    4.858    6.200 0 0   0
2    4.887    6.194 0 0   0
2    4.945    6.182 0 0   0
2    4.995    6.172 0 0   0
2    5.033    6.164 0 0   0
2    5.104    6.150 0 0   0
2    5.120    6.146 0 0   0
2    5.181    6.133 0 0   0
2    5.208    6.128 0 0   0
2    5.215    6.126 0 0   0
2    5.295    6.108 0 0   0
2    5.326    6.102 0 0   0
2    5.383    6.089 0 0   0
2    5.437    6.077 0 0   0
2    5.470    6.069 0 0   0
2    5.550    6.051 0 0   0
2    5.558    6.049 0 0   0
2    5.583    6.043 0 0   0
2    5.645    6.029 0 0   0
2    5.664    6.024 0 0   0
2    5.733    6.008 0 0   0
2    5.778    5.997 0 0   0
2    5.820    5.987 0 0   0
2    5.894    5.969 0 0   0
2    5.908    5.966 0 0   0
2    5.951    5.955 0 0   0
2    5.995    5.945 0 0   0
2    6.009    5.941 0 0   0
2    6.082    5.923 0 0   0
2    6.125    5.912 0 0   0
2    6.170    5.901 0 0   0
2    6.242    5.883 0 0   0
2    6.257    5.879 0 0   0
2    6.302    5.868 0 0   0
2    6.344    5.857 0 0   0
2    6.359    5.854 0 0   0
2    6.432    5.835 0 0   0
2    6.475    5.824 0 0   0
2    6.519    5.813 0 0   0
2    6.592    5.794 0 0   0
2    6.606    5.791 0 0   0
2    6.646    5.781 0 0   0
2    6.693    5.769 0 0   0
2    6.709    5.764 0 0   0
2    6.780    5.746 0 0   0
2    6.826    5.735 0 0   0
2    6.867    5.724 0 0   0
2    6.943    5.705 0 0   0
2    6.955    5.702 0 0   0
2    6.991    5.693 0 0   0
2    7.042    5.680 0 0   0
2    7.059    5.675 0 0   0
2    7.129    5.658 0 0   0
2    7.174    5.646 0 0   0
2    7.216    5.635 0 0   0
2    7.289    5.617 0 0   0
2    7.303    5.614 0 0   0
2    7.348    5.602 0 0   0
2    7.390    5.592 0 0   0
2    7.403    5.589 0 0   0
2    7.477    5.570 0 0   0
6    7.469    5.529    0.000    0.150   1
8
3    7.477    5.570 0 0   0
2    7.516    5.560 0 0   0
2    7.564    5.549 0 0   0
2    7.629    5.533 0 0   0
2    7.651    5.527 0 0   0
2    7.726    5.509 0 0   0
2    7.737    5.506 0 0   0
2    7.741    5.505 0 0   0
2    7.824    5.485 0 0   0
2    7.851    5.479 0 0   0
2    7.911    5.465 0 0   0
2    7.962    5.453 0 0   0
2    7.997    5.444 0 0   0
2    8.071    5.427 0 0   0
2    8.083    5.424 0 0   0
2    8.133    5.413 0 0   0
2    8.170    5.404 0 0   0
2    8.179    5.402 0 0   0
2    8.256    5.385 0 0   0
2    8.287    5.378 0 0   0
2    8.342    5.365 0 0   0
2    8.395    5.354 0 0   0
2    8.427    5.346 0 0   0
2    8.501    5.330 0 0   0
2    8.513    5.328 0 0   0
2    8.561    5.317 0 0   0
2    8.599    5.309 0 0   0
2    8.608    5.307 0 0   0
2    8.684    5.291 0 0   0
2    8.713    5.285 0 0   0
2    8.769    5.274 0 0   0
2    8.819    5.264 0 0   0
2    8.854    5.256 0 0   0
2    8.923    5.243 0 0   0
2    8.939    5.239 0 0   0
2    9.007    5.226 0 0   0
2    9.024    5.223 0 0   0
2    9.027    5.222 0 0   0
2    9.108    5.206 0 0   0
2    9.131    5.202 0 0   0
2    9.192    5.191 0 0   0
2    9.234    5.183 0 0   0
2    9.277    5.175 0 0   0
2    9.337    5.164 0 0   0
2    9.361    5.160 0 0   0
2    9.439    5.146 0 0   0
2    9.445    5.145 0 0   0
2    9.477    5.139 0 0   0
2    9.530    5.130 0 0   0
2    9.541    5.128 0 0   0
2    9.615    5.116 0 0   0
2    9.642    5.111 0 0   0
2    9.700    5.102 0 0   0
2    9.744    5.094 0 0   0
2    9.785    5.088 0 0   0
2    9.846    5.078 0 0   0
2    9.871    5.074 0 0   0
2    9.948    5.063 0 0   0
2    9.956    5.061 0 0   0
2    9.999    5.055 0 0   0
2   10.042    5.049 0 0   0
2   10.050    5.047 0 0   0
2   10.128    5.036 0 0   0
2   10.153    5.033 0 0   0
2   10.214    5.024 0 0   0
2   10.256    5.018 0 0   0
2   10.301    5.012 0 0   0
2   10.359    5.005 0 0   0
2   10.388    5.001 0 0   0
2   10.463    4.991 0 0   0
2   10.476    4.990 0 0   0
2   10.545    4.981 0 0   0
2   10.563    4.979 0 0   0
2   10.567    4.979 0 0   0
2   10.651    4.969 0 0   0
2   10.671    4.966 0 0   0
2   10.740    4.959 0 0   0
2   10.775    4.955 0 0   0
2   10.828    4.949 0 0   0
2   10.879    4.943 0 0   0
2   10.917    4.939 0 0   0
2   10.982    4.933 0 0   0
2   11.007    4.930 0 0   0
2   11.085    4.923 0 0   0
2   11.096    4.922 0 0   0
2   11.171    4.915 0 0   0
2   11.187    4.913 0 0   0
2   11.190    4.913 0 0   0
2   11.278    4.905 0 0   0
2   11.294    4.904 0 0   0
2   11.377    4.897 0 0   0
2   11.407    4.895 0 0   0
2   11.478    4.889 0 0   0
2   11.507    4.887 0 0   0
2   11.558    4.884 0 0   0
2   11.588    4.881 0 0   0
2   11.624    4.879 0 0   0
2   11.682    4.875 0 0   0
2   11.718    4.873 0 0   0
2   11.762    4.870 0 0   0
2   11.838    4.865 0 0   0
2   11.842    4.865 0 0   0
2   11.844    4.865 0 0   0
2   11.923    4.861 0 0   0
2   11.964    4.859 0 0   0
2   12.005    4.857 0 0   0
2   12.082    4.853 0 0   0
2   12.089    4.853 0 0   0
2   12.107    4.852 0 0   0
2   12.172    4.849 0 0   0
2   12.199    4.848 0 0   0
2   12.256    4.846 0 0   0
2   12.315    4.844 0 0   0
2   12.339    4.843 0 0   0
2   12.394    4.841 0 0   0
2   12.418    4.840 0 0   0
2   12.428    4.840 0 0   0
2   12.500    4.838 0 0   0
3    2.500    5.263 0 0   0
2    2.500    5.263 0 0   0
2    2.516    5.263 0 0   0
2    2.587    5.263 0 0   0
2    2.639    5.262 0 0   0
2    2.673    5.262 0 0   0
2    2.719    5.261 0 0   0
2    2.759    5.260 0 0   0
2    2.789    5.259 0 0   0
2    2.846    5.258 0 0   0
2    2.925    5.255 0 0   0
2    2.931    5.255 0 0   0
2    2.935    5.255 0 0   0
2    3.016    5.252 0 0   0
2    3.078    5.249 0 0   0
2    3.100    5.248 0 0   0
2    3.135    5.246 0 0   0
2    3.185    5.243 0 0   0
2    3.216    5.241 0 0   0
2    3.269    5.238 0 0   0
2    3.351    5.233 0 0   0
2    3.353    5.232 0 0   0
2    3.357    5.232 0 0   0
2    3.438    5.226 0 0   0
2    3.486    5.222 0 0   0
2    3.522    5.219 0 0   0
2    3.580    5.214 0 0   0
2    3.619    5.211 0 0   0
2    3.650    5.208 0 0   0
2    3.703    5.203 0 0   0
2    3.736    5.199 0 0   0
2    3.803    5.193 0 0   0
2    3.841    5.188 0 0   0
2    3.919    5.180 0 0   0
2    3.940    5.178 0 0   0
2    4.012    5.169 0 0   0
2    4.039    5.166 0 0   0
2    4.049    5.165 0 0   0
2    4.138    5.154 0 0   0
2    4.172    5.149 0 0   0
2    4.256    5.138 0 0   0
2    4.283    5.134 0 0   0
2    4.382    5.121 0 0   0
2    4.392    5.119 0 0   0
2    4.463    5.109 0 0   0
2    4.490    5.105 0 0   0
2    4.495    5.104 0 0   0
2    4.589    5.090 0 0   0
2    4.608    5.087 0 0   0
2    4.684    5.075 0 0   0
2    4.718    5.070 0 0   0
2    4.778    5.060 0 0   0
2    4.829    5.052 0 0   0
2    4.871    5.045 0 0   0
2    4.938    5.033 0 0   0
2    4.963    5.029 0 0   0
2    5.049    5.015 0 0   0
2    5.054    5.014 0 0   0
2    5.083    5.009 0 0   0
2    5.146    4.997 0 0   0
2    5.159    4.995 0 0   0
2    5.236    4.981 0 0   0
2    5.270    4.975 0 0   0
2    5.327    4.965 0 0   0
2    5.381    4.955 0 0   0
2    5.417    4.948 0 0   0
2    5.492    4.934 0 0   0
2    5.508    4.931 0 0   0
2    5.572    4.919 0 0   0
2    5.598    4.914 0 0   0
2    5.604    4.913 0 0   0
2    5.688    4.897 0 0   0
2    5.716    4.891 0 0   0
2    5.778    4.880 0 0   0
2    5.829    4.870 0 0   0
2    5.868    4.862 0 0   0
2    5.941    4.848 0 0   0
2    5.958    4.845 0 0   0
2    6.024    4.832 0 0   0
2    6.048    4.827 0 0   0
2    6.054    4.826 0 0   0
2    6.138    4.809 0 0   0
2    6.167    4.804 0 0   0
2    6.227    4.792 0 0   0
2    6.279    4.781 0 0   0
2    6.317    4.774 0 0   0
2    6.392    4.759 0 0   0
2    6.407    4.756 0 0   0
2    6.466    4.745 0 0   0
2    6.497    4.739 0 0   0
2    6.505    4.737 0 0   0
2    6.587    4.721 0 0   0
2    6.617    4.715 0 0   0
2    6.676    4.703 0 0   0
2    6.730    4.693 0 0   0
2    6.766    4.686 0 0   0
2    6.842    4.671 0 0   0
2    6.856    4.668 0 0   0
2    6.915    4.657 0 0   0
2    6.946    4.651 0 0   0
2    6.953    4.650 0 0   0
2    7.036    4.634 0 0   0
2    7.065    4.628 0 0   0
2    7.126    4.617 0 0   0
2    7.176    4.607 0 0   0
2    7.215    4.600 0 0   0
2    7.287    4.586 0 0   0
2    7.305    4.583 0 0   0
2    7.387    4.568 0 0   0
2    7.395    4.566 0 0   0
6    7.366    4.530    0.000    0.150   1
9
3    7.395    4.566 0 0   0
2    7.397    4.566 0 0   0
2    7.485    4.550 0 0   0
2    7.507    4.546 0 0   0
2    7.575    4.534 0 0   0
2    7.617    4.526 0 0   0
2    7.665    4.517 0 0   0
2    7.726    4.507 0 0   0
2    7.755    4.502 0 0   0
2    7.835    4.488 0 0   0
2    7.844    4.486 0 0   0
2    7.891    4.478 0 0   0
2    7.934    4.470 0 0   0
2    7.943    4.469 0 0   0
2    8.024    4.455 0 0   0
2    8.051    4.451 0 0   0
2    8.114    4.440 0 0   0
2    8.160    4.433 0 0   0
2    8.204    4.425 0 0   0
2    8.268    4.415 0 0   0
2    8.294    4.411 0 0   0
2    8.376    4.398 0 0   0
2    8.384    4.397 0 0   0
2    8.420    4.391 0 0   0
2    8.473    4.383 0 0   0
2    8.484    4.381 0 0   0
2    8.563    4.369 0 0   0
2    8.593    4.365 0 0   0
2    8.653    4.356 0 0   0
2    8.702    4.348 0 0   0
2    8.742    4.342 0 0   0
2    8.812    4.332 0 0   0
2    8.832    4.329 0 0   0
2    8.914    4.318 0 0   0
2    8.921    4.317 0 0   0
2    8.923    4.317 0 0   0
2    9.013    4.304 0 0   0
2    9.041    4.301 0 0   0
2    9.101    4.293 0 0   0
2    9.169    4.284 0 0   0
2    9.201    4.279 0 0   0
2    9.269    4.271 0 0   0
2    9.300    4.267 0 0   0
2    9.310    4.265 0 0   0
2    9.412    4.253 0 0   0
2    9.420    4.252 0 0   0
2    9.526    4.239 0 0   0
2    9.530    4.239 0 0   0
2    9.624    4.228 0 0   0
2    9.634    4.227 0 0   0
2    9.723    4.217 0 0   0
2    9.737    4.215 0 0   0
2    9.818    4.206 0 0   0
2    9.840    4.204 0 0   0
2    9.913    4.196 0 0   0
2    9.943    4.193 0 0   0
2   10.007    4.186 0 0   0
2   10.045    4.183 0 0   0
2   10.101    4.177 0 0   0
2   10.148    4.172 0 0   0
2   10.194    4.168 0 0   0
2   10.251    4.163 0 0   0
2   10.287    4.159 0 0   0
2   10.354    4.153 0 0   0
2   10.380    4.151 0 0   0
2   10.457    4.144 0 0   0
2   10.473    4.143 0 0   0
2   10.560    4.136 0 0   0
2   10.567    4.135 0 0   0
2   10.628    4.130 0 0   0
2   10.659    4.128 0 0   0
2   10.663    4.127 0 0   0
2   10.753    4.121 0 0   0
2   10.766    4.120 0 0   0
2   10.846    4.114 0 0   0
2   10.869    4.112 0 0   0
2   10.940    4.107 0 0   0
2   10.972    4.105 0 0   0
2   11.033    4.101 0 0   0
2   11.076    4.098 0 0   0
2   11.128    4.095 0 0   0
2   11.179    4.092 0 0   0
2   11.222    4.089 0 0   0
2   11.284    4.085 0 0   0
2   11.318    4.084 0 0   0
2   11.388    4.080 0 0   0
2   11.415    4.078 0 0   0
2   11.491    4.074 0 0   0
2   11.513    4.073 0 0   0
2   11.594    4.069 0 0   0
2   11.613    4.068 0 0   0
2   11.694    4.065 0 0   0
2   11.714    4.064 0 0   0
2   11.792    4.061 0 0   0
2   11.821    4.060 0 0   0
2   11.882    4.057 0 0   0
2   11.916    4.056 0 0   0
2   11.963    4.054 0 0   0
2   12.026    4.052 0 0   0
2   12.055    4.051 0 0   0
2   12.136    4.049 0 0   0
2   12.146    4.049 0 0   0
2   12.148    4.048 0 0   0
2   12.156    4.048 0 0   0
2   12.242    4.046 0 0   0
2   12.295    4.045 0 0   0
2   12.337    4.044 0 0   0
2   12.392    4.043 0 0   0
2   12.419    4.042 0 0   0
2   12.438    4.042 0 0   0
2   12.500    4.040 0 0   0
3    2.500    3.936 0 0   0
2    2.500    3.936 0 0   0
2    2.566    3.936 0 0   0
2    2.582    3.936 0 0   0
2    2.614    3.936 0 0   0
2    2.668    3.935 0 0   0
2    2.694    3.935 0 0   0
2    2.750    3.934 0 0   0
2    2.819    3.933 0 0   0
2    2.833    3.933 0 0   0
2    2.856    3.933 0 0   0
2    2.907    3.931 0 0   0
2    2.934    3.931 0 0   0
2    2.984    3.930 0 0   0
2    3.021    3.929 0 0   0
2    3.062    3.927 0 0   0
2    3.107    3.926 0 0   0
2    3.153    3.924 0 0   0
2    3.211    3.922 0 0   0
2    3.247    3.921 0 0   0
2    3.309    3.918 0 0   0
2    3.343    3.917 0 0   0
2    3.408    3.914 0 0   0
2    3.439    3.913 0 0   0
2    3.507    3.909 0 0   0
2    3.534    3.908 0 0   0
2    3.606    3.904 0 0   0
2    3.628    3.902 0 0   0
2    3.706    3.898 0 0   0
2    3.723    3.897 0 0   0
2    3.807    3.892 0 0   0
2    3.817    3.891 0 0   0
2    3.908    3.885 0 0   0
2    3.912    3.885 0 0   0
2    3.959    3.881 0 0   0
2    4.006    3.878 0 0   0
2    4.010    3.878 0 0   0
2    4.100    3.871 0 0   0
2    4.112    3.870 0 0   0
2    4.194    3.863 0 0   0
2    4.215    3.862 0 0   0
2    4.288    3.856 0 0   0
2    4.319    3.853 0 0   0
2    4.383    3.848 0 0   0
2    4.424    3.844 0 0   0
2    4.477    3.839 0 0   0
2    4.528    3.835 0 0   0
2    4.572    3.831 0 0   0
2    4.634    3.825 0 0   0
2    4.666    3.822 0 0   0
2    4.739    3.815 0 0   0
2    4.761    3.813 0 0   0
2    4.845    3.805 0 0   0
2    4.855    3.804 0 0   0
2    4.939    3.795 0 0   0
2    4.950    3.794 0 0   0
2    4.951    3.794 0 0   0
2    5.044    3.785 0 0   0
2    5.057    3.784 0 0   0
2    5.138    3.775 0 0   0
2    5.164    3.773 0 0   0
2    5.233    3.765 0 0   0
2    5.270    3.761 0 0   0
2    5.327    3.755 0 0   0
2    5.377    3.750 0 0   0
2    5.421    3.745 0 0   0
2    5.483    3.739 0 0   0
2    5.515    3.735 0 0   0
2    5.590    3.727 0 0   0
2    5.609    3.725 0 0   0
2    5.697    3.716 0 0   0
2    5.704    3.715 0 0   0
2    5.753    3.709 0 0   0
2    5.798    3.704 0 0   0
2    5.804    3.704 0 0   0
2    5.892    3.694 0 0   0
2    5.911    3.692 0 0   0
2    5.986    3.684 0 0   0
2    6.017    3.680 0 0   0
2    6.080    3.674 0 0   0
2    6.124    3.669 0 0   0
2    6.174    3.663 0 0   0
2    6.231    3.657 0 0   0
2    6.268    3.653 0 0   0
2    6.338    3.645 0 0   0
2    6.362    3.643 0 0   0
2    6.445    3.634 0 0   0
2    6.456    3.632 0 0   0
2    6.541    3.623 0 0   0
2    6.550    3.622 0 0   0
2    6.551    3.622 0 0   0
2    6.644    3.612 0 0   0
2    6.658    3.611 0 0   0
2    6.738    3.602 0 0   0
2    6.764    3.599 0 0   0
2    6.833    3.592 0 0   0
2    6.871    3.588 0 0   0
2    6.927    3.582 0 0   0
2    6.977    3.577 0 0   0
2    7.021    3.573 0 0   0
2    7.083    3.566 0 0   0
2    7.115    3.563 0 0   0
2    7.189    3.555 0 0   0
2    7.210    3.553 0 0   0
2    7.295    3.545 0 0   0
2    7.304    3.544 0 0   0
2    7.379    3.537 0 0   0
2    7.399    3.535 0 0   0
6    7.291    3.499    0.000    0.150   2
10
3    7.399    3.535 0 0   0
2    7.401    3.534 0 0   0
2    7.493    3.525 0 0   0
2    7.507    3.524 0 0   0
2    7.588    3.516 0 0   0
2    7.612    3.514 0 0   0
2    7.683    3.507 0 0   0
2    7.718    3.504 0 0   0
2    7.777    3.499 0 0   0
2    7.823    3.495 0 0   0
2    7.872    3.490 0 0   0
2    7.928    3.485 0 0   0
2    7.967    3.482 0 0   0
2    8.033    3.476 0 0   0
2    8.062    3.473 0 0   0
2    8.138    3.467 0 0   0
2    8.157    3.465 0 0   0
2    8.243    3.458 0 0   0
2    8.253    3.457 0 0   0
2    8.345    3.449 0 0   0
2    8.348    3.449 0 0   0
2    8.349    3.449 0 0   0
2    8.444    3.441 0 0   0
2    8.454    3.440 0 0   0
2    8.539    3.434 0 0   0
2    8.559    3.432 0 0   0
2    8.635    3.426 0 0   0
2    8.664    3.424 0 0   0
2    8.731    3.419 0 0   0
2    8.769    3.416 0 0   0
2    8.828    3.412 0 0   0
2    8.874    3.408 0 0   0
2    8.924    3.405 0 0   0
2    8.979    3.401 0 0   0
2    9.021    3.398 0 0   0
2    9.084    3.394 0 0   0
2    9.118    3.391 0 0   0
2    9.189    3.387 0 0   0
2    9.215    3.385 0 0   0
2    9.294    3.380 0 0   0
2    9.312    3.378 0 0   0
2    9.398    3.373 0 0   0
2    9.409    3.372 0 0   0
2    9.503    3.367 0 0   0
2    9.507    3.366 0 0   0
2    9.566    3.363 0 0   0
2    9.604    3.361 0 0   0
2    9.607    3.360 0 0   0
2    9.701    3.355 0 0   0
2    9.710    3.354 0 0   0
2    9.799    3.349 0 0   0
2    9.813    3.349 0 0   0
2    9.896    3.344 0 0   0
2    9.917    3.343 0 0   0
2    9.993    3.339 0 0   0
2   10.019    3.338 0 0   0
2   10.091    3.334 0 0   0
2   10.122    3.333 0 0   0
2   10.188    3.329 0 0   0
2   10.225    3.328 0 0   0
2   10.285    3.325 0 0   0
2   10.327    3.323 0 0   0
2   10.382    3.320 0 0   0
2   10.429    3.318 0 0   0
2   10.479    3.316 0 0   0
2   10.531    3.314 0 0   0
2   10.576    3.312 0 0   0
2   10.633    3.310 0 0   0
2   10.673    3.308 0 0   0
2   10.735    3.306 0 0   0
2   10.770    3.305 0 0   0
2   10.837    3.302 0 0   0
2   10.866    3.301 0 0   0
2   10.938    3.298 0 0   0
2   10.963    3.298 0 0   0
2   11.039    3.295 0 0   0
2   11.059    3.294 0 0   0
2   11.140    3.292 0 0   0
2   11.156    3.291 0 0   0
2   11.241    3.289 0 0   0
2   11.252    3.288 0 0   0
2   11.342    3.286 0 0   0
2   11.347    3.286 0 0   0
2   11.442    3.283 0 0   0
2   11.443    3.283 0 0   0
2   11.455    3.283 0 0   0
2   11.538    3.281 0 0   0
2   11.542    3.281 0 0   0
2   11.632    3.279 0 0   0
2   11.642    3.278 0 0   0
2   11.727    3.276 0 0   0
2   11.742    3.276 0 0   0
2   11.819    3.275 0 0   0
2   11.840    3.274 0 0   0
2   11.918    3.273 0 0   0
2   11.939    3.272 0 0   0
2   11.997    3.271 0 0   0
2   12.019    3.271 0 0   0
2   12.062    3.270 0 0   0
2   12.097    3.270 0 0   0
2   12.131    3.269 0 0   0
2   12.168    3.269 0 0   0
2   12.210    3.268 0 0   0
2   12.250    3.268 0 0   0
2   12.290    3.267 0 0   0
2   12.332    3.267 0 0   0
2   12.375    3.266 0 0   0
2   12.416    3.266 0 0   0
2   12.455    3.265 0 0   0
2   12.500    3.265 0 0   0
3    2.500    2.500 0 0   0
2    2.500    2.500 0 0   0
2    2.500    2.500 0 0   0
2    2.600    2.500 0 0   0
2    2.600    2.500 0 0   0
2    2.700    2.500 0 0   0
2    2.700    2.500 0 0   0
2    2.800    2.500 0 0   0
2    2.800    2.500 0 0   0
2    2.900    2.500 0 0   0
2    2.900    2.500 0 0   0
2    3.000    2.500 0 0   0
2    3.000    2.500 0 0   0
2    3.100    2.500 0 0   0
2    3.100    2.500 0 0   0
2    3.200    2.500 0 0   0
2    3.200    2.500 0 0   0
2    3.300    2.500 0 0   0
2    3.300    2.500 0 0   0
2    3.400    2.500 0 0   0
2    3.400    2.500 0 0   0
2    3.500    2.500 0 0   0
2    3.500    2.500 0 0   0
2    3.600    2.500 0 0   0
2    3.600    2.500 0 0   0
2    3.700    2.500 0 0   0
2    3.700    2.500 0 0   0
2    3.800    2.500 0 0   0
2    3.800    2.500 0 0   0
2    3.900    2.500 0 0   0
2    3.900    2.500 0 0   0
2    4.000    2.500 0 0   0
2    4.000    2.500 0 0   0
2    4.100    2.500 0 0   0
2    4.100    2.500 0 0   0
2    4.200    2.500 0 0   0
2    4.200    2.500 0 0   0
2    4.300    2.500 0 0   0
2    4.300    2.500 0 0   0
2    4.400    2.500 0 0   0
2    4.400    2.500 0 0   0
2    4.500    2.500 0 0   0
2    4.500    2.500 0 0   0
2    4.600    2.500 0 0   0
2    4.600    2.500 0 0   0
2    4.700    2.500 0 0   0
2    4.700    2.500 0 0   0
2    4.800    2.500 0 0   0
2    4.800    2.500 0 0   0
2    4.900    2.500 0 0   0
2    4.900    2.500 0 0   0
2    5.000    2.500 0 0   0
2    5.000    2.500 0 0   0
2    5.100    2.500 0 0   0
2    5.100    2.500 0 0   0
2    5.200    2.500 0 0   0
2    5.200    2.500 0 0   0
2    5.300    2.500 0 0   0
2    5.300    2.500 0 0   0
2    5.400    2.500 0 0   0
2    5.400    2.500 0 0   0
2    5.500    2.500 0 0   0
2    5.500    2.500 0 0   0
2    5.600    2.500 0 0   0
2    5.600    2.500 0 0   0
2    5.700    2.500 0 0   0
2    5.700    2.500 0 0   0
2    5.800    2.500 0 0   0
2    5.800    2.500 0 0   0
2    5.900    2.500 0 0   0
2    5.900    2.500 0 0   0
2    6.000    2.500 0 0   0
2    6.000    2.500 0 0   0
2    6.100    2.500 0 0   0
2    6.100    2.500 0 0   0
2    6.200    2.500 0 0   0
2    6.200    2.500 0 0   0
2    6.300    2.500 0 0   0
2    6.300    2.500 0 0   0
2    6.400    2.500 0 0   0
2    6.400    2.500 0 0   0
2    6.500    2.500 0 0   0
2    6.500    2.500 0 0   0
2    6.600    2.500 0 0   0
2    6.600    2.500 0 0   0
2    6.700    2.500 0 0   0
2    6.700    2.500 0 0   0
2    6.800    2.500 0 0   0
2    6.800    2.500 0 0   0
2    6.900    2.500 0 0   0
2    6.900    2.500 0 0   0
2    7.000    2.500 0 0   0
2    7.000    2.500 0 0   0
2    7.100    2.500 0 0   0
2    7.100    2.500 0 0   0
2    7.200    2.500 0 0   0
2    7.200    2.500 0 0   0
2    7.300    2.500 0 0   0
2    7.300    2.500 0 0   0
2    7.400    2.500 0 0   0
2    7.400    2.500 0 0   0
6    7.338    2.465    0.000    0.150   2
11
3    7.400    2.500 0 0   0
2    7.500    2.500 0 0   0
2    7.500    2.500 0 0   0
2    7.600    2.500 0 0   0
2    7.600    2.500 0 0   0
2    7.700    2.500 0 0   0
2    7.700    2.500 0 0   0
2    7.800    2.500 0 0   0
2    7.800    2.500 0 0   0
2    7.900    2.500 0 0   0
2    7.900    2.500 0 0   0
2    8.000    2.500 0 0   0
2    8.000    2.500 0 0   0
2    8.100    2.500 0 0   0
2    8.100    2.500 0 0   0
2    8.200    2.500 0 0   0
2    8.200    2.500 0 0   0
2    8.300    2.500 0 0   0
2    8.300    2.500 0 0   0
2    8.400    2.500 0 0   0
2    8.400    2.500 0 0   0
2    8.500    2.500 0 0   0
2    8.500    2.500 0 0   0
2    8.600    2.500 0 0   0
2    8.600    2.500 0 0   0
2    8.700    2.500 0 0   0
2    8.700    2.500 0 0   0
2    8.800    2.500 0 0   0
2    8.800    2.500 0 0   0
2    8.900    2.500 0 0   0
2    8.900    2.500 0 0   0
2    9.000    2.500 0 0   0
2    9.000    2.500 0 0   0
2    9.100    2.500 0 0   0
2    9.100    2.500 0 0   0
2    9.200    2.500 0 0   0
2    9.200    2.500 0 0   0
2    9.300    2.500 0 0   0
2    9.300    2.500 0 0   0
2    9.400    2.500 0 0   0
2    9.400    2.500 0 0   0
2    9.500    2.500 0 0   0
2    9.500    2.500 0 0   0
2    9.600    2.500 0 0   0
2    9.600    2.500 0 0   0
2    9.700    2.500 0 0   0
2    9.700    2.500 0 0   0
2    9.800    2.500 0 0   0
2    9.800    2.500 0 0   0
2    9.900    2.500 0 0   0
2    9.900    2.500 0 0   0
2   10.000    2.500 0 0   0
2   10.000    2.500 0 0   0
2   10.100    2.500 0 0   0
2   10.100    2.500 0 0   0
2   10.200    2.500 0 0   0
2   10.200    2.500 0 0   0
2   10.300    2.500 0 0   0
2   10.300    2.500 0 0   0
2   10.400    2.500 0 0   0
2   10.400    2.500 0 0   0
2   10.500    2.500 0 0   0
2   10.500    2.500 0 0   0
2   10.600    2.500 0 0   0
2   10.600    2.500 0 0   0
2   10.700    2.500 0 0   0
2   10.700    2.500 0 0   0
2   10.800    2.500 0 0   0
2   10.800    2.500 0 0   0
2   10.900    2.500 0 0   0
2   10.900    2.500 0 0   0
2   11.000    2.500 0 0   0
2   11.000    2.500 0 0   0
2   11.100    2.500 0 0   0
2   11.100    2.500 0 0   0
2   11.200    2.500 0 0   0
2   11.200    2.500 0 0   0
2   11.300    2.500 0 0   0
2   11.300    2.500 0 0   0
2   11.400    2.500 0 0   0
2   11.400    2.500 0 0   0
2   11.500    2.500 0 0   0
2   11.500    2.500 0 0   0
2   11.600    2.500 0 0   0
2   11.600    2.500 0 0   0
2   11.700    2.500 0 0   0
2   11.700    2.500 0 0   0
2   11.800    2.500 0 0   0
2   11.800    2.500 0 0   0
2   11.900    2.500 0 0   0
2   11.900    2.500 0 0   0
2   12.000    2.500 0 0   0
2   12.000    2.500 0 0   0
2   12.100    2.500 0 0   0
2   12.100    2.500 0 0   0
2   12.200    2.500 0 0   0
2   12.200    2.500 0 0   0
2   12.300    2.500 0 0   0
2   12.300    2.500 0 0   0
2   12.300    2.500 0 0   0
2   12.400    2.500 0 0   0
2   12.400    2.500 0 0   0
2   12.500    2.500 0 0   0
3    2.500    2.500 0 0   0
2    2.600    2.500 0 0   0
2    2.700    2.500 0 0   0
2    2.800    2.500 0 0   0
2    2.900    2.500 0 0   0
2    3.000    2.500 0 0   0
2    3.100    2.500 0 0   0
2    3.200    2.500 0 0   0
2    3.300    2.500 0 0   0
2    3.400    2.500 0 0   0
2    3.500    2.500 0 0   0
2    3.600    2.500 0 0   0
2    3.700    2.500 0 0   0
2    3.800    2.500 0 0   0
2    3.900    2.500 0 0   0
2    4.000    2.500 0 0   0
2    4.100    2.500 0 0   0
2    4.200    2.500 0 0   0
2    4.300    2.500 0 0   0
2    4.400    2.500 0 0   0
2    4.500    2.500 0 0   0
2    4.600    2.500 0 0   0
2    4.700    2.500 0 0   0
2    4.800    2.500 0 0   0
2    4.900    2.500 0 0   0
2    5.000    2.500 0 0   0
2    5.100    2.500 0 0   0
2    5.200    2.500 0 0   0
2    5.300    2.500 0 0   0
2    5.400    2.500 0 0   0
2    5.500    2.500 0 0   0
2    5.600    2.500 0 0   0
2    5.700    2.500 0 0   0
2    5.800    2.500 0 0   0
2    5.900    2.500 0 0   0
2    6.000    2.500 0 0   0
2    6.100    2.500 0 0   0
2    6.200    2.500 0 0   0
2    6.300    2.500 0 0   0
2    6.400    2.500 0 0   0
2    6.500    2.500 0 0   0
2    6.600    2.500 0 0   0
2    6.700    2.500 0 0   0
2    6.800    2.500 0 0   0
2    6.900    2.500 0 0   0
2    7.000    2.500 0 0   0
2    7.100    2.500 0 0   0
2    7.200    2.500 0 0   0
2    7.300    2.500 0 0   0
2    7.400    2.500 0 0   0
2    7.500    2.500 0 0   0
2    7.600    2.500 0 0   0
2    7.700    2.500 0 0   0
2    7.800    2.500 0 0   0
2    7.900    2.500 0 0   0
2    8.000    2.500 0 0   0
2    8.100    2.500 0 0   0
2    8.200    2.500 0 0   0
2    8.300    2.500 0 0   0
2    8.400    2.500 0 0   0
2    8.500    2.500 0 0   0
2    8.600    2.500 0 0   0
2    8.700    2.500 0 0   0
2    8.800    2.500 0 0   0
2    8.900    2.500 0 0   0
2    9.000    2.500 0 0   0
2    9.100    2.500 0 0   0
2    9.200    2.500 0 0   0
2    9.300    2.500 0 0   0
2    9.400    2.500 0 0   0
2    9.500    2.500 0 0   0
2    9.600    2.500 0 0   0
2    9.700    2.500 0 0   0
2    9.800    2.500 0 0   0
2    9.900    2.500 0 0   0
2   10.000    2.500 0 0   0
2   10.100    2.500 0 0   0
2   10.200    2.500 0 0   0
2   10.300    2.500 0 0   0
2   10.400    2.500 0 0   0
2   10.500    2.500 0 0   0
2   10.600    2.500 0 0   0
2   10.700    2.500 0 0   0
2   10.800    2.500 0 0   0
2   10.900    2.500 0 0   0
2   11.000    2.500 0 0   0
2   11.100    2.500 0 0   0
2   11.200    2.500 0 0   0
2   11.300    2.500 0 0   0
2   11.400    2.500 0 0   0
2   11.500    2.500 0 0   0
2   11.600    2.500 0 0   0
2   11.700    2.500 0 0   0
2   11.800    2.500 0 0   0
2   11.900    2.500 0 0   0
2   12.000    2.500 0 0   0
2   12.100    2.500 0 0   0
2   12.200    2.500 0 0   0
2   12.300    2.500 0 0   0
2   12.400    2.500 0 0   0
2   12.500    2.500 0 0   0
3   12.500    2.500 0 0   0
2   12.500    2.599 0 0   0
2   12.500    2.698 0 0   0
2   12.500    2.797 0 0   0
2   12.500    2.896 0 0   0
2   12.500    2.995 0 0   0
2   12.500    3.094 0 0   0
2   12.500    3.193 0 0   0
2   12.500    3.292 0 0   0
2   12.500    3.391 0 0   0
2   12.500    3.490 0 0   0
2   12.500    3.589 0 0   0
2   12.500    3.688 0 0   0
2   12.500    3.786 0 0   0
2   12.500    3.885 0 0   0
2   12.500    3.984 0 0   0
2   12.500    4.083 0 0   0
2   12.500    4.182 0 0   0
2   12.500    4.281 0 0   0
2   12.500    4.380 0 0   0
2   12.500    4.479 0 0   0
2   12.500    4.578 0 0   0
2   12.500    4.677 0 0   0
2   12.500    4.776 0 0   0
2   12.500    4.875 0 0   0
2   12.500    4.974 0 0   0
2   12.500    5.073 0 0   0
2   12.500    5.172 0 0   0
2   12.500    5.271 0 0   0
2   12.500    5.370 0 0   0
2   12.500    5.469 0 0   0
2   12.500    5.568 0 0   0
2   12.500    5.667 0 0   0
2   12.500    5.766 0 0   0
2   12.500    5.865 0 0   0
2   12.500    5.964 0 0   0
2   12.500    6.062 0 0   0
2   12.500    6.161 0 0   0
2   12.500    6.260 0 0   0
2   12.500    6.359 0 0   0
2   12.500    6.458 0 0   0
2   12.500    6.557 0 0   0
2   12.500    6.656 0 0   0
2   12.500    6.755 0 0   0
2   12.500    6.854 0 0   0
2   12.500    6.953 0 0   0
2   12.500    7.052 0 0   0
2   12.500    7.151 0 0   0
2   12.500    7.250 0 0   0
2   12.500    7.349 0 0   0
2   12.500    7.448 0 0   0
2   12.500    7.547 0 0   0
2   12.500    7.646 0 0   0
2   12.500    7.745 0 0   0
2   12.500    7.844 0 0   0
2   12.500    7.943 0 0   0
2   12.500    8.042 0 0   0
2   12.500    8.141 0 0   0
2   12.500    8.240 0 0   0
2   12.500    8.339 0 0   0
2   12.500    8.438 0 0   0
2   12.500    8.536 0 0   0
2   12.500    8.635 0 0   0
2   12.500    8.734 0 0   0
2   12.500    8.833 0 0   0
2   12.500    8.932 0 0   0
2   12.500    9.031 0 0   0
2   12.500    9.130 0 0   0
2   12.500    9.229 0 0   0
2   12.500    9.328 0 0   0
2   12.500    9.427 0 0   0
2   12.500    9.526 0 0   0
2   12.500    9.625 0 0   0
2   12.500    9.724 0 0   0
2   12.500    9.823 0 0   0
2   12.500    9.922 0 0   0
2   12.500   10.021 0 0   0
2   12.500   10.120 0 0   0
2   12.500   10.219 0 0   0
2   12.500   10.318 0 0   0
2   12.500   10.417 0 0   0
2   12.500   10.516 0 0   0
2   12.500   10.615 0 0   0
2   12.500   10.714 0 0   0
2   12.500   10.812 0 0   0
2   12.500   10.911 0 0   0
2   12.500   11.010 0 0   0
2   12.500   11.109 0 0   0
2   12.500   11.208 0 0   0
2   12.500   11.307 0 0   0
2   12.500   11.406 0 0   0
2   12.500   11.505 0 0   0
2   12.500   11.604 0 0   0
2   12.500   11.703 0 0   0
2   12.500   11.802 0 0   0
2   12.500   11.901 0 0   0
2   12.500   12.000 0 0   0
3   12.500   12.000 0 0   0
2   12.500   12.083 0 0   0
2   12.500   12.167 0 0   0
2   12.500   12.250 0 0   0
2   12.500   12.333 0 0   0
2   12.500   12.417 0 0   0
2   12.500   12.500 0 0   0
3   12.500   12.500 0 0   0
2   12.417   12.500 0 0   0
2   12.333   12.500 0 0   0
2   12.250   12.500 0 0   0
2   12.167   12.500 0 0   0
2   12.083   12.500 0 0   0
2   12.000   12.500 0 0   0
3   12.000   12.500 0 0   0
2   11.900   12.500 0 0   0
2   11.800   12.500 0 0   0
2   11.700   12.500 0 0   0
2   11.600   12.500 0 0   0
2   11.500   12.500 0 0   0
2   11.400   12.500 0 0   0
2   11.300   12.500 0 0   0
2   11.200   12.500 0 0   0
2   11.100   12.500 0 0   0
2   11.000   12.500 0 0   0
2   10.900   12.500 0 0   0
2   10.800   12.500 0 0   0
2   10.700   12.500 0 0   0
2   10.600   12.500 0 0   0
2   10.500   12.500 0 0   0
2   10.400   12.500 0 0   0
2   10.300   12.500 0 0   0
2   10.200   12.500 0 0   0
2   10.100   12.500 0 0   0
2   10.000   12.500 0 0   0
2    9.900   12.500 0 0   0
2    9.800   12.500 0 0   0
2    9.700   12.500 0 0   0
2    9.600   12.500 0 0   0
2    9.500   12.500 0 0   0
2    9.400   12.500 0 0   0
2    9.300   12.500 0 0   0
2    9.200   12.500 0 0   0
2    9.100   12.500 0 0   0
2    9.000   12.500 0 0   0
2    8.900   12.500 0 0   0
2    8.800   12.500 0 0   0
2    8.700   12.500 0 0   0
2    8.600   12.500 0 0   0
2    8.500   12.500 0 0   0
2    8.400   12.500 0 0   0
2    8.300   12.500 0 0   0
2    8.200   12.500 0 0   0
2    8.100   12.500 0 0   0
2    8.000   12.500 0 0   0
2    7.900   12.500 0 0   0
2    7.800   12.500 0 0   0
2    7.700   12.500 0 0   0
2    7.600   12.500 0 0   0
2    7.500   12.500 0 0   0
2    7.400   12.500 0 0   0
2    7.300   12.500 0 0   0
2    7.200   12.500 0 0   0
2    7.100   12.500 0 0   0
2    7.000   12.500 0 0   0
2    6.900   12.500 0 0   0
2    6.800   12.500 0 0   0
2    6.700   12.500 0 0   0
2    6.600   12.500 0 0   0
2    6.500   12.500 0 0   0
2    6.400   12.500 0 0   0
2    6.300   12.500 0 0   0
2    6.200   12.500 0 0   0
2    6.100   12.500 0 0   0
2    6.000   12.500 0 0   0
2    5.900   12.500 0 0   0
2    5.800   12.500 0 0   0
2    5.700   12.500 0 0   0
2    5.600   12.500 0 0   0
2    5.500   12.500 0 0   0
2    5.400   12.500 0 0   0
2    5.300   12.500 0 0   0
2    5.200   12.500 0 0   0
2    5.100   12.500 0 0   0
2    5.000   12.500 0 0   0
2    4.900   12.500 0 0   0
2    4.800   12.500 0 0   0
2    4.700   12.500 0 0   0
2    4.600   12.500 0 0   0
2    4.500   12.500 0 0   0
2    4.400   12.500 0 0   0
2    4.300   12.500 0 0   0
2    4.200   12.500 0 0   0
2    4.100   12.500 0 0   0
2    4.000   12.500 0 0   0
2    3.900   12.500 0 0   0
2    3.800   12.500 0 0   0
2    3.700   12.500 0 0   0
2    3.600   12.500 0 0   0
2    3.500   12.500 0 0   0
2    3.400   12.500 0 0   0
2    3.300   12.500 0 0   0
2    3.200   12.500 0 0   0
2    3.100   12.500 0 0   0
2    3.000   12.500 0 0   0
3    3.000   12.500 0 0   0
2    2.917   12.500 0 0   0
2    2.833   12.500 0 0   0
2    2.750   12.500 0 0   0
2    2.667   12.500 0 0   0
2    2.583   12.500 0 0   0
2    2.500   12.500 0 0   0
3    2.500   12.500 0 0   0
2    2.500   12.417 0 0   0
2    2.500   12.333 0 0   0
2    2.500   12.250 0 0   0
2    2.500   12.167 0 0   0
2    2.500   12.083 0 0   0
2    2.500   12.000 0 0   0
3    2.500   12.000 0 0   0
2    2.500   11.901 0 0   0
2    2.500   11.802 0 0   0
2    2.500   11.703 0 0   0
2    2.500   11.604 0 0   0
2    2.500   11.505 0 0   0
2    2.500   11.406 0 0   0
2    2.500   11.307 0 0   0
2    2.500   11.208 0 0   0
2    2.500   11.109 0 0   0
2    2.500   11.010 0 0   0
2    2.500   10.911 0 0   0
2    2.500   10.812 0 0   0
2    2.500   10.714 0 0   0
2    2.500   10.615 0 0   0
2    2.500   10.516 0 0   0
2    2.500   10.417 0 0   0
2    2.500   10.318 0 0   0
2    2.500   10.219 0 0   0
2    2.500   10.120 0 0   0
2    2.500   10.021 0 0   0
2    2.500    9.922 0 0   0
2    2.500    9.823 0 0   0
2    2.500    9.724 0 0   0
2    2.500    9.625 0 0   0
2    2.500    9.526 0 0   0
2    2.500    9.427 0 0   0
2    2.500    9.328 0 0   0
2    2.500    9.229 0 0   0
2    2.500    9.130 0 0   0
2    2.500    9.031 0 0   0
2    2.500    8.932 0 0   0
2    2.500    8.833 0 0   0
2    2.500    8.734 0 0   0
2    2.500    8.635 0 0   0
2    2.500    8.536 0 0   0
2    2.500    8.438 0 0   0
2    2.500    8.339 0 0   0
2    2.500    8.240 0 0   0
2    2.500    8.141 0 0   0
2    2.500    8.042 0 0   0
2    2.500    7.943 0 0   0
2    2.500    7.844 0 0   0
2    2.500    7.745 0 0   0
2    2.500    7.646 0 0   0
2    2.500    7.547 0 0   0
2    2.500    7.448 0 0   0
2    2.500    7.349 0 0   0
2    2.500    7.250 0 0   0
2    2.500    7.151 0 0   0
2    2.500    7.052 0 0   0
2    2.500    6.953 0 0   0
2    2.500    6.854 0 0   0
2    2.500    6.755 0 0   0
2    2.500    6.656 0 0   0
2    2.500    6.557 0 0   0
2    2.500    6.458 0 0   0
2    2.500    6.359 0 0   0
2    2.500    6.260 0 0   0
2    2.500    6.161 0 0   0
2    2.500    6.062 0 0   0
2    2.500    5.964 0 0   0
2    2.500    5.865 0 0   0
2    2.500    5.766 0 0   0
2    2.500    5.667 0 0   0
2    2.500    5.568 0 0   0
2    2.500    5.469 0 0   0
2    2.500    5.370 0 0   0
2    2.500    5.271 0 0   0
2    2.500    5.172 0 0   0
2    2.500    5.073 0 0   0
2    2.500    4.974 0 0   0
2    2.500    4.875 0 0   0
2    2.500    4.776 0 0   0
2    2.500    4.677 0 0   0
2    2.500    4.578 0 0   0
2    2.500    4.479 0 0   0
2    2.500    4.380 0 0   0
2    2.500    4.281 0 0   0
2    2.500    4.182 0 0   0
2    2.500    4.083 0 0   0
2    2.500    3.984 0 0   0
2    2.500    3.885 0 0   0
2    2.500    3.786 0 0   0
2    2.500    3.688 0 0   0
2    2.500    3.589 0 0   0
2    2.500    3.490 0 0   0
2    2.500    3.391 0 0   0
2    2.500    3.292 0 0   0
2    2.500    3.193 0 0   0
2    2.500    3.094 0 0   0
2    2.500    2.995 0 0   0
2    2.500    2.896 0 0   0
2    2.500    2.797 0 0   0
2    2.500    2.698 0 0   0
2    2.500    2.599 0 0   0
2    2.500    2.500 0 0   0
3    2.500    2.500 0 0   0
2    2.600    2.500 0 0   0
2    2.700    2.500 0 0   0
2    2.800    2.500 0 0   0
2    2.900    2.500 0 0   0
2    3.000    2.500 0 0   0
2    3.100    2.500 0 0   0
2    3.200    2.500 0 0   0
2    3.300    2.500 0 0   0
2    3.400    2.500 0 0   0
2    3.500    2.500 0 0   0
2    3.600    2.500 0 0   0
2    3.700    2.500 0 0   0
2    3.800    2.500 0 0   0
2    3.900    2.500 0 0   0
2    4.000    2.500 0 0   0
2    4.100    2.500 0 0   0
2    4.200    2.500 0 0   0
2    4.300    2.500 0 0   0
2    4.400    2.500 0 0   0
2    4.500    2.500 0 0   0
2    4.600    2.500 0 0   0
2    4.700    2.500 0 0   0
2    4.800    2.500 0 0   0
2    4.900    2.500 0 0   0
2    5.000    2.500 0 0   0
2    5.100    2.500 0 0   0
2    5.200    2.500 0 0   0
2    5.300    2.500 0 0   0
2    5.400    2.500 0 0   0
2    5.500    2.500 0 0   0
2    5.600    2.500 0 0   0
2    5.700    2.500 0 0   0
2    5.800    2.500 0 0   0
2    5.900    2.500 0 0   0
2    6.000    2.500 0 0   0
2    6.100    2.500 0 0   0
2    6.200    2.500 0 0   0
2    6.300    2.500 0 0   0
2    6.400    2.500 0 0   0
2    6.500    2.500 0 0   0
2    6.600    2.500 0 0   0
2    6.700    2.500 0 0   0
2    6.800    2.500 0 0   0
2    6.900    2.500 0 0   0
2    7.000    2.500 0 0   0
2    7.100    2.500 0 0   0
2    7.200    2.500 0 0   0
2    7.300    2.500 0 0   0
2    7.400    2.500 0 0   0
2    7.500    2.500 0 0   0
2    7.600    2.500 0 0   0
2    7.700    2.500 0 0   0
2    7.800    2.500 0 0   0
2    7.900    2.500 0 0   0
2    8.000    2.500 0 0   0
2    8.100    2.500 0 0   0
2    8.200    2.500 0 0   0
2    8.300    2.500 0 0   0
2    8.400    2.500 0 0   0
2    8.500    2.500 0 0   0
2    8.600    2.500 0 0   0
2    8.700    2.500 0 0   0
2    8.800    2.500 0 0   0
2    8.900    2.500 0 0   0
2    9.000    2.500 0 0   0
2    9.100    2.500 0 0   0
2    9.200    2.500 0 0   0
2    9.300    2.500 0 0   0
2    9.400    2.500 0 0   0
2    9.500    2.500 0 0   0
2    9.600    2.500 0 0   0
2    9.700    2.500 0 0   0
2    9.800    2.500 0 0   0
2    9.900    2.500 0 0   0
2   10.000    2.500 0 0   0
2   10.100    2.500 0 0   0
2   10.200    2.500 0 0   0
2   10.300    2.500 0 0   0
2   10.400    2.500 0 0   0
2   10.500    2.500 0 0   0
2   10.600    2.500 0 0   0
2   10.700    2.500 0 0   0
2   10.800    2.500 0 0   0
2   10.900    2.500 0 0   0
2   11.000    2.500 0 0   0
2   11.100    2.500 0 0   0
2   11.200    2.500 0 0   0
2   11.300    2.500 0 0   0
2   11.400    2.500 0 0   0
2   11.500    2.500 0 0   0
2   11.600    2.500 0 0   0
2   11.700    2.500 0 0   0
2   11.800    2.500 0 0   0
2   11.900    2.500 0 0   0
2   12.000    2.500 0 0   0
2   12.100    2.500 0 0   0
2   12.200    2.500 0 0   0
2   12.300    2.500 0 0   0
2   12.400    2.500 0 0   0
2   12.500    2.500 0 0   0
3   12.500   12.500 0 0   0
2   12.417   12.500 0 0   0
2   12.333   12.500 0 0   0
2   12.250   12.500 0 0   0
2   12.167   12.500 0 0   0
2   12.083   12.500 0 0   0
2   12.000   12.500 0 0   0
2   12.000   12.500 0 0   0
2   11.900   12.500 0 0   0
2   11.800   12.500 0 0   0
2   11.700   12.500 0 0   0
2   11.600   12.500 0 0   0
2   11.500   12.500 0 0   0
2   11.400   12.500 0 0   0
2   11.300   12.500 0 0   0
2   11.200   12.500 0 0   0
2   11.100   12.500 0 0   0
2   11.000   12.500 0 0   0
2   10.900   12.500 0 0   0
2   10.800   12.500 0 0   0
2   10.700   12.500 0 0   0
2   10.600   12.500 0 0   0
2   10.500   12.500 0 0   0
2   10.400   12.500 0 0   0
2   10.300   12.500 0 0   0
2   10.200   12.500 0 0   0
2   10.100   12.500 0 0   0
2   10.000   12.500 0 0   0
2    9.900   12.500 0 0   0
2    9.800   12.500 0 0   0
2    9.700   12.500 0 0   0
2    9.600   12.500 0 0   0
2    9.500   12.500 0 0   0
2    9.400   12.500 0 0   0
2    9.300   12.500 0 0   0
2    9.200   12.500 0 0   0
2    9.100   12.500 0 0   0
2    9.000   12.500 0 0   0
2    8.900   12.500 0 0   0
2    8.800   12.500 0 0   0
2    8.700   12.500 0 0   0
2    8.600   12.500 0 0   0
2    8.500   12.500 0 0   0
2    8.400   12.500 0 0   0
2    8.300   12.500 0 0   0
2    8.200   12.500 0 0   0
2    8.100   12.500 0 0   0
2    8.000   12.500 0 0   0
2    7.900   12.500 0 0   0
2    7.800   12.500 0 0   0
2    7.700   12.500 0 0   0
2    7.600   12.500 0 0   0
2    7.500   12.500 0 0   0
2    7.400   12.500 0 0   0
2    7.300   12.500 0 0   0
2    7.200   12.500 0 0   0
2    7.100   12.500 0 0   0
2    7.000   12.500 0 0   0
2    6.900   12.500 0 0   0
2    6.800   12.500 0 0   0
2    6.700   12.500 0 0   0
2    6.600   12.500 0 0   0
2    6.500   12.500 0 0   0
2    6.400   12.500 0 0   0
2    6.300   12.500 0 0   0
2    6.200   12.500 0 0   0
2    6.100   12.500 0 0   0
2    6.000   12.500 0 0   0
2    5.900   12.500 0 0   0
2    5.800   12.500 0 0   0
2    5.700   12.500 0 0   0
2    5.600   12.500 0 0   0
2    5.500   12.500 0 0   0
2    5.400   12.500 0 0   0
2    5.300   12.500 0 0   0
2    5.200   12.500 0 0   0
2    5.100   12.500 0 0   0
2    5.000   12.500 0 0   0
2    4.900   12.500 0 0   0
2    4.800   12.500 0 0   0
2    4.700   12.500 0 0   0
2    4.600   12.500 0 0   0
2    4.500   12.500 0 0   0
2    4.400   12.500 0 0   0
2    4.300   12.500 0 0   0
2    4.200   12.500 0 0   0
2    4.100   12.500 0 0   0
2    4.000   12.500 0 0   0
2    3.900   12.500 0 0   0
2    3.800   12.500 0 0   0
2    3.700   12.500 0 0   0
2    3.600   12.500 0 0   0
2    3.500   12.500 0 0   0
2    3.400   12.500 0 0   0
2    3.300   12.500 0 0   0
2    3.200   12.500 0 0   0
2    3.100   12.500 0 0   0
2    3.000   12.500 0 0   0
2    3.000   12.500 0 0   0
2    2.917   12.500 0 0   0
2    2.833   12.500 0 0   0
2    2.750   12.500 0 0   0
2    2.667   12.500 0 0   0
2    2.583   12.500 0 0   0
2    2.500   12.500 0 0   0
3   12.500    2.500 0 0   0
2   12.500    2.599 0 0   0
2   12.500    2.698 0 0   0
2   12.500    2.797 0 0   0
2   12.500    2.896 0 0   0
2   12.500    2.995 0 0   0
2   12.500    3.094 0 0   0
2   12.500    3.193 0 0   0
2   12.500    3.292 0 0   0
2   12.500    3.391 0 0   0
2   12.500    3.490 0 0   0
2   12.500    3.589 0 0   0
2   12.500    3.688 0 0   0
2   12.500    3.786 0 0   0
2   12.500    3.885 0 0   0
2   12.500    3.984 0 0   0
2   12.500    4.083 0 0   0
2   12.500    4.182 0 0   0
2   12.500    4.281 0 0   0
2   12.500    4.380 0 0   0
2   12.500    4.479 0 0   0
2   12.500    4.578 0 0   0
2   12.500    4.677 0 0   0
2   12.500    4.776 0 0   0
2   12.500    4.875 0 0   0
2   12.500    4.974 0 0   0
2   12.500    5.073 0 0   0
2   12.500    5.172 0 0   0
2   12.500    5.271 0 0   0
2   12.500    5.370 0 0   0
2   12.500    5.469 0 0   0
2   12.500    5.568 0 0   0
2   12.500    5.667 0 0   0
2   12.500    5.766 0 0   0
2   12.500    5.865 0 0   0
2   12.500    5.964 0 0   0
2   12.500    6.062 0 0   0
2   12.500    6.161 0 0   0
2   12.500    6.260 0 0   0
2   12.500    6.359 0 0   0
2   12.500    6.458 0 0   0
2   12.500    6.557 0 0   0
2   12.500    6.656 0 0   0
2   12.500    6.755 0 0   0
2   12.500    6.854 0 0   0
2   12.500    6.953 0 0   0
2   12.500    7.052 0 0   0
2   12.500    7.151 0 0   0
2   12.500    7.250 0 0   0
2   12.500    7.349 0 0   0
2   12.500    7.448 0 0   0
2   12.500    7.547 0 0   0
2   12.500    7.646 0 0   0
2   12.500    7.745 0 0   0
2   12.500    7.844 0 0   0
2   12.500    7.943 0 0   0
2   12.500    8.042 0 0   0
2   12.500    8.141 0 0   0
2   12.500    8.240 0 0   0
2   12.500    8.339 0 0   0
2   12.500    8.438 0 0   0
2   12.500    8.536 0 0   0
2   12.500    8.635 0 0   0
2   12.500    8.734 0 0   0
2   12.500    8.833 0 0   0
2   12.500    8.932 0 0   0
2   12.500    9.031 0 0   0
2   12.500    9.130 0 0   0
2   12.500    9.229 0 0   0
2   12.500    9.328 0 0   0
2   12.500    9.427 0 0   0
2   12.500    9.526 0 0   0
2   12.500    9.625 0 0   0
2   12.500    9.724 0 0   0
2   12.500    9.823 0 0   0
2   12.500    9.922 0 0   0
2   12.500   10.021 0 0   0
2   12.500   10.120 0 0   0
2   12.500   10.219 0 0   0
2   12.500   10.318 0 0   0
2   12.500   10.417 0 0   0
2   12.500   10.516 0 0   0
2   12.500   10.615 0 0   0
2   12.500   10.714 0 0   0
2   12.500   10.812 0 0   0
2   12.500   10.911 0 0   0
2   12.500   11.010 0 0   0
2   12.500   11.109 0 0   0
2   12.500   11.208 0 0   0
2   12.500   11.307 0 0   0
2   12.500   11.406 0 0   0
2   12.500   11.505 0 0   0
2   12.500   11.604 0 0   0
2   12.500   11.703 0 0   0
2   12.500   11.802 0 0   0
2   12.500   11.901 0 0   0
2   12.500   12.000 0 0   0
2   12.500   12.000 0 0   0
2   12.500   12.083 0 0   0
2   12.500   12.167 0 0   0
2   12.500   12.250 0 0   0
2   12.500   12.333 0 0   0
2   12.500   12.417 0 0   0
2   12.500   12.500 0 0   0
3    2.500   12.500 0 0   0
2    2.500   12.417 0 0   0
2    2.500   12.333 0 0   0
2    2.500   12.250 0 0   0
2    2.500   12.167 0 0   0
2    2.500   12.083 0 0   0
2    2.500   12.000 0 0   0
2    2.500   12.000 0 0   0
2    2.500   11.901 0 0   0
2    2.500   11.802 0 0   0
2    2.500   11.703 0 0   0
2    2.500   11.604 0 0   0
2    2.500   11.505 0 0   0
2    2.500   11.406 0 0   0
2    2.500   11.307 0 0   0
2    2.500   11.208 0 0   0
2    2.500   11.109 0 0   0
2    2.500   11.010 0 0   0
2    2.500   10.911 0 0   0
2    2.500   10.812 0 0   0
2    2.500   10.714 0 0   0
2    2.500   10.615 0 0   0
2    2.500   10.516 0 0   0
2    2.500   10.417 0 0   0
2    2.500   10.318 0 0   0
2    2.500   10.219 0 0   0
2    2.500   10.120 0 0   0
2    2.500   10.021 0 0   0
2    2.500    9.922 0 0   0
2    2.500    9.823 0 0   0
2    2.500    9.724 0 0   0
2    2.500    9.625 0 0   0
2    2.500    9.526 0 0   0
2    2.500    9.427 0 0   0
2    2.500    9.328 0 0   0
2    2.500    9.229 0 0   0
2    2.500    9.130 0 0   0
2    2.500    9.031 0 0   0
2    2.500    8.932 0 0   0
2    2.500    8.833 0 0   0
2    2.500    8.734 0 0   0
2    2.500    8.635 0 0   0
2    2.500    8.536 0 0   0
2    2.500    8.438 0 0   0
2    2.500    8.339 0 0   0
2    2.500    8.240 0 0   0
2    2.500    8.141 0 0   0
2    2.500    8.042 0 0   0
2    2.500    7.943 0 0   0
2    2.500    7.844 0 0   0
2    2.500    7.745 0 0   0
2    2.500    7.646 0 0   0
2    2.500    7.547 0 0   0
2    2.500    7.448 0 0   0
2    2.500    7.349 0 0   0
2    2.500    7.250 0 0   0
2    2.500    7.151 0 0   0
2    2.500    7.052 0 0   0
2    2.500    6.953 0 0   0
2    2.500    6.854 0 0   0
2    2.500    6.755 0 0   0
2    2.500    6.656 0 0   0
2    2.500    6.557 0 0   0
2    2.500    6.458 0 0   0
2    2.500    6.359 0 0   0
2    2.500    6.260 0 0   0
2    2.500    6.161 0 0   0
2    2.500    6.062 0 0   0
2    2.500    5.964 0 0   0
2    2.500    5.865 0 0   0
2    2.500    5.766 0 0   0
2    2.500    5.667 0 0   0
2    2.500    5.568 0 0   0
2    2.500    5.469 0 0   0
2    2.500    5.370 0 0   0
2    2.500    5.271 0 0   0
2    2.500    5.172 0 0   0
2    2.500    5.073 0 0   0
2    2.500    4.974 0 0   0
2    2.500    4.875 0 0   0
2    2.500    4.776 0 0   0
2    2.500    4.677 0 0   0
2    2.500    4.578 0 0   0
2    2.500    4.479 0 0   0
2    2.500    4.380 0 0   0
2    2.500    4.281 0 0   0
2    2.500    4.182 0 0   0
2    2.500    4.083 0 0   0
2    2.500    3.984 0 0   0
2    2.500    3.885 0 0   0
2    2.500    3.786 0 0   0
2    2.500    3.688 0 0   0
2    2.500    3.589 0 0   0
2    2.500    3.490 0 0   0
2    2.500    3.391 0 0   0
2    2.500    3.292 0 0   0
2    2.500    3.193 0 0   0
2    2.500    3.094 0 0   0
2    2.500    2.995 0 0   0
2    2.500    2.896 0 0   0
2    2.500    2.797 0 0   0
2    2.500    2.698 0 0   0
2    2.500    2.599 0 0   0
2    2.500    2.500 0 0   0
3    2.500   12.000 0 0   0
2    2.583   12.000 0 0   0
2    2.667   12.000 0 0   0
2    2.750   12.000 0 0   0
2    2.833   12.000 0 0   0
2    2.917   12.000 0 0   0
2    3.000   12.000 0 0   0
2    3.000   12.000 0 0   0
2    3.100   12.000 0 0   0
2    3.200   12.000 0 0   0
2    3.300   12.000 0 0   0
2    3.400   12.000 0 0   0
2    3.500   12.000 0 0   0
2    3.600   12.000 0 0   0
2    3.700   12.000 0 0   0
2    3.800   12.000 0 0   0
2    3.900   12.000 0 0   0
2    4.000   12.000 0 0   0
2    4.100   12.000 0 0   0
2    4.200   12.000 0 0   0
2    4.300   12.000 0 0   0
2    4.400   12.000 0 0   0
2    4.500   12.000 0 0   0
2    4.600   12.000 0 0   0
2    4.700   12.000 0 0   0
2    4.800   12.000 0 0   0
2    4.900   12.000 0 0   0
2    5.000   12.000 0 0   0
2    5.100   12.000 0 0   0
2    5.200   12.000 0 0   0
2    5.300   12.000 0 0   0
2    5.400   12.000 0 0   0
2    5.500   12.000 0 0   0
2    5.600   12.000 0 0   0
2    5.700   12.000 0 0   0
2    5.800   12.000 0 0   0
2    5.900   12.000 0 0   0
2    6.000   12.000 0 0   0
2    6.100   12.000 0 0   0
2    6.200   12.000 0 0   0
2    6.300   12.000 0 0   0
2    6.400   12.000 0 0   0
2    6.500   12.000 0 0   0
2    6.600   12.000 0 0   0
2    6.700   12.000 0 0   0
2    6.800   12.000 0 0   0
2    6.900   12.000 0 0   0
2    7.000   12.000 0 0   0
2    7.100   12.000 0 0   0
2    7.200   12.000 0 0   0
2    7.300   12.000 0 0   0
2    7.400   12.000 0 0   0
2    7.500   12.000 0 0   0
2    7.600   12.000 0 0   0
2    7.700   12.000 0 0   0
2    7.800   12.000 0 0   0
2    7.900   12.000 0 0   0
2    8.000   12.000 0 0   0
2    8.100   12.000 0 0   0
2    8.200   12.000 0 0   0
2    8.300   12.000 0 0   0
2    8.400   12.000 0 0   0
2    8.500   12.000 0 0   0
2    8.600   12.000 0 0   0
2    8.700   12.000 0 0   0
2    8.800   12.000 0 0   0
2    8.900   12.000 0 0   0
2    9.000   12.000 0 0   0
2    9.100   12.000 0 0   0
2    9.200   12.000 0 0   0
2    9.300   12.000 0 0   0
2    9.400   12.000 0 0   0
2    9.500   12.000 0 0   0
2    9.600   12.000 0 0   0
2    9.700   12.000 0 0   0
2    9.800   12.000 0 0   0
2    9.900   12.000 0 0   0
2   10.000   12.000 0 0   0
2   10.100   12.000 0 0   0
2   10.200   12.000 0 0   0
2   10.300   12.000 0 0   0
2   10.400   12.000 0 0   0
2   10.500   12.000 0 0   0
2   10.600   12.000 0 0   0
2   10.700   12.000 0 0   0
2   10.800   12.000 0 0   0
2   10.900   12.000 0 0   0
2   11.000   12.000 0 0   0
2   11.100   12.000 0 0   0
2   11.200   12.000 0 0   0
2   11.300   12.000 0 0   0
2   11.400   12.000 0 0   0
2   11.500   12.000 0 0   0
2   11.600   12.000 0 0   0
2   11.700   12.000 0 0   0
2   11.800   12.000 0 0   0
2   11.900   12.000 0 0   0
2   12.000   12.000 0 0   0
2   12.000   12.000 0 0   0
2   12.083   12.000 0 0   0
2   12.167   12.000 0 0   0
2   12.250   12.000 0 0   0
2   12.333   12.000 0 0   0
2   12.417   12.000 0 0   0
2   12.500   12.000 0 0   0
5    0.000    0.000 0 0   0
