1    1.000   20.000 0 0   0
6    3.500    0.750    0.000    0.250  80
x                                                                               
3   23.750    0.875 0 0   0
2   24.500    0.875 0 0   0
2   24.250    1.000 0 0   0
2   24.250    0.750 0 0   0
2   24.500    0.875 0 0   0
6    0.875    3.500   90.000    0.250  80
y                                                                               
3    0.750   23.750 0 0   0
2    0.750   24.500 0 0   0
2    0.625   24.250 0 0   0
2    0.875   24.250 0 0   0
2    0.750   24.500 0 0   0
3    2.500   17.500 0 0   0
2    2.500   17.500 0 0   0
2    2.500   17.500 0 0   0
2    2.625   17.500 0 0   0
2    2.625   17.500 0 0   0
2    2.750   17.500 0 0   0
2    2.750   17.500 0 0   0
2    2.875   17.500 0 0   0
2    2.875   17.500 0 0   0
2    3.000   17.500 0 0   0
2    3.000   17.500 0 0   0
2    3.125   17.500 0 0   0
2    3.125   17.500 0 0   0
2    3.250   17.500 0 0   0
2    3.400   17.500 0 0   0
2    3.400   17.500 0 0   0
2    3.550   17.500 0 0   0
2    3.550   17.500 0 0   0
2    3.550   17.500 0 0   0
2    3.700   17.500 0 0   0
2    3.700   17.500 0 0   0
2    3.850   17.500 0 0   0
2    3.850   17.500 0 0   0
2    4.000   17.500 0 0   0
2    4.000   17.500 0 0   0
2    4.150   17.500 0 0   0
2    4.150   17.500 0 0   0
2    4.300   17.500 0 0   0
2    4.300   17.500 0 0   0
2    4.450   17.500 0 0   0
2    4.450   17.500 0 0   0
2    4.600   17.500 0 0   0
2    4.600   17.500 0 0   0
2    4.750   17.500 0 0   0
2    4.750   17.500 0 0   0
2    4.900   17.500 0 0   0
2    4.900   17.500 0 0   0
2    5.050   17.500 0 0   0
2    5.050   17.500 0 0   0
2    5.200   17.500 0 0   0
2    5.200   17.500 0 0   0
2    5.350   17.500 0 0   0
2    5.350   17.500 0 0   0
2    5.500   17.500 0 0   0
2    5.500   17.500 0 0   0
2    5.650   17.500 0 0   0
2    5.650   17.500 0 0   0
2    5.800   17.500 0 0   0
2    5.800   17.500 0 0   0
2    5.950   17.500 0 0   0
2    5.950   17.500 0 0   0
2    6.100   17.500 0 0   0
2    6.100   17.500 0 0   0
2    6.250   17.500 0 0   0
2    6.250   17.500 0 0   0
2    6.400   17.500 0 0   0
2    6.400   17.500 0 0   0
2    6.550   17.500 0 0   0
2    6.550   17.500 0 0   0
2    6.700   17.500 0 0   0
2    6.700   17.500 0 0   0
2    6.850   17.500 0 0   0
2    6.850   17.500 0 0   0
2    7.000   17.500 0 0   0
2    7.000   17.500 0 0   0
2    7.150   17.500 0 0   0
2    7.150   17.500 0 0   0
2    7.300   17.500 0 0   0
2    7.300   17.500 0 0   0
2    7.450   17.500 0 0   0
2    7.450   17.500 0 0   0
2    7.600   17.500 0 0   0
2    7.600   17.500 0 0   0
2    7.750   17.500 0 0   0
2    7.750   17.500 0 0   0
2    7.900   17.500 0 0   0
2    7.900   17.500 0 0   0
2    8.050   17.500 0 0   0
2    8.050   17.500 0 0   0
2    8.200   17.500 0 0   0
2    8.200   17.500 0 0   0
2    8.350   17.500 0 0   0
2    8.350   17.500 0 0   0
2    8.500   17.500 0 0   0
2    8.500   17.500 0 0   0
2    8.650   17.500 0 0   0
2    8.650   17.500 0 0   0
2    8.800   17.500 0 0   0
2    8.800   17.500 0 0   0
2    8.950   17.500 0 0   0
2    8.950   17.500 0 0   0
2    9.100   17.500 0 0   0
2    9.100   17.500 0 0   0
2    9.250   17.500 0 0   0
2    9.250   17.500 0 0   0
2    9.400   17.500 0 0   0
2    9.400   17.500 0 0   0
2    9.550   17.500 0 0   0
2    9.550   17.500 0 0   0
2    9.700   17.500 0 0   0
2    9.700   17.500 0 0   0
2    9.850   17.500 0 0   0
2    9.850   17.500 0 0   0
6    9.887   17.485    0.000    0.150   1
1
3    9.850   17.500 0 0   0
2   10.000   17.500 0 0   0
2   10.000   17.500 0 0   0
2   10.150   17.500 0 0   0
2   10.150   17.500 0 0   0
2   10.300   17.500 0 0   0
2   10.300   17.500 0 0   0
2   10.450   17.500 0 0   0
2   10.450   17.500 0 0   0
2   10.600   17.500 0 0   0
2   10.600   17.500 0 0   0
2   10.750   17.500 0 0   0
2   10.750   17.500 0 0   0
2   10.900   17.500 0 0   0
2   10.900   17.500 0 0   0
2   11.050   17.500 0 0   0
2   11.050   17.500 0 0   0
2   11.200   17.500 0 0   0
2   11.200   17.500 0 0   0
2   11.350   17.500 0 0   0
2   11.350   17.500 0 0   0
2   11.500   17.500 0 0   0
2   11.500   17.500 0 0   0
2   11.650   17.500 0 0   0
2   11.650   17.500 0 0   0
2   11.800   17.500 0 0   0
2   11.800   17.500 0 0   0
2   11.950   17.500 0 0   0
2   11.950   17.500 0 0   0
2   12.100   17.500 0 0   0
2   12.100   17.500 0 0   0
2   12.250   17.500 0 0   0
2   12.250   17.500 0 0   0
2   12.400   17.500 0 0   0
2   12.400   17.500 0 0   0
2   12.550   17.500 0 0   0
2   12.550   17.500 0 0   0
2   12.700   17.500 0 0   0
2   12.700   17.500 0 0   0
2   12.850   17.500 0 0   0
2   12.850   17.500 0 0   0
2   13.000   17.500 0 0   0
2   13.000   17.500 0 0   0
2   13.150   17.500 0 0   0
2   13.150   17.500 0 0   0
2   13.300   17.500 0 0   0
2   13.300   17.500 0 0   0
2   13.450   17.500 0 0   0
2   13.450   17.500 0 0   0
2   13.600   17.500 0 0   0
2   13.600   17.500 0 0   0
2   13.750   17.500 0 0   0
2   13.750   17.500 0 0   0
2   13.900   17.500 0 0   0
2   13.900   17.500 0 0   0
2   14.050   17.500 0 0   0
2   14.050   17.500 0 0   0
2   14.200   17.500 0 0   0
2   14.200   17.500 0 0   0
2   14.350   17.500 0 0   0
2   14.350   17.500 0 0   0
2   14.500   17.500 0 0   0
2   14.500   17.500 0 0   0
2   14.650   17.500 0 0   0
2   14.650   17.500 0 0   0
2   14.800   17.500 0 0   0
2   14.800   17.500 0 0   0
2   14.950   17.500 0 0   0
2   14.950   17.500 0 0   0
2   15.100   17.500 0 0   0
2   15.100   17.500 0 0   0
2   15.250   17.500 0 0   0
2   15.250   17.500 0 0   0
2   15.400   17.500 0 0   0
2   15.400   17.500 0 0   0
2   15.550   17.500 0 0   0
2   15.550   17.500 0 0   0
2   15.700   17.500 0 0   0
2   15.700   17.500 0 0   0
2   15.850   17.500 0 0   0
2   15.850   17.500 0 0   0
2   16.000   17.500 0 0   0
2   16.000   17.500 0 0   0
2   16.150   17.500 0 0   0
2   16.150   17.500 0 0   0
2   16.300   17.500 0 0   0
2   16.300   17.500 0 0   0
2   16.450   17.500 0 0   0
2   16.450   17.500 0 0   0
2   16.450   17.500 0 0   0
2   16.600   17.500 0 0   0
2   16.600   17.500 0 0   0
2   16.750   17.500 0 0   0
2   16.750   17.500 0 0   0
2   16.875   17.500 0 0   0
2   16.875   17.500 0 0   0
2   17.000   17.500 0 0   0
2   17.000   17.500 0 0   0
2   17.125   17.500 0 0   0
2   17.125   17.500 0 0   0
2   17.250   17.500 0 0   0
2   17.250   17.500 0 0   0
2   17.375   17.500 0 0   0
2   17.375   17.500 0 0   0
2   17.500   17.500 0 0   0
3    2.500   16.356 0 0   0
2    2.500   16.356 0 0   0
2    2.554   16.356 0 0   0
2    2.622   16.356 0 0   0
2    2.708   16.356 0 0   0
2    2.751   16.356 0 0   0
2    2.867   16.355 0 0   0
2    2.871   16.355 0 0   0
2    2.884   16.355 0 0   0
2    2.987   16.355 0 0   0
2    3.015   16.355 0 0   0
2    3.110   16.354 0 0   0
2    3.158   16.354 0 0   0
2    3.239   16.353 0 0   0
2    3.297   16.353 0 0   0
2    3.374   16.352 0 0   0
2    3.442   16.351 0 0   0
2    3.512   16.350 0 0   0
2    3.588   16.350 0 0   0
2    3.654   16.349 0 0   0
2    3.736   16.348 0 0   0
2    3.796   16.347 0 0   0
2    3.884   16.346 0 0   0
2    3.942   16.345 0 0   0
2    4.035   16.343 0 0   0
2    4.087   16.342 0 0   0
2    4.186   16.341 0 0   0
2    4.236   16.340 0 0   0
2    4.338   16.338 0 0   0
2    4.384   16.337 0 0   0
2    4.489   16.335 0 0   0
2    4.534   16.333 0 0   0
2    4.642   16.331 0 0   0
2    4.685   16.330 0 0   0
2    4.793   16.327 0 0   0
2    4.837   16.326 0 0   0
2    4.945   16.323 0 0   0
2    4.990   16.322 0 0   0
2    5.094   16.319 0 0   0
2    5.143   16.318 0 0   0
2    5.244   16.315 0 0   0
2    5.298   16.313 0 0   0
2    5.393   16.310 0 0   0
2    5.451   16.308 0 0   0
2    5.541   16.305 0 0   0
2    5.606   16.303 0 0   0
2    5.689   16.300 0 0   0
2    5.759   16.298 0 0   0
2    5.837   16.295 0 0   0
2    5.913   16.292 0 0   0
2    5.984   16.289 0 0   0
2    6.067   16.286 0 0   0
2    6.130   16.284 0 0   0
2    6.221   16.280 0 0   0
2    6.277   16.278 0 0   0
2    6.375   16.273 0 0   0
2    6.423   16.271 0 0   0
2    6.530   16.266 0 0   0
2    6.569   16.265 0 0   0
2    6.684   16.259 0 0   0
2    6.715   16.258 0 0   0
2    6.838   16.252 0 0   0
2    6.861   16.251 0 0   0
2    6.993   16.244 0 0   0
2    7.007   16.244 0 0   0
2    7.147   16.236 0 0   0
2    7.153   16.236 0 0   0
2    7.235   16.232 0 0   0
2    7.298   16.228 0 0   0
2    7.302   16.228 0 0   0
2    7.443   16.220 0 0   0
2    7.457   16.219 0 0   0
2    7.589   16.212 0 0   0
2    7.612   16.210 0 0   0
2    7.734   16.203 0 0   0
2    7.768   16.201 0 0   0
2    7.878   16.195 0 0   0
2    7.923   16.192 0 0   0
2    8.023   16.185 0 0   0
2    8.079   16.182 0 0   0
2    8.168   16.176 0 0   0
2    8.235   16.171 0 0   0
2    8.312   16.167 0 0   0
2    8.391   16.161 0 0   0
2    8.457   16.157 0 0   0
2    8.547   16.150 0 0   0
2    8.601   16.147 0 0   0
2    8.704   16.139 0 0   0
2    8.745   16.136 0 0   0
2    8.860   16.128 0 0   0
2    8.889   16.126 0 0   0
2    9.017   16.116 0 0   0
2    9.032   16.115 0 0   0
2    9.174   16.104 0 0   0
2    9.176   16.104 0 0   0
2    9.196   16.102 0 0   0
2    9.319   16.093 0 0   0
2    9.331   16.092 0 0   0
2    9.463   16.081 0 0   0
2    9.489   16.079 0 0   0
2    9.606   16.069 0 0   0
2    9.646   16.066 0 0   0
2    9.749   16.057 0 0   0
2    9.804   16.052 0 0   0
2    9.892   16.045 0 0   0
2    9.962   16.039 0 0   0
2   10.035   16.033 0 0   0
2   10.120   16.025 0 0   0
6   10.116   16.007    0.000    0.150   1
2
3   10.120   16.025 0 0   0
2   10.177   16.020 0 0   0
2   10.278   16.011 0 0   0
2   10.320   16.007 0 0   0
2   10.436   15.996 0 0   0
2   10.462   15.994 0 0   0
2   10.595   15.981 0 0   0
2   10.604   15.980 0 0   0
2   10.686   15.973 0 0   0
2   10.747   15.967 0 0   0
2   10.754   15.966 0 0   0
2   10.889   15.953 0 0   0
2   10.913   15.951 0 0   0
2   11.031   15.939 0 0   0
2   11.072   15.935 0 0   0
2   11.173   15.925 0 0   0
2   11.231   15.919 0 0   0
2   11.314   15.911 0 0   0
2   11.390   15.903 0 0   0
2   11.456   15.897 0 0   0
2   11.550   15.887 0 0   0
2   11.598   15.882 0 0   0
2   11.709   15.870 0 0   0
2   11.739   15.867 0 0   0
2   11.869   15.853 0 0   0
2   11.880   15.852 0 0   0
2   11.968   15.843 0 0   0
2   12.022   15.837 0 0   0
2   12.029   15.836 0 0   0
2   12.163   15.822 0 0   0
2   12.189   15.819 0 0   0
2   12.305   15.807 0 0   0
2   12.349   15.802 0 0   0
2   12.446   15.792 0 0   0
2   12.509   15.785 0 0   0
2   12.587   15.776 0 0   0
2   12.669   15.767 0 0   0
2   12.728   15.761 0 0   0
2   12.829   15.750 0 0   0
2   12.870   15.745 0 0   0
2   12.988   15.732 0 0   0
2   13.011   15.730 0 0   0
2   13.148   15.715 0 0   0
2   13.152   15.714 0 0   0
2   13.181   15.711 0 0   0
2   13.293   15.699 0 0   0
2   13.308   15.697 0 0   0
2   13.435   15.683 0 0   0
2   13.467   15.680 0 0   0
2   13.576   15.668 0 0   0
2   13.626   15.662 0 0   0
2   13.718   15.653 0 0   0
2   13.785   15.645 0 0   0
2   13.859   15.637 0 0   0
2   13.944   15.628 0 0   0
2   14.001   15.622 0 0   0
2   14.102   15.611 0 0   0
2   14.143   15.607 0 0   0
2   14.260   15.595 0 0   0
2   14.285   15.592 0 0   0
2   14.417   15.578 0 0   0
2   14.428   15.577 0 0   0
2   14.530   15.567 0 0   0
2   14.571   15.563 0 0   0
2   14.575   15.562 0 0   0
2   14.715   15.548 0 0   0
2   14.732   15.547 0 0   0
2   14.861   15.534 0 0   0
2   14.891   15.531 0 0   0
2   15.008   15.520 0 0   0
2   15.047   15.516 0 0   0
2   15.159   15.506 0 0   0
2   15.208   15.501 0 0   0
2   15.310   15.492 0 0   0
2   15.362   15.487 0 0   0
2   15.475   15.478 0 0   0
2   15.527   15.473 0 0   0
2   15.629   15.465 0 0   0
2   15.670   15.461 0 0   0
2   15.741   15.456 0 0   0
2   15.779   15.452 0 0   0
2   15.806   15.450 0 0   0
2   15.902   15.443 0 0   0
2   15.944   15.440 0 0   0
2   16.041   15.433 0 0   0
2   16.067   15.431 0 0   0
2   16.168   15.424 0 0   0
2   16.207   15.421 0 0   0
2   16.263   15.417 0 0   0
2   16.356   15.411 0 0   0
2   16.360   15.411 0 0   0
2   16.452   15.405 0 0   0
2   16.478   15.403 0 0   0
2   16.548   15.399 0 0   0
2   16.610   15.395 0 0   0
2   16.664   15.392 0 0   0
2   16.758   15.387 0 0   0
2   16.774   15.387 0 0   0
2   16.810   15.385 0 0   0
2   16.894   15.381 0 0   0
2   16.943   15.378 0 0   0
2   17.008   15.375 0 0   0
2   17.105   15.371 0 0   0
2   17.128   15.370 0 0   0
2   17.144   15.369 0 0   0
2   17.251   15.365 0 0   0
2   17.362   15.361 0 0   0
2   17.378   15.361 0 0   0
2   17.398   15.360 0 0   0
2   17.500   15.357 0 0   0
3    2.500   15.196 0 0   0
2    2.500   15.196 0 0   0
2    2.613   15.196 0 0   0
2    2.642   15.196 0 0   0
2    2.681   15.196 0 0   0
2    2.774   15.195 0 0   0
2    2.879   15.194 0 0   0
2    2.899   15.194 0 0   0
2    2.909   15.194 0 0   0
2    3.037   15.193 0 0   0
2    3.088   15.192 0 0   0
2    3.158   15.191 0 0   0
2    3.268   15.190 0 0   0
2    3.279   15.189 0 0   0
2    3.301   15.189 0 0   0
2    3.407   15.187 0 0   0
2    3.462   15.186 0 0   0
2    3.535   15.184 0 0   0
2    3.632   15.182 0 0   0
2    3.671   15.181 0 0   0
2    3.782   15.178 0 0   0
2    3.818   15.177 0 0   0
2    3.933   15.174 0 0   0
2    3.948   15.173 0 0   0
2    4.009   15.171 0 0   0
2    4.077   15.169 0 0   0
2    4.091   15.169 0 0   0
2    4.192   15.165 0 0   0
2    4.218   15.164 0 0   0
2    4.326   15.160 0 0   0
2    4.350   15.159 0 0   0
2    4.360   15.159 0 0   0
2    4.460   15.154 0 0   0
2    4.550   15.150 0 0   0
2    4.602   15.148 0 0   0
2    4.727   15.142 0 0   0
2    4.746   15.141 0 0   0
2    4.853   15.136 0 0   0
2    4.892   15.134 0 0   0
2    4.898   15.134 0 0   0
2    5.037   15.126 0 0   0
2    5.067   15.124 0 0   0
2    5.180   15.118 0 0   0
2    5.230   15.115 0 0   0
2    5.324   15.109 0 0   0
2    5.391   15.105 0 0   0
2    5.466   15.100 0 0   0
2    5.551   15.095 0 0   0
2    5.609   15.091 0 0   0
2    5.709   15.084 0 0   0
2    5.750   15.081 0 0   0
2    5.868   15.072 0 0   0
2    5.892   15.071 0 0   0
2    6.026   15.060 0 0   0
2    6.033   15.060 0 0   0
2    6.092   15.055 0 0   0
2    6.174   15.048 0 0   0
2    6.184   15.048 0 0   0
2    6.315   15.037 0 0   0
2    6.342   15.034 0 0   0
2    6.457   15.025 0 0   0
2    6.500   15.021 0 0   0
2    6.599   15.012 0 0   0
2    6.659   15.006 0 0   0
2    6.740   14.999 0 0   0
2    6.818   14.991 0 0   0
2    6.881   14.985 0 0   0
2    6.977   14.976 0 0   0
2    7.023   14.971 0 0   0
2    7.136   14.959 0 0   0
2    7.164   14.957 0 0   0
2    7.296   14.943 0 0   0
2    7.305   14.942 0 0   0
2    7.366   14.935 0 0   0
2    7.445   14.926 0 0   0
2    7.456   14.925 0 0   0
2    7.586   14.911 0 0   0
2    7.617   14.907 0 0   0
2    7.726   14.894 0 0   0
2    7.778   14.888 0 0   0
2    7.866   14.878 0 0   0
2    7.939   14.869 0 0   0
2    8.006   14.860 0 0   0
2    8.101   14.848 0 0   0
2    8.146   14.843 0 0   0
2    8.263   14.828 0 0   0
2    8.286   14.825 0 0   0
2    8.423   14.807 0 0   0
2    8.425   14.806 0 0   0
2    8.425   14.806 0 0   0
2    8.564   14.788 0 0   0
2    8.588   14.784 0 0   0
2    8.703   14.768 0 0   0
2    8.751   14.761 0 0   0
2    8.841   14.749 0 0   0
2    8.915   14.738 0 0   0
2    8.980   14.729 0 0   0
2    9.079   14.714 0 0   0
2    9.118   14.708 0 0   0
2    9.243   14.689 0 0   0
2    9.256   14.687 0 0   0
2    9.321   14.677 0 0   0
2    9.394   14.666 0 0   0
2    9.408   14.664 0 0   0
2    9.531   14.645 0 0   0
2    9.573   14.638 0 0   0
2    9.668   14.623 0 0   0
2    9.738   14.611 0 0   0
2    9.805   14.600 0 0   0
2    9.904   14.584 0 0   0
2    9.942   14.578 0 0   0
2   10.070   14.556 0 0   0
6   10.047   14.539    0.000    0.150   1
3
3   10.070   14.556 0 0   0
2   10.079   14.555 0 0   0
2   10.119   14.548 0 0   0
2   10.215   14.531 0 0   0
2   10.237   14.527 0 0   0
2   10.352   14.508 0 0   0
2   10.404   14.498 0 0   0
2   10.488   14.484 0 0   0
2   10.571   14.469 0 0   0
2   10.624   14.459 0 0   0
2   10.738   14.439 0 0   0
2   10.760   14.435 0 0   0
2   10.851   14.418 0 0   0
2   10.896   14.410 0 0   0
2   10.906   14.408 0 0   0
2   11.031   14.385 0 0   0
2   11.074   14.377 0 0   0
2   11.167   14.360 0 0   0
2   11.243   14.345 0 0   0
2   11.302   14.334 0 0   0
2   11.411   14.313 0 0   0
2   11.437   14.309 0 0   0
2   11.542   14.289 0 0   0
2   11.572   14.283 0 0   0
2   11.580   14.281 0 0   0
2   11.708   14.257 0 0   0
2   11.749   14.248 0 0   0
2   11.843   14.231 0 0   0
2   11.919   14.216 0 0   0
2   11.978   14.204 0 0   0
2   12.088   14.182 0 0   0
2   12.113   14.178 0 0   0
2   12.209   14.159 0 0   0
2   12.248   14.151 0 0   0
2   12.258   14.149 0 0   0
2   12.383   14.125 0 0   0
2   12.427   14.116 0 0   0
2   12.518   14.098 0 0   0
2   12.597   14.082 0 0   0
2   12.653   14.072 0 0   0
2   12.767   14.049 0 0   0
2   12.787   14.045 0 0   0
2   12.868   14.029 0 0   0
2   12.922   14.018 0 0   0
2   12.936   14.016 0 0   0
2   13.057   13.992 0 0   0
2   13.106   13.982 0 0   0
2   13.192   13.966 0 0   0
2   13.275   13.949 0 0   0
2   13.327   13.940 0 0   0
2   13.443   13.917 0 0   0
2   13.461   13.913 0 0   0
2   13.535   13.899 0 0   0
2   13.596   13.888 0 0   0
2   13.612   13.885 0 0   0
2   13.731   13.862 0 0   0
2   13.779   13.853 0 0   0
2   13.865   13.837 0 0   0
2   13.947   13.822 0 0   0
2   13.999   13.812 0 0   0
2   14.114   13.791 0 0   0
2   14.133   13.788 0 0   0
2   14.210   13.774 0 0   0
2   14.267   13.763 0 0   0
2   14.281   13.761 0 0   0
2   14.400   13.740 0 0   0
2   14.447   13.732 0 0   0
2   14.531   13.717 0 0   0
2   14.613   13.703 0 0   0
2   14.663   13.695 0 0   0
2   14.777   13.675 0 0   0
2   14.794   13.673 0 0   0
2   14.862   13.661 0 0   0
2   14.925   13.651 0 0   0
2   14.940   13.649 0 0   0
2   15.056   13.631 0 0   0
2   15.104   13.623 0 0   0
2   15.188   13.610 0 0   0
2   15.269   13.598 0 0   0
2   15.328   13.589 0 0   0
2   15.437   13.573 0 0   0
2   15.459   13.570 0 0   0
2   15.505   13.564 0 0   0
2   15.588   13.552 0 0   0
2   15.639   13.545 0 0   0
2   15.714   13.535 0 0   0
2   15.824   13.521 0 0   0
2   15.834   13.519 0 0   0
2   15.853   13.517 0 0   0
2   15.957   13.504 0 0   0
2   16.015   13.497 0 0   0
2   16.077   13.490 0 0   0
2   16.187   13.477 0 0   0
2   16.197   13.476 0 0   0
2   16.203   13.475 0 0   0
2   16.316   13.463 0 0   0
2   16.394   13.455 0 0   0
2   16.436   13.451 0 0   0
2   16.511   13.443 0 0   0
2   16.556   13.439 0 0   0
2   16.580   13.437 0 0   0
2   16.675   13.428 0 0   0
2   16.763   13.421 0 0   0
2   16.796   13.418 0 0   0
2   16.861   13.413 0 0   0
2   16.919   13.408 0 0   0
2   16.948   13.406 0 0   0
2   17.065   13.398 0 0   0
2   17.133   13.393 0 0   0
2   17.203   13.389 0 0   0
2   17.300   13.383 0 0   0
2   17.347   13.381 0 0   0
2   17.411   13.377 0 0   0
2   17.500   13.373 0 0   0
3    2.500   14.003 0 0   0
2    2.500   14.003 0 0   0
2    2.616   14.003 0 0   0
2    2.629   14.003 0 0   0
2    2.644   14.003 0 0   0
2    2.755   14.002 0 0   0
2    2.843   14.001 0 0   0
2    2.881   14.001 0 0   0
2    2.932   14.000 0 0   0
2    3.010   13.999 0 0   0
2    3.065   13.998 0 0   0
2    3.140   13.996 0 0   0
2    3.265   13.994 0 0   0
2    3.269   13.993 0 0   0
2    3.271   13.993 0 0   0
2    3.400   13.990 0 0   0
2    3.456   13.988 0 0   0
2    3.530   13.986 0 0   0
2    3.623   13.983 0 0   0
2    3.656   13.981 0 0   0
2    3.787   13.976 0 0   0
2    3.791   13.976 0 0   0
2    3.821   13.975 0 0   0
2    3.917   13.971 0 0   0
2    3.928   13.970 0 0   0
2    4.057   13.964 0 0   0
2    4.074   13.963 0 0   0
2    4.193   13.957 0 0   0
2    4.207   13.956 0 0   0
2    4.340   13.948 0 0   0
2    4.344   13.948 0 0   0
2    4.381   13.946 0 0   0
2    4.474   13.940 0 0   0
2    4.484   13.939 0 0   0
2    4.607   13.931 0 0   0
2    4.632   13.930 0 0   0
2    4.738   13.922 0 0   0
2    4.781   13.919 0 0   0
2    4.869   13.912 0 0   0
2    4.931   13.907 0 0   0
2    5.001   13.902 0 0   0
2    5.083   13.895 0 0   0
2    5.133   13.891 0 0   0
2    5.235   13.882 0 0   0
2    5.266   13.879 0 0   0
2    5.389   13.868 0 0   0
2    5.399   13.867 0 0   0
2    5.458   13.861 0 0   0
2    5.532   13.854 0 0   0
2    5.543   13.853 0 0   0
2    5.666   13.841 0 0   0
2    5.699   13.837 0 0   0
2    5.799   13.827 0 0   0
2    5.856   13.820 0 0   0
2    5.934   13.812 0 0   0
2    6.014   13.803 0 0   0
2    6.069   13.796 0 0   0
2    6.172   13.784 0 0   0
2    6.204   13.780 0 0   0
2    6.332   13.765 0 0   0
2    6.341   13.764 0 0   0
2    6.389   13.757 0 0   0
2    6.477   13.746 0 0   0
2    6.493   13.744 0 0   0
2    6.614   13.728 0 0   0
2    6.655   13.722 0 0   0
2    6.750   13.709 0 0   0
2    6.817   13.700 0 0   0
2    6.886   13.690 0 0   0
2    6.980   13.677 0 0   0
2    7.023   13.670 0 0   0
2    7.144   13.652 0 0   0
2    7.160   13.650 0 0   0
2    7.240   13.637 0 0   0
2    7.297   13.629 0 0   0
2    7.308   13.627 0 0   0
2    7.433   13.607 0 0   0
2    7.473   13.600 0 0   0
2    7.570   13.585 0 0   0
2    7.639   13.573 0 0   0
2    7.706   13.562 0 0   0
2    7.806   13.544 0 0   0
2    7.842   13.538 0 0   0
2    7.973   13.515 0 0   0
2    7.978   13.514 0 0   0
2    7.999   13.510 0 0   0
2    8.113   13.490 0 0   0
2    8.140   13.485 0 0   0
2    8.249   13.465 0 0   0
2    8.308   13.453 0 0   0
2    8.384   13.439 0 0   0
2    8.477   13.421 0 0   0
2    8.518   13.413 0 0   0
2    8.646   13.388 0 0   0
2    8.653   13.387 0 0   0
2    8.678   13.382 0 0   0
2    8.787   13.360 0 0   0
2    8.816   13.354 0 0   0
2    8.921   13.332 0 0   0
2    8.987   13.318 0 0   0
2    9.055   13.304 0 0   0
2    9.158   13.282 0 0   0
2    9.189   13.276 0 0   0
2    9.298   13.252 0 0   0
2    9.322   13.247 0 0   0
2    9.329   13.246 0 0   0
2    9.455   13.218 0 0   0
2    9.501   13.208 0 0   0
2    9.588   13.188 0 0   0
2    9.673   13.169 0 0   0
2    9.721   13.158 0 0   0
2    9.846   13.129 0 0   0
2    9.853   13.128 0 0   0
2    9.875   13.123 0 0   0
2    9.985   13.097 0 0   0
2   10.020   13.089 0 0   0
2   10.118   13.066 0 0   0
6   10.132   13.041    0.000    0.150   1
4
3   10.118   13.066 0 0   0
2   10.194   13.048 0 0   0
2   10.249   13.035 0 0   0
2   10.368   13.006 0 0   0
2   10.381   13.003 0 0   0
2   10.422   12.993 0 0   0
2   10.513   12.971 0 0   0
2   10.543   12.964 0 0   0
2   10.644   12.939 0 0   0
2   10.718   12.921 0 0   0
2   10.776   12.907 0 0   0
2   10.894   12.877 0 0   0
2   10.907   12.874 0 0   0
2   10.945   12.865 0 0   0
2   11.039   12.841 0 0   0
2   11.071   12.833 0 0   0
2   11.170   12.808 0 0   0
2   11.248   12.789 0 0   0
2   11.301   12.775 0 0   0
2   11.425   12.744 0 0   0
2   11.432   12.742 0 0   0
2   11.451   12.737 0 0   0
2   11.563   12.709 0 0   0
2   11.603   12.698 0 0   0
2   11.694   12.675 0 0   0
2   11.781   12.653 0 0   0
2   11.825   12.642 0 0   0
2   11.945   12.611 0 0   0
2   11.956   12.608 0 0   0
2   11.960   12.607 0 0   0
2   12.087   12.575 0 0   0
2   12.139   12.561 0 0   0
2   12.218   12.541 0 0   0
2   12.319   12.516 0 0   0
2   12.348   12.508 0 0   0
2   12.428   12.488 0 0   0
2   12.479   12.475 0 0   0
2   12.498   12.470 0 0   0
2   12.609   12.442 0 0   0
2   12.677   12.425 0 0   0
2   12.739   12.410 0 0   0
2   12.854   12.381 0 0   0
2   12.869   12.377 0 0   0
2   12.909   12.367 0 0   0
2   12.998   12.345 0 0   0
2   13.031   12.337 0 0   0
2   13.127   12.314 0 0   0
2   13.205   12.294 0 0   0
2   13.256   12.282 0 0   0
2   13.378   12.253 0 0   0
2   13.384   12.251 0 0   0
2   13.401   12.247 0 0   0
2   13.513   12.221 0 0   0
2   13.549   12.212 0 0   0
2   13.640   12.191 0 0   0
2   13.716   12.173 0 0   0
2   13.767   12.162 0 0   0
2   13.880   12.136 0 0   0
2   13.892   12.133 0 0   0
2   13.935   12.123 0 0   0
2   14.018   12.105 0 0   0
2   14.042   12.099 0 0   0
2   14.142   12.077 0 0   0
2   14.199   12.065 0 0   0
2   14.265   12.051 0 0   0
2   14.353   12.032 0 0   0
2   14.385   12.025 0 0   0
2   14.503   12.001 0 0   0
2   14.506   12.000 0 0   0
2   14.517   11.998 0 0   0
2   14.625   11.976 0 0   0
2   14.652   11.970 0 0   0
2   14.742   11.953 0 0   0
2   14.799   11.941 0 0   0
2   14.861   11.930 0 0   0
2   14.948   11.913 0 0   0
2   14.979   11.907 0 0   0
2   15.098   11.885 0 0   0
2   15.099   11.885 0 0   0
2   15.105   11.884 0 0   0
2   15.219   11.864 0 0   0
2   15.245   11.859 0 0   0
2   15.350   11.841 0 0   0
2   15.407   11.832 0 0   0
2   15.484   11.819 0 0   0
2   15.540   11.810 0 0   0
2   15.647   11.793 0 0   0
2   15.649   11.793 0 0   0
2   15.651   11.792 0 0   0
2   15.779   11.773 0 0   0
2   15.883   11.758 0 0   0
2   15.894   11.756 0 0   0
2   15.909   11.754 0 0   0
2   16.008   11.741 0 0   0
2   16.079   11.731 0 0   0
2   16.125   11.725 0 0   0
2   16.194   11.716 0 0   0
2   16.242   11.710 0 0   0
2   16.274   11.706 0 0   0
2   16.361   11.696 0 0   0
2   16.470   11.684 0 0   0
2   16.480   11.682 0 0   0
2   16.498   11.681 0 0   0
2   16.600   11.670 0 0   0
2   16.663   11.663 0 0   0
2   16.721   11.658 0 0   0
2   16.824   11.648 0 0   0
2   16.844   11.646 0 0   0
2   16.856   11.645 0 0   0
2   16.966   11.636 0 0   0
2   17.048   11.630 0 0   0
2   17.097   11.626 0 0   0
2   17.196   11.619 0 0   0
2   17.227   11.617 0 0   0
2   17.244   11.616 0 0   0
2   17.365   11.608 0 0   0
2   17.439   11.604 0 0   0
2   17.500   11.601 0 0   0
3    2.500   12.757 0 0   0
2    2.500   12.757 0 0   0
2    2.524   12.757 0 0   0
2    2.620   12.756 0 0   0
2    2.715   12.756 0 0   0
2    2.740   12.756 0 0   0
2    2.764   12.755 0 0   0
2    2.855   12.754 0 0   0
2    2.961   12.752 0 0   0
2    2.972   12.752 0 0   0
2    2.979   12.752 0 0   0
2    3.084   12.749 0 0   0
2    3.153   12.748 0 0   0
2    3.200   12.746 0 0   0
2    3.303   12.743 0 0   0
2    3.317   12.743 0 0   0
2    3.324   12.742 0 0   0
2    3.433   12.738 0 0   0
2    3.483   12.736 0 0   0
2    3.554   12.733 0 0   0
2    3.646   12.729 0 0   0
2    3.678   12.727 0 0   0
2    3.797   12.721 0 0   0
2    3.803   12.721 0 0   0
2    3.827   12.719 0 0   0
2    3.941   12.713 0 0   0
2    3.965   12.711 0 0   0
2    4.076   12.704 0 0   0
2    4.101   12.702 0 0   0
2    4.226   12.694 0 0   0
2    4.233   12.693 0 0   0
2    4.234   12.693 0 0   0
2    4.362   12.683 0 0   0
2    4.378   12.682 0 0   0
2    4.490   12.673 0 0   0
2    4.518   12.670 0 0   0
2    4.619   12.661 0 0   0
2    4.663   12.657 0 0   0
2    4.750   12.649 0 0   0
2    4.808   12.644 0 0   0
2    4.881   12.636 0 0   0
2    4.956   12.629 0 0   0
2    5.012   12.623 0 0   0
2    5.105   12.613 0 0   0
2    5.143   12.608 0 0   0
2    5.257   12.595 0 0   0
2    5.275   12.593 0 0   0
2    5.387   12.580 0 0   0
2    5.406   12.578 0 0   0
2    5.409   12.577 0 0   0
2    5.538   12.561 0 0   0
2    5.563   12.558 0 0   0
2    5.669   12.544 0 0   0
2    5.719   12.537 0 0   0
2    5.802   12.525 0 0   0
2    5.877   12.515 0 0   0
2    5.934   12.507 0 0   0
2    6.035   12.492 0 0   0
2    6.067   12.487 0 0   0
2    6.195   12.467 0 0   0
2    6.200   12.467 0 0   0
2    6.223   12.463 0 0   0
2    6.333   12.445 0 0   0
2    6.356   12.441 0 0   0
2    6.466   12.423 0 0   0
2    6.519   12.414 0 0   0
2    6.599   12.401 0 0   0
2    6.683   12.386 0 0   0
2    6.733   12.377 0 0   0
2    6.848   12.357 0 0   0
2    6.866   12.353 0 0   0
2    6.937   12.340 0 0   0
2    6.999   12.329 0 0   0
2    7.015   12.326 0 0   0
2    7.133   12.303 0 0   0
2    7.183   12.293 0 0   0
2    7.266   12.277 0 0   0
2    7.351   12.260 0 0   0
2    7.400   12.250 0 0   0
2    7.521   12.225 0 0   0
2    7.533   12.223 0 0   0
2    7.575   12.214 0 0   0
2    7.665   12.195 0 0   0
2    7.691   12.189 0 0   0
2    7.798   12.166 0 0   0
2    7.862   12.152 0 0   0
2    7.931   12.137 0 0   0
2    8.034   12.113 0 0   0
2    8.063   12.107 0 0   0
2    8.156   12.086 0 0   0
2    8.195   12.077 0 0   0
2    8.207   12.074 0 0   0
2    8.327   12.046 0 0   0
2    8.381   12.033 0 0   0
2    8.459   12.014 0 0   0
2    8.555   11.991 0 0   0
2    8.590   11.982 0 0   0
2    8.694   11.957 0 0   0
2    8.721   11.950 0 0   0
2    8.730   11.948 0 0   0
2    8.852   11.917 0 0   0
2    8.906   11.903 0 0   0
2    8.983   11.884 0 0   0
2    9.082   11.858 0 0   0
2    9.113   11.850 0 0   0
2    9.201   11.827 0 0   0
2    9.244   11.816 0 0   0
2    9.259   11.812 0 0   0
2    9.374   11.782 0 0   0
2    9.436   11.765 0 0   0
2    9.504   11.747 0 0   0
2    9.614   11.717 0 0   0
2    9.634   11.712 0 0   0
2    9.685   11.698 0 0   0
2    9.763   11.677 0 0   0
2    9.793   11.668 0 0   0
2    9.893   11.641 0 0   0
2    9.972   11.619 0 0   0
2   10.022   11.605 0 0   0
2   10.151   11.569 0 0   0
2   10.152   11.569 0 0   0
2   10.152   11.569 0 0   0
6   10.195   11.533    0.000    0.150   1
5
3   10.152   11.569 0 0   0
2   10.281   11.532 0 0   0
2   10.333   11.518 0 0   0
2   10.410   11.496 0 0   0
2   10.514   11.466 0 0   0
2   10.540   11.459 0 0   0
2   10.604   11.440 0 0   0
2   10.669   11.422 0 0   0
2   10.696   11.414 0 0   0
2   10.799   11.385 0 0   0
2   10.879   11.362 0 0   0
2   10.928   11.347 0 0   0
2   11.045   11.314 0 0   0
2   11.058   11.310 0 0   0
2   11.063   11.308 0 0   0
2   11.188   11.273 0 0   0
2   11.249   11.255 0 0   0
2   11.318   11.235 0 0   0
2   11.437   11.201 0 0   0
2   11.449   11.198 0 0   0
2   11.475   11.190 0 0   0
2   11.579   11.160 0 0   0
2   11.628   11.146 0 0   0
2   11.710   11.123 0 0   0
2   11.821   11.091 0 0   0
2   11.839   11.086 0 0   0
2   11.877   11.075 0 0   0
2   11.970   11.049 0 0   0
2   12.016   11.036 0 0   0
2   12.099   11.012 0 0   0
2   12.211   10.981 0 0   0
2   12.227   10.976 0 0   0
2   12.257   10.968 0 0   0
2   12.353   10.941 0 0   0
2   12.406   10.927 0 0   0
2   12.479   10.906 0 0   0
2   12.595   10.875 0 0   0
2   12.603   10.872 0 0   0
2   12.619   10.868 0 0   0
2   12.728   10.839 0 0   0
2   12.783   10.824 0 0   0
2   12.851   10.806 0 0   0
2   12.967   10.775 0 0   0
2   12.974   10.773 0 0   0
2   12.988   10.769 0 0   0
2   13.096   10.741 0 0   0
2   13.146   10.728 0 0   0
2   13.218   10.710 0 0   0
2   13.322   10.683 0 0   0
2   13.339   10.679 0 0   0
2   13.379   10.669 0 0   0
2   13.460   10.649 0 0   0
2   13.495   10.640 0 0   0
2   13.580   10.619 0 0   0
2   13.665   10.599 0 0   0
2   13.701   10.590 0 0   0
2   13.786   10.570 0 0   0
2   13.820   10.562 0 0   0
2   13.834   10.558 0 0   0
2   13.939   10.534 0 0   0
2   13.999   10.520 0 0   0
2   14.057   10.507 0 0   0
2   14.165   10.483 0 0   0
2   14.175   10.480 0 0   0
2   14.200   10.475 0 0   0
2   14.290   10.455 0 0   0
2   14.327   10.447 0 0   0
2   14.405   10.431 0 0   0
2   14.493   10.412 0 0   0
2   14.518   10.407 0 0   0
2   14.580   10.394 0 0   0
2   14.628   10.384 0 0   0
2   14.645   10.381 0 0   0
2   14.714   10.367 0 0   0
2   14.786   10.353 0 0   0
2   14.802   10.350 0 0   0
2   14.890   10.333 0 0   0
2   14.904   10.330 0 0   0
2   14.991   10.314 0 0   0
2   15.008   10.311 0 0   0
2   15.113   10.292 0 0   0
2   15.116   10.291 0 0   0
2   15.117   10.291 0 0   0
2   15.227   10.272 0 0   0
2   15.247   10.268 0 0   0
2   15.331   10.254 0 0   0
2   15.386   10.245 0 0   0
2   15.432   10.238 0 0   0
2   15.531   10.222 0 0   0
2   15.541   10.220 0 0   0
2   15.547   10.219 0 0   0
2   15.643   10.205 0 0   0
2   15.724   10.192 0 0   0
2   15.754   10.188 0 0   0
2   15.798   10.182 0 0   0
2   15.866   10.172 0 0   0
2   15.911   10.166 0 0   0
2   15.982   10.156 0 0   0
2   16.085   10.143 0 0   0
2   16.097   10.141 0 0   0
2   16.105   10.140 0 0   0
2   16.215   10.127 0 0   0
2   16.300   10.117 0 0   0
2   16.334   10.113 0 0   0
2   16.390   10.106 0 0   0
2   16.454   10.099 0 0   0
2   16.493   10.095 0 0   0
2   16.575   10.087 0 0   0
2   16.684   10.076 0 0   0
2   16.696   10.075 0 0   0
2   16.718   10.073 0 0   0
2   16.817   10.064 0 0   0
2   16.870   10.060 0 0   0
2   16.936   10.054 0 0   0
2   17.049   10.046 0 0   0
2   17.055   10.045 0 0   0
2   17.068   10.044 0 0   0
2   17.169   10.037 0 0   0
2   17.218   10.034 0 0   0
2   17.284   10.030 0 0   0
2   17.391   10.024 0 0   0
2   17.397   10.024 0 0   0
2   17.406   10.023 0 0   0
2   17.500   10.019 0 0   0
3    2.500   11.433 0 0   0
2    2.500   11.433 0 0   0
2    2.529   11.433 0 0   0
2    2.613   11.432 0 0   0
2    2.694   11.432 0 0   0
2    2.729   11.432 0 0   0
2    2.825   11.430 0 0   0
2    2.846   11.430 0 0   0
2    2.853   11.430 0 0   0
2    2.971   11.427 0 0   0
2    3.018   11.426 0 0   0
2    3.094   11.424 0 0   0
2    3.181   11.421 0 0   0
2    3.220   11.419 0 0   0
2    3.343   11.414 0 0   0
2    3.345   11.414 0 0   0
2    3.345   11.414 0 0   0
2    3.470   11.408 0 0   0
2    3.507   11.407 0 0   0
2    3.593   11.402 0 0   0
2    3.666   11.398 0 0   0
2    3.718   11.394 0 0   0
2    3.822   11.388 0 0   0
2    3.839   11.386 0 0   0
2    3.909   11.381 0 0   0
2    3.962   11.378 0 0   0
2    3.974   11.377 0 0   0
2    4.081   11.368 0 0   0
2    4.122   11.365 0 0   0
2    4.202   11.358 0 0   0
2    4.266   11.352 0 0   0
2    4.322   11.347 0 0   0
2    4.406   11.339 0 0   0
2    4.444   11.335 0 0   0
2    4.548   11.324 0 0   0
2    4.572   11.322 0 0   0
2    4.687   11.309 0 0   0
2    4.702   11.308 0 0   0
2    4.827   11.293 0 0   0
2    4.845   11.291 0 0   0
2    4.964   11.276 0 0   0
2    4.994   11.272 0 0   0
2    5.099   11.259 0 0   0
2    5.149   11.252 0 0   0
2    5.232   11.241 0 0   0
2    5.306   11.230 0 0   0
2    5.363   11.222 0 0   0
2    5.462   11.207 0 0   0
2    5.494   11.202 0 0   0
2    5.619   11.183 0 0   0
2    5.625   11.182 0 0   0
2    5.652   11.178 0 0   0
2    5.756   11.161 0 0   0
2    5.777   11.157 0 0   0
2    5.887   11.139 0 0   0
2    5.936   11.130 0 0   0
2    6.018   11.116 0 0   0
2    6.097   11.102 0 0   0
2    6.149   11.092 0 0   0
2    6.259   11.072 0 0   0
2    6.280   11.068 0 0   0
2    6.369   11.051 0 0   0
2    6.412   11.043 0 0   0
2    6.423   11.041 0 0   0
2    6.544   11.017 0 0   0
2    6.588   11.008 0 0   0
2    6.676   10.990 0 0   0
2    6.755   10.973 0 0   0
2    6.808   10.962 0 0   0
2    6.923   10.937 0 0   0
2    6.940   10.934 0 0   0
2    6.996   10.921 0 0   0
2    7.071   10.905 0 0   0
2    7.093   10.900 0 0   0
2    7.203   10.875 0 0   0
2    7.264   10.861 0 0   0
2    7.334   10.844 0 0   0
2    7.436   10.820 0 0   0
2    7.466   10.814 0 0   0
2    7.557   10.791 0 0   0
2    7.597   10.782 0 0   0
2    7.609   10.779 0 0   0
2    7.727   10.750 0 0   0
2    7.783   10.736 0 0   0
2    7.858   10.717 0 0   0
2    7.959   10.692 0 0   0
2    7.989   10.684 0 0   0
2    8.075   10.662 0 0   0
2    8.119   10.650 0 0   0
2    8.135   10.646 0 0   0
2    8.249   10.616 0 0   0
2    8.311   10.599 0 0   0
2    8.379   10.581 0 0   0
2    8.489   10.551 0 0   0
2    8.509   10.546 0 0   0
2    8.561   10.532 0 0   0
2    8.638   10.511 0 0   0
2    8.667   10.503 0 0   0
2    8.767   10.475 0 0   0
2    8.846   10.453 0 0   0
2    8.896   10.439 0 0   0
2    9.025   10.402 0 0   0
2    9.025   10.402 0 0   0
2    9.025   10.402 0 0   0
2    9.154   10.365 0 0   0
2    9.205   10.351 0 0   0
2    9.283   10.328 0 0   0
2    9.386   10.299 0 0   0
2    9.411   10.291 0 0   0
2    9.475   10.273 0 0   0
2    9.540   10.254 0 0   0
2    9.566   10.246 0 0   0
2    9.668   10.216 0 0   0
2    9.747   10.193 0 0   0
2    9.797   10.178 0 0   0
2    9.918   10.142 0 0   0
2    9.925   10.140 0 0   0
2    9.928   10.139 0 0   0
6    9.971   10.103    0.000    0.150   1
6
3    9.928   10.139 0 0   0
2   10.054   10.102 0 0   0
2   10.109   10.085 0 0   0
2   10.183   10.063 0 0   0
2   10.290   10.031 0 0   0
2   10.312   10.025 0 0   0
2   10.365   10.009 0 0   0
2   10.441    9.986 0 0   0
2   10.471    9.977 0 0   0
2   10.570    9.948 0 0   0
2   10.652    9.923 0 0   0
2   10.699    9.909 0 0   0
2   10.825    9.872 0 0   0
2   10.829    9.871 0 0   0
2   10.831    9.870 0 0   0
2   10.960    9.832 0 0   0
2   11.011    9.817 0 0   0
2   11.092    9.793 0 0   0
2   11.189    9.764 0 0   0
2   11.224    9.754 0 0   0
2   11.325    9.724 0 0   0
2   11.356    9.715 0 0   0
2   11.366    9.712 0 0   0
2   11.489    9.677 0 0   0
2   11.542    9.662 0 0   0
2   11.620    9.639 0 0   0
2   11.713    9.612 0 0   0
2   11.753    9.601 0 0   0
2   11.876    9.566 0 0   0
2   11.882    9.564 0 0   0
2   11.884    9.564 0 0   0
2   12.010    9.529 0 0   0
2   12.050    9.517 0 0   0
2   12.136    9.493 0 0   0
2   12.223    9.470 0 0   0
2   12.262    9.459 0 0   0
2   12.355    9.434 0 0   0
2   12.384    9.426 0 0   0
2   12.397    9.423 0 0   0
2   12.508    9.393 0 0   0
2   12.575    9.375 0 0   0
2   12.629    9.361 0 0   0
2   12.746    9.330 0 0   0
2   12.750    9.329 0 0   0
2   12.751    9.329 0 0   0
2   12.868    9.299 0 0   0
2   12.924    9.285 0 0   0
2   12.987    9.269 0 0   0
2   13.093    9.242 0 0   0
2   13.106    9.239 0 0   0
2   13.139    9.231 0 0   0
2   13.226    9.210 0 0   0
2   13.260    9.202 0 0   0
2   13.345    9.181 0 0   0
2   13.424    9.163 0 0   0
2   13.466    9.153 0 0   0
2   13.585    9.125 0 0   0
2   13.586    9.125 0 0   0
2   13.591    9.124 0 0   0
2   13.709    9.098 0 0   0
2   13.745    9.089 0 0   0
2   13.831    9.070 0 0   0
2   13.902    9.055 0 0   0
2   13.955    9.044 0 0   0
2   14.058    9.022 0 0   0
2   14.081    9.017 0 0   0
2   14.188    8.995 0 0   0
2   14.208    8.991 0 0   0
2   14.212    8.990 0 0   0
2   14.340    8.965 0 0   0
2   14.366    8.960 0 0   0
2   14.473    8.939 0 0   0
2   14.518    8.930 0 0   0
2   14.615    8.912 0 0   0
2   14.680    8.901 0 0   0
2   14.751    8.888 0 0   0
2   14.868    8.867 0 0   0
2   14.885    8.864 0 0   0
2   14.940    8.855 0 0   0
2   15.012    8.843 0 0   0
2   15.037    8.839 0 0   0
2   15.132    8.823 0 0   0
2   15.222    8.809 0 0   0
2   15.250    8.805 0 0   0
2   15.301    8.797 0 0   0
2   15.367    8.787 0 0   0
2   15.405    8.781 0 0   0
2   15.486    8.770 0 0   0
2   15.593    8.754 0 0   0
2   15.604    8.753 0 0   0
2   15.622    8.751 0 0   0
2   15.722    8.737 0 0   0
2   15.782    8.729 0 0   0
2   15.841    8.722 0 0   0
2   15.943    8.709 0 0   0
2   15.961    8.707 0 0   0
2   15.972    8.706 0 0   0
2   16.083    8.693 0 0   0
2   16.163    8.684 0 0   0
2   16.206    8.679 0 0   0
2   16.286    8.671 0 0   0
2   16.331    8.666 0 0   0
2   16.354    8.664 0 0   0
2   16.456    8.654 0 0   0
2   16.550    8.645 0 0   0
2   16.586    8.642 0 0   0
2   16.656    8.636 0 0   0
2   16.716    8.631 0 0   0
2   16.747    8.629 0 0   0
2   16.853    8.621 0 0   0
2   16.953    8.613 0 0   0
2   16.986    8.611 0 0   0
2   17.024    8.609 0 0   0
2   17.117    8.603 0 0   0
2   17.227    8.596 0 0   0
2   17.247    8.595 0 0   0
2   17.265    8.594 0 0   0
2   17.373    8.589 0 0   0
2   17.496    8.583 0 0   0
2   17.500    8.583 0 0   0
3    2.500   10.000 0 0   0
2    2.500   10.000 0 0   0
2    2.596   10.000 0 0   0
2    2.635    9.999 0 0   0
2    2.709    9.999 0 0   0
2    2.761    9.998 0 0   0
2    2.779    9.998 0 0   0
2    2.862    9.996 0 0   0
2    2.920    9.995 0 0   0
2    2.939    9.994 0 0   0
2    3.064    9.990 0 0   0
2    3.126    9.988 0 0   0
2    3.195    9.986 0 0   0
2    3.298    9.981 0 0   0
2    3.326    9.980 0 0   0
2    3.419    9.975 0 0   0
2    3.455    9.973 0 0   0
2    3.466    9.972 0 0   0
2    3.585    9.965 0 0   0
2    3.629    9.962 0 0   0
2    3.714    9.956 0 0   0
2    3.789    9.951 0 0   0
2    3.844    9.946 0 0   0
2    3.947    9.938 0 0   0
2    3.975    9.936 0 0   0
2    4.103    9.924 0 0   0
2    4.106    9.924 0 0   0
2    4.126    9.922 0 0   0
2    4.239    9.911 0 0   0
2    4.256    9.909 0 0   0
2    4.373    9.897 0 0   0
2    4.407    9.893 0 0   0
2    4.511    9.881 0 0   0
2    4.559    9.875 0 0   0
2    4.651    9.864 0 0   0
2    4.705    9.857 0 0   0
2    4.797    9.845 0 0   0
2    4.848    9.838 0 0   0
2    4.948    9.825 0 0   0
2    4.988    9.819 0 0   0
2    5.101    9.802 0 0   0
2    5.122    9.799 0 0   0
2    5.249    9.780 0 0   0
2    5.255    9.779 0 0   0
2    5.256    9.779 0 0   0
2    5.387    9.758 0 0   0
2    5.411    9.754 0 0   0
2    5.519    9.735 0 0   0
2    5.567    9.727 0 0   0
2    5.651    9.712 0 0   0
2    5.725    9.699 0 0   0
2    5.783    9.688 0 0   0
2    5.886    9.669 0 0   0
2    5.916    9.664 0 0   0
2    6.048    9.638 0 0   0
2    6.048    9.638 0 0   0
2    6.049    9.638 0 0   0
2    6.181    9.612 0 0   0
2    6.213    9.605 0 0   0
2    6.313    9.584 0 0   0
2    6.379    9.571 0 0   0
2    6.445    9.556 0 0   0
2    6.545    9.535 0 0   0
2    6.577    9.528 0 0   0
2    6.689    9.503 0 0   0
2    6.708    9.499 0 0   0
2    6.714    9.497 0 0   0
2    6.839    9.469 0 0   0
2    6.883    9.459 0 0   0
2    6.971    9.438 0 0   0
2    7.054    9.418 0 0   0
2    7.102    9.407 0 0   0
2    7.226    9.377 0 0   0
2    7.233    9.375 0 0   0
2    7.255    9.370 0 0   0
2    7.364    9.343 0 0   0
2    7.399    9.334 0 0   0
2    7.494    9.310 0 0   0
2    7.573    9.290 0 0   0
2    7.624    9.276 0 0   0
2    7.748    9.244 0 0   0
2    7.755    9.243 0 0   0
2    7.773    9.238 0 0   0
2    7.885    9.208 0 0   0
2    7.924    9.198 0 0   0
2    8.015    9.174 0 0   0
2    8.101    9.150 0 0   0
2    8.144    9.139 0 0   0
2    8.260    9.107 0 0   0
2    8.274    9.104 0 0   0
2    8.279    9.102 0 0   0
2    8.403    9.068 0 0   0
2    8.457    9.053 0 0   0
2    8.532    9.032 0 0   0
2    8.636    9.003 0 0   0
2    8.661    8.996 0 0   0
2    8.728    8.977 0 0   0
2    8.790    8.960 0 0   0
2    8.815    8.953 0 0   0
2    8.919    8.923 0 0   0
2    8.994    8.902 0 0   0
2    9.048    8.886 0 0   0
2    9.173    8.851 0 0   0
2    9.177    8.849 0 0   0
2    9.187    8.847 0 0   0
2    9.306    8.812 0 0   0
2    9.353    8.799 0 0   0
2    9.435    8.775 0 0   0
2    9.531    8.748 0 0   0
2    9.563    8.738 0 0   0
2    9.647    8.714 0 0   0
2    9.692    8.701 0 0   0
2    9.710    8.696 0 0   0
2    9.821    8.664 0 0   0
2    9.887    8.645 0 0   0
2    9.950    8.627 0 0   0
2   10.064    8.595 0 0   0
2   10.078    8.590 0 0   0
2   10.119    8.579 0 0   0
2   10.207    8.553 0 0   0
6   10.202    8.532    0.000    0.150   1
7
3   10.207    8.553 0 0   0
2   10.238    8.545 0 0   0
2   10.336    8.517 0 0   0
2   10.411    8.495 0 0   0
2   10.464    8.480 0 0   0
2   10.583    8.447 0 0   0
2   10.593    8.444 0 0   0
2   10.625    8.435 0 0   0
2   10.722    8.408 0 0   0
2   10.753    8.399 0 0   0
2   10.850    8.372 0 0   0
2   10.921    8.352 0 0   0
2   10.979    8.336 0 0   0
2   11.088    8.307 0 0   0
2   11.108    8.301 0 0   0
2   11.175    8.283 0 0   0
2   11.237    8.266 0 0   0
2   11.254    8.261 0 0   0
2   11.365    8.232 0 0   0
2   11.418    8.218 0 0   0
2   11.495    8.197 0 0   0
2   11.580    8.175 0 0   0
2   11.623    8.164 0 0   0
2   11.740    8.133 0 0   0
2   11.751    8.130 0 0   0
2   11.800    8.118 0 0   0
2   11.879    8.098 0 0   0
2   11.898    8.093 0 0   0
2   12.007    8.065 0 0   0
2   12.055    8.054 0 0   0
2   12.133    8.034 0 0   0
2   12.208    8.016 0 0   0
2   12.259    8.003 0 0   0
2   12.362    7.978 0 0   0
2   12.384    7.973 0 0   0
2   12.485    7.949 0 0   0
2   12.507    7.944 0 0   0
2   12.512    7.943 0 0   0
2   12.630    7.915 0 0   0
2   12.665    7.907 0 0   0
2   12.752    7.887 0 0   0
2   12.817    7.873 0 0   0
2   12.874    7.860 0 0   0
2   12.970    7.839 0 0   0
2   12.996    7.833 0 0   0
2   13.096    7.811 0 0   0
2   13.118    7.807 0 0   0
2   13.123    7.805 0 0   0
2   13.240    7.781 0 0   0
2   13.277    7.773 0 0   0
2   13.361    7.756 0 0   0
2   13.430    7.742 0 0   0
2   13.482    7.731 0 0   0
2   13.583    7.711 0 0   0
2   13.604    7.707 0 0   0
2   13.686    7.691 0 0   0
2   13.724    7.684 0 0   0
2   13.734    7.682 0 0   0
2   13.844    7.661 0 0   0
2   13.885    7.654 0 0   0
2   13.963    7.639 0 0   0
2   14.035    7.627 0 0   0
2   14.081    7.618 0 0   0
2   14.185    7.600 0 0   0
2   14.199    7.598 0 0   0
2   14.245    7.590 0 0   0
2   14.314    7.578 0 0   0
2   14.334    7.575 0 0   0
2   14.430    7.559 0 0   0
2   14.486    7.550 0 0   0
2   14.546    7.540 0 0   0
2   14.639    7.526 0 0   0
2   14.659    7.523 0 0   0
2   14.713    7.515 0 0   0
2   14.778    7.505 0 0   0
2   14.803    7.501 0 0   0
2   14.892    7.488 0 0   0
2   14.974    7.477 0 0   0
2   15.011    7.471 0 0   0
2   15.088    7.461 0 0   0
2   15.131    7.455 0 0   0
2   15.152    7.452 0 0   0
2   15.252    7.439 0 0   0
2   15.337    7.428 0 0   0
2   15.372    7.424 0 0   0
2   15.429    7.417 0 0   0
2   15.491    7.410 0 0   0
2   15.531    7.405 0 0   0
2   15.610    7.396 0 0   0
2   15.719    7.383 0 0   0
2   15.727    7.383 0 0   0
2   15.741    7.381 0 0   0
2   15.845    7.370 0 0   0
2   15.906    7.364 0 0   0
2   15.963    7.358 0 0   0
2   16.064    7.348 0 0   0
2   16.081    7.347 0 0   0
2   16.091    7.346 0 0   0
2   16.200    7.336 0 0   0
2   16.274    7.330 0 0   0
2   16.318    7.326 0 0   0
2   16.399    7.319 0 0   0
2   16.436    7.316 0 0   0
2   16.456    7.315 0 0   0
2   16.555    7.307 0 0   0
2   16.642    7.301 0 0   0
2   16.673    7.299 0 0   0
2   16.728    7.295 0 0   0
2   16.789    7.291 0 0   0
2   16.827    7.289 0 0   0
2   16.906    7.284 0 0   0
2   17.018    7.278 0 0   0
2   17.023    7.277 0 0   0
2   17.027    7.277 0 0   0
2   17.141    7.271 0 0   0
2   17.242    7.267 0 0   0
2   17.259    7.266 0 0   0
2   17.277    7.265 0 0   0
2   17.379    7.261 0 0   0
2   17.490    7.257 0 0   0
2   17.500    7.256 0 0   0
3    2.500    8.418 0 0   0
2    2.500    8.418 0 0   0
2    2.522    8.418 0 0   0
2    2.616    8.418 0 0   0
2    2.665    8.417 0 0   0
2    2.729    8.417 0 0   0
2    2.804    8.415 0 0   0
2    2.849    8.415 0 0   0
2    2.959    8.412 0 0   0
2    2.967    8.412 0 0   0
2    2.971    8.412 0 0   0
2    3.096    8.407 0 0   0
2    3.145    8.405 0 0   0
2    3.225    8.402 0 0   0
2    3.317    8.398 0 0   0
2    3.356    8.396 0 0   0
2    3.484    8.388 0 0   0
2    3.484    8.388 0 0   0
2    3.485    8.388 0 0   0
2    3.614    8.380 0 0   0
2    3.652    8.377 0 0   0
2    3.742    8.370 0 0   0
2    3.815    8.365 0 0   0
2    3.870    8.360 0 0   0
2    3.977    8.351 0 0   0
2    3.999    8.349 0 0   0
2    4.083    8.341 0 0   0
2    4.126    8.337 0 0   0
2    4.137    8.336 0 0   0
2    4.255    8.323 0 0   0
2    4.296    8.319 0 0   0
2    4.382    8.309 0 0   0
2    4.453    8.301 0 0   0
2    4.510    8.294 0 0   0
2    4.608    8.282 0 0   0
2    4.637    8.278 0 0   0
2    4.762    8.262 0 0   0
2    4.765    8.262 0 0   0
2    4.782    8.259 0 0   0
2    4.892    8.244 0 0   0
2    4.912    8.241 0 0   0
2    5.022    8.225 0 0   0
2    5.064    8.219 0 0   0
2    5.153    8.205 0 0   0
2    5.210    8.196 0 0   0
2    5.291    8.183 0 0   0
2    5.364    8.171 0 0   0
2    5.435    8.160 0 0   0
2    5.502    8.148 0 0   0
2    5.598    8.131 0 0   0
2    5.640    8.124 0 0   0
2    5.756    8.103 0 0   0
2    5.773    8.100 0 0   0
2    5.850    8.085 0 0   0
2    5.906    8.075 0 0   0
2    5.918    8.072 0 0   0
2    6.037    8.049 0 0   0
2    6.080    8.041 0 0   0
2    6.168    8.023 0 0   0
2    6.242    8.008 0 0   0
2    6.299    7.997 0 0   0
2    6.407    7.974 0 0   0
2    6.430    7.969 0 0   0
2    6.522    7.950 0 0   0
2    6.562    7.941 0 0   0
2    6.572    7.939 0 0   0
2    6.693    7.913 0 0   0
2    6.738    7.903 0 0   0
2    6.824    7.884 0 0   0
2    6.906    7.865 0 0   0
2    6.955    7.854 0 0   0
2    7.076    7.826 0 0   0
2    7.087    7.824 0 0   0
2    7.124    7.815 0 0   0
2    7.218    7.793 0 0   0
2    7.246    7.787 0 0   0
2    7.349    7.762 0 0   0
2    7.418    7.746 0 0   0
2    7.480    7.731 0 0   0
2    7.590    7.704 0 0   0
2    7.612    7.699 0 0   0
2    7.677    7.683 0 0   0
2    7.743    7.667 0 0   0
2    7.764    7.662 0 0   0
2    7.874    7.634 0 0   0
2    7.938    7.618 0 0   0
2    8.005    7.602 0 0   0
2    8.113    7.575 0 0   0
2    8.136    7.569 0 0   0
2    8.203    7.552 0 0   0
2    8.267    7.536 0 0   0
2    8.288    7.531 0 0   0
2    8.397    7.503 0 0   0
2    8.463    7.486 0 0   0
2    8.528    7.470 0 0   0
2    8.639    7.442 0 0   0
2    8.659    7.436 0 0   0
2    8.718    7.421 0 0   0
2    8.790    7.403 0 0   0
2    8.814    7.397 0 0   0
2    8.920    7.369 0 0   0
2    8.989    7.352 0 0   0
2    9.051    7.336 0 0   0
2    9.164    7.307 0 0   0
2    9.182    7.303 0 0   0
2    9.236    7.289 0 0   0
2    9.313    7.269 0 0   0
2    9.338    7.263 0 0   0
2    9.443    7.236 0 0   0
2    9.511    7.219 0 0   0
2    9.574    7.203 0 0   0
2    9.683    7.176 0 0   0
2    9.705    7.170 0 0   0
2    9.773    7.153 0 0   0
2    9.835    7.138 0 0   0
2    9.854    7.133 0 0   0
2    9.965    7.105 0 0   0
6    9.972    7.081    0.000    0.150   1
8
3    9.965    7.105 0 0   0
2   10.024    7.091 0 0   0
2   10.096    7.073 0 0   0
2   10.193    7.049 0 0   0
2   10.226    7.041 0 0   0
2   10.339    7.013 0 0   0
2   10.356    7.009 0 0   0
2   10.361    7.008 0 0   0
2   10.486    6.978 0 0   0
2   10.527    6.968 0 0   0
2   10.616    6.947 0 0   0
2   10.692    6.929 0 0   0
2   10.746    6.916 0 0   0
2   10.856    6.891 0 0   0
2   10.875    6.886 0 0   0
2   10.949    6.869 0 0   0
2   11.005    6.856 0 0   0
2   11.019    6.853 0 0   0
2   11.134    6.827 0 0   0
2   11.181    6.817 0 0   0
2   11.263    6.798 0 0   0
2   11.342    6.781 0 0   0
2   11.391    6.770 0 0   0
2   11.502    6.746 0 0   0
2   11.520    6.742 0 0   0
2   11.592    6.726 0 0   0
2   11.648    6.714 0 0   0
2   11.662    6.711 0 0   0
2   11.776    6.687 0 0   0
2   11.820    6.678 0 0   0
2   11.903    6.661 0 0   0
2   11.978    6.645 0 0   0
2   12.031    6.634 0 0   0
2   12.135    6.614 0 0   0
2   12.158    6.609 0 0   0
2   12.260    6.589 0 0   0
2   12.285    6.584 0 0   0
2   12.291    6.583 0 0   0
2   12.412    6.560 0 0   0
2   12.447    6.553 0 0   0
2   12.539    6.536 0 0   0
2   12.601    6.524 0 0   0
2   12.665    6.512 0 0   0
2   12.755    6.496 0 0   0
2   12.792    6.489 0 0   0
2   12.908    6.469 0 0   0
2   12.918    6.467 0 0   0
2   12.965    6.459 0 0   0
2   13.045    6.445 0 0   0
2   13.061    6.442 0 0   0
2   13.172    6.423 0 0   0
2   13.213    6.417 0 0   0
2   13.300    6.402 0 0   0
2   13.366    6.392 0 0   0
2   13.428    6.382 0 0   0
2   13.519    6.367 0 0   0
2   13.556    6.362 0 0   0
2   13.672    6.344 0 0   0
2   13.684    6.342 0 0   0
2   13.749    6.332 0 0   0
2   13.813    6.323 0 0   0
2   13.825    6.321 0 0   0
2   13.942    6.304 0 0   0
2   13.979    6.299 0 0   0
2   14.072    6.286 0 0   0
2   14.134    6.278 0 0   0
2   14.202    6.268 0 0   0
2   14.289    6.257 0 0   0
2   14.332    6.251 0 0   0
2   14.444    6.237 0 0   0
2   14.464    6.235 0 0   0
2   14.567    6.222 0 0   0
2   14.595    6.218 0 0   0
2   14.600    6.218 0 0   0
2   14.727    6.203 0 0   0
2   14.756    6.200 0 0   0
2   14.859    6.188 0 0   0
2   14.912    6.182 0 0   0
2   14.993    6.173 0 0   0
2   15.068    6.165 0 0   0
2   15.126    6.159 0 0   0
2   15.223    6.149 0 0   0
2   15.260    6.146 0 0   0
2   15.378    6.134 0 0   0
2   15.394    6.133 0 0   0
2   15.506    6.122 0 0   0
2   15.531    6.120 0 0   0
2   15.535    6.120 0 0   0
2   15.668    6.108 0 0   0
2   15.690    6.106 0 0   0
2   15.816    6.096 0 0   0
2   15.860    6.092 0 0   0
2   15.967    6.084 0 0   0
2   16.010    6.081 0 0   0
2   16.086    6.076 0 0   0
2   16.133    6.072 0 0   0
2   16.185    6.069 0 0   0
2   16.273    6.063 0 0   0
2   16.327    6.059 0 0   0
2   16.393    6.055 0 0   0
2   16.508    6.048 0 0   0
2   16.513    6.048 0 0   0
2   16.515    6.048 0 0   0
2   16.635    6.041 0 0   0
2   16.696    6.038 0 0   0
2   16.757    6.035 0 0   0
2   16.873    6.029 0 0   0
2   16.884    6.029 0 0   0
2   16.910    6.028 0 0   0
2   17.008    6.024 0 0   0
2   17.048    6.022 0 0   0
2   17.134    6.019 0 0   0
2   17.223    6.015 0 0   0
2   17.258    6.014 0 0   0
2   17.341    6.012 0 0   0
2   17.377    6.010 0 0   0
2   17.392    6.010 0 0   0
2   17.500    6.007 0 0   0
3    2.500    6.645 0 0   0
2    2.500    6.645 0 0   0
2    2.524    6.644 0 0   0
2    2.630    6.644 0 0   0
2    2.709    6.643 0 0   0
2    2.760    6.643 0 0   0
2    2.829    6.641 0 0   0
2    2.889    6.640 0 0   0
2    2.934    6.639 0 0   0
2    3.019    6.637 0 0   0
2    3.138    6.633 0 0   0
2    3.147    6.633 0 0   0
2    3.153    6.632 0 0   0
2    3.274    6.627 0 0   0
2    3.367    6.623 0 0   0
2    3.400    6.622 0 0   0
2    3.452    6.619 0 0   0
2    3.527    6.615 0 0   0
2    3.574    6.612 0 0   0
2    3.654    6.607 0 0   0
2    3.777    6.599 0 0   0
2    3.780    6.599 0 0   0
2    3.785    6.598 0 0   0
2    3.906    6.589 0 0   0
2    3.979    6.583 0 0   0
2    4.033    6.579 0 0   0
2    4.121    6.571 0 0   0
2    4.179    6.566 0 0   0
2    4.224    6.562 0 0   0
2    4.305    6.554 0 0   0
2    4.355    6.549 0 0   0
2    4.455    6.539 0 0   0
2    4.512    6.533 0 0   0
2    4.629    6.520 0 0   0
2    4.660    6.516 0 0   0
2    4.768    6.504 0 0   0
2    4.809    6.499 0 0   0
2    4.823    6.497 0 0   0
2    4.957    6.480 0 0   0
2    5.008    6.474 0 0   0
2    5.134    6.457 0 0   0
2    5.174    6.452 0 0   0
2    5.323    6.431 0 0   0
2    5.338    6.429 0 0   0
2    5.444    6.414 0 0   0
2    5.486    6.407 0 0   0
2    5.492    6.407 0 0   0
2    5.634    6.385 0 0   0
2    5.662    6.381 0 0   0
2    5.776    6.363 0 0   0
2    5.827    6.355 0 0   0
2    5.917    6.340 0 0   0
2    5.993    6.328 0 0   0
2    6.056    6.317 0 0   0
2    6.157    6.300 0 0   0
2    6.194    6.294 0 0   0
2    6.323    6.272 0 0   0
2    6.332    6.270 0 0   0
2    6.374    6.263 0 0   0
2    6.468    6.246 0 0   0
2    6.488    6.243 0 0   0
2    6.605    6.222 0 0   0
2    6.655    6.213 0 0   0
2    6.740    6.197 0 0   0
2    6.821    6.182 0 0   0
2    6.876    6.172 0 0   0
2    6.989    6.151 0 0   0
2    7.012    6.147 0 0   0
2    7.108    6.129 0 0   0
2    7.147    6.121 0 0   0
2    7.156    6.119 0 0   0
2    7.282    6.095 0 0   0
2    7.325    6.087 0 0   0
2    7.417    6.069 0 0   0
2    7.493    6.055 0 0   0
2    7.552    6.043 0 0   0
2    7.662    6.022 0 0   0
2    7.687    6.017 0 0   0
2    7.786    5.998 0 0   0
2    7.822    5.991 0 0   0
2    7.831    5.989 0 0   0
2    7.956    5.964 0 0   0
2    8.000    5.956 0 0   0
2    8.091    5.937 0 0   0
2    8.169    5.922 0 0   0
2    8.226    5.911 0 0   0
2    8.338    5.889 0 0   0
2    8.361    5.884 0 0   0
2    8.449    5.867 0 0   0
2    8.495    5.858 0 0   0
2    8.507    5.856 0 0   0
2    8.630    5.831 0 0   0
2    8.676    5.823 0 0   0
2    8.765    5.805 0 0   0
2    8.844    5.790 0 0   0
2    8.899    5.779 0 0   0
2    9.012    5.757 0 0   0
2    9.034    5.753 0 0   0
2    9.123    5.735 0 0   0
2    9.169    5.727 0 0   0
2    9.180    5.724 0 0   0
2    9.304    5.701 0 0   0
2    9.347    5.692 0 0   0
2    9.438    5.675 0 0   0
2    9.514    5.661 0 0   0
2    9.573    5.650 0 0   0
2    9.680    5.630 0 0   0
2    9.708    5.624 0 0   0
2    9.830    5.602 0 0   0
2    9.843    5.599 0 0   0
6    9.817    5.583    0.000    0.150   1
9
3    9.843    5.599 0 0   0
2    9.845    5.599 0 0   0
2    9.977    5.575 0 0   0
2   10.011    5.569 0 0   0
2   10.112    5.550 0 0   0
2   10.175    5.539 0 0   0
2   10.247    5.526 0 0   0
2   10.339    5.510 0 0   0
2   10.382    5.502 0 0   0
2   10.502    5.481 0 0   0
2   10.517    5.479 0 0   0
2   10.586    5.467 0 0   0
2   10.651    5.456 0 0   0
2   10.665    5.453 0 0   0
2   10.786    5.433 0 0   0
2   10.827    5.426 0 0   0
2   10.921    5.410 0 0   0
2   10.990    5.399 0 0   0
2   11.056    5.388 0 0   0
2   11.152    5.373 0 0   0
2   11.190    5.366 0 0   0
2   11.314    5.347 0 0   0
2   11.325    5.345 0 0   0
2   11.380    5.336 0 0   0
2   11.460    5.324 0 0   0
2   11.476    5.322 0 0   0
2   11.594    5.303 0 0   0
2   11.639    5.297 0 0   0
2   11.729    5.283 0 0   0
2   11.802    5.273 0 0   0
2   11.863    5.264 0 0   0
2   11.969    5.249 0 0   0
2   11.998    5.244 0 0   0
2   12.121    5.227 0 0   0
2   12.131    5.225 0 0   0
2   12.134    5.225 0 0   0
2   12.269    5.206 0 0   0
2   12.311    5.201 0 0   0
2   12.401    5.189 0 0   0
2   12.504    5.175 0 0   0
2   12.552    5.169 0 0   0
2   12.654    5.156 0 0   0
2   12.700    5.150 0 0   0
2   12.715    5.148 0 0   0
2   12.868    5.129 0 0   0
2   12.880    5.128 0 0   0
2   13.039    5.109 0 0   0
2   13.045    5.108 0 0   0
2   13.186    5.091 0 0   0
2   13.200    5.090 0 0   0
2   13.334    5.075 0 0   0
2   13.356    5.072 0 0   0
2   13.477    5.059 0 0   0
2   13.509    5.056 0 0   0
2   13.620    5.044 0 0   0
2   13.664    5.039 0 0   0
2   13.761    5.029 0 0   0
2   13.818    5.024 0 0   0
2   13.901    5.015 0 0   0
2   13.972    5.009 0 0   0
2   14.041    5.002 0 0   0
2   14.126    4.994 0 0   0
2   14.181    4.989 0 0   0
2   14.281    4.980 0 0   0
2   14.321    4.976 0 0   0
2   14.435    4.967 0 0   0
2   14.460    4.964 0 0   0
2   14.590    4.954 0 0   0
2   14.600    4.953 0 0   0
2   14.692    4.945 0 0   0
2   14.739    4.942 0 0   0
2   14.744    4.941 0 0   0
2   14.879    4.931 0 0   0
2   14.899    4.929 0 0   0
2   15.019    4.921 0 0   0
2   15.053    4.918 0 0   0
2   15.159    4.911 0 0   0
2   15.208    4.907 0 0   0
2   15.300    4.901 0 0   0
2   15.364    4.897 0 0   0
2   15.441    4.892 0 0   0
2   15.519    4.887 0 0   0
2   15.583    4.884 0 0   0
2   15.676    4.878 0 0   0
2   15.727    4.875 0 0   0
2   15.831    4.870 0 0   0
2   15.872    4.867 0 0   0
2   15.987    4.861 0 0   0
2   16.020    4.860 0 0   0
2   16.141    4.854 0 0   0
2   16.170    4.853 0 0   0
2   16.291    4.847 0 0   0
2   16.321    4.846 0 0   0
2   16.438    4.841 0 0   0
2   16.481    4.839 0 0   0
2   16.573    4.836 0 0   0
2   16.623    4.834 0 0   0
2   16.695    4.831 0 0   0
2   16.790    4.828 0 0   0
2   16.833    4.827 0 0   0
2   16.954    4.823 0 0   0
2   16.969    4.823 0 0   0
2   16.973    4.823 0 0   0
2   16.983    4.822 0 0   0
2   17.114    4.819 0 0   0
2   17.193    4.817 0 0   0
2   17.256    4.816 0 0   0
2   17.337    4.814 0 0   0
2   17.378    4.813 0 0   0
2   17.407    4.812 0 0   0
2   17.500    4.811 0 0   0
3    2.500    4.654 0 0   0
2    2.500    4.654 0 0   0
2    2.600    4.654 0 0   0
2    2.624    4.654 0 0   0
2    2.671    4.653 0 0   0
2    2.751    4.653 0 0   0
2    2.791    4.652 0 0   0
2    2.875    4.651 0 0   0
2    2.978    4.650 0 0   0
2    3.000    4.649 0 0   0
2    3.034    4.649 0 0   0
2    3.110    4.647 0 0   0
2    3.150    4.646 0 0   0
2    3.226    4.644 0 0   0
2    3.281    4.643 0 0   0
2    3.343    4.641 0 0   0
2    3.410    4.639 0 0   0
2    3.479    4.637 0 0   0
2    3.566    4.634 0 0   0
2    3.621    4.631 0 0   0
2    3.713    4.628 0 0   0
2    3.764    4.625 0 0   0
2    3.862    4.621 0 0   0
2    3.908    4.619 0 0   0
2    4.011    4.614 0 0   0
2    4.050    4.612 0 0   0
2    4.160    4.606 0 0   0
2    4.193    4.604 0 0   0
2    4.309    4.597 0 0   0
2    4.334    4.595 0 0   0
2    4.460    4.587 0 0   0
2    4.476    4.586 0 0   0
2    4.611    4.577 0 0   0
2    4.617    4.577 0 0   0
2    4.689    4.572 0 0   0
2    4.759    4.567 0 0   0
2    4.764    4.566 0 0   0
2    4.899    4.556 0 0   0
2    4.918    4.555 0 0   0
2    5.041    4.545 0 0   0
2    5.073    4.542 0 0   0
2    5.183    4.533 0 0   0
2    5.229    4.530 0 0   0
2    5.324    4.521 0 0   0
2    5.385    4.516 0 0   0
2    5.466    4.509 0 0   0
2    5.543    4.502 0 0   0
2    5.608    4.496 0 0   0
2    5.700    4.488 0 0   0
2    5.749    4.483 0 0   0
2    5.859    4.473 0 0   0
2    5.891    4.469 0 0   0
2    6.017    4.457 0 0   0
2    6.033    4.456 0 0   0
2    6.159    4.443 0 0   0
2    6.175    4.442 0 0   0
2    6.176    4.441 0 0   0
2    6.316    4.427 0 0   0
2    6.336    4.425 0 0   0
2    6.458    4.413 0 0   0
2    6.495    4.409 0 0   0
2    6.599    4.398 0 0   0
2    6.655    4.392 0 0   0
2    6.740    4.383 0 0   0
2    6.815    4.375 0 0   0
2    6.882    4.368 0 0   0
2    6.975    4.358 0 0   0
2    7.023    4.353 0 0   0
2    7.135    4.341 0 0   0
2    7.164    4.337 0 0   0
2    7.295    4.323 0 0   0
2    7.305    4.322 0 0   0
2    7.380    4.314 0 0   0
2    7.447    4.307 0 0   0
2    7.456    4.306 0 0   0
2    7.588    4.291 0 0   0
2    7.616    4.288 0 0   0
2    7.729    4.276 0 0   0
2    7.776    4.271 0 0   0
2    7.870    4.260 0 0   0
2    7.936    4.253 0 0   0
2    8.011    4.245 0 0   0
2    8.097    4.236 0 0   0
2    8.152    4.229 0 0   0
2    8.257    4.218 0 0   0
2    8.293    4.214 0 0   0
2    8.417    4.201 0 0   0
2    8.434    4.199 0 0   0
2    8.562    4.185 0 0   0
2    8.575    4.183 0 0   0
2    8.577    4.183 0 0   0
2    8.716    4.168 0 0   0
2    8.737    4.166 0 0   0
2    8.858    4.153 0 0   0
2    8.897    4.149 0 0   0
2    8.999    4.138 0 0   0
2    9.056    4.132 0 0   0
2    9.140    4.123 0 0   0
2    9.216    4.116 0 0   0
2    9.282    4.109 0 0   0
2    9.375    4.099 0 0   0
2    9.423    4.094 0 0   0
2    9.534    4.083 0 0   0
2    9.565    4.080 0 0   0
2    9.693    4.067 0 0   0
2    9.706    4.066 0 0   0
2    9.819    4.055 0 0   0
2    9.848    4.052 0 0   0
6    9.743    4.037    0.000    0.150   2
10
3    9.848    4.052 0 0   0
2    9.852    4.052 0 0   0
2    9.990    4.038 0 0   0
2   10.010    4.036 0 0   0
2   10.132    4.025 0 0   0
2   10.168    4.021 0 0   0
2   10.274    4.011 0 0   0
2   10.326    4.006 0 0   0
2   10.416    3.998 0 0   0
2   10.484    3.992 0 0   0
2   10.558    3.985 0 0   0
2   10.642    3.978 0 0   0
2   10.701    3.972 0 0   0
2   10.800    3.964 0 0   0
2   10.843    3.960 0 0   0
2   10.958    3.950 0 0   0
2   10.986    3.947 0 0   0
2   11.115    3.937 0 0   0
2   11.129    3.935 0 0   0
2   11.267    3.924 0 0   0
2   11.272    3.923 0 0   0
2   11.273    3.923 0 0   0
2   11.416    3.912 0 0   0
2   11.431    3.911 0 0   0
2   11.559    3.900 0 0   0
2   11.588    3.898 0 0   0
2   11.703    3.889 0 0   0
2   11.746    3.886 0 0   0
2   11.847    3.878 0 0   0
2   11.904    3.874 0 0   0
2   11.991    3.868 0 0   0
2   12.061    3.863 0 0   0
2   12.136    3.857 0 0   0
2   12.219    3.851 0 0   0
2   12.281    3.847 0 0   0
2   12.377    3.840 0 0   0
2   12.426    3.837 0 0   0
2   12.534    3.830 0 0   0
2   12.572    3.827 0 0   0
2   12.691    3.820 0 0   0
2   12.718    3.818 0 0   0
2   12.848    3.810 0 0   0
2   12.864    3.808 0 0   0
2   13.004    3.800 0 0   0
2   13.010    3.800 0 0   0
2   13.099    3.794 0 0   0
2   13.156    3.791 0 0   0
2   13.160    3.791 0 0   0
2   13.302    3.782 0 0   0
2   13.315    3.782 0 0   0
2   13.448    3.774 0 0   0
2   13.470    3.773 0 0   0
2   13.594    3.766 0 0   0
2   13.625    3.765 0 0   0
2   13.740    3.759 0 0   0
2   13.779    3.757 0 0   0
2   13.886    3.751 0 0   0
2   13.933    3.749 0 0   0
2   14.032    3.744 0 0   0
2   14.087    3.742 0 0   0
2   14.177    3.737 0 0   0
2   14.240    3.734 0 0   0
2   14.323    3.731 0 0   0
2   14.394    3.728 0 0   0
2   14.468    3.724 0 0   0
2   14.547    3.721 0 0   0
2   14.614    3.718 0 0   0
2   14.700    3.715 0 0   0
2   14.759    3.712 0 0   0
2   14.852    3.709 0 0   0
2   14.904    3.707 0 0   0
2   15.005    3.703 0 0   0
2   15.050    3.701 0 0   0
2   15.157    3.698 0 0   0
2   15.194    3.696 0 0   0
2   15.309    3.693 0 0   0
2   15.339    3.692 0 0   0
2   15.460    3.688 0 0   0
2   15.483    3.687 0 0   0
2   15.612    3.683 0 0   0
2   15.628    3.683 0 0   0
2   15.763    3.679 0 0   0
2   15.771    3.679 0 0   0
2   15.914    3.675 0 0   0
2   15.915    3.675 0 0   0
2   15.932    3.674 0 0   0
2   16.057    3.671 0 0   0
2   16.063    3.671 0 0   0
2   16.199    3.668 0 0   0
2   16.213    3.667 0 0   0
2   16.341    3.665 0 0   0
2   16.363    3.664 0 0   0
2   16.479    3.662 0 0   0
2   16.510    3.661 0 0   0
2   16.627    3.659 0 0   0
2   16.659    3.658 0 0   0
2   16.745    3.657 0 0   0
2   16.778    3.656 0 0   0
2   16.844    3.655 0 0   0
2   16.896    3.655 0 0   0
2   16.947    3.654 0 0   0
2   17.002    3.653 0 0   0
2   17.066    3.652 0 0   0
2   17.125    3.651 0 0   0
2   17.185    3.651 0 0   0
2   17.247    3.650 0 0   0
2   17.313    3.649 0 0   0
2   17.373    3.649 0 0   0
2   17.432    3.648 0 0   0
2   17.500    3.647 0 0   0
3    2.500    2.500 0 0   0
2    2.500    2.500 0 0   0
2    2.500    2.500 0 0   0
2    2.650    2.500 0 0   0
2    2.650    2.500 0 0   0
2    2.800    2.500 0 0   0
2    2.800    2.500 0 0   0
2    2.950    2.500 0 0   0
2    2.950    2.500 0 0   0
2    3.100    2.500 0 0   0
2    3.100    2.500 0 0   0
2    3.250    2.500 0 0   0
2    3.250    2.500 0 0   0
2    3.400    2.500 0 0   0
2    3.400    2.500 0 0   0
2    3.550    2.500 0 0   0
2    3.550    2.500 0 0   0
2    3.700    2.500 0 0   0
2    3.700    2.500 0 0   0
2    3.850    2.500 0 0   0
2    3.850    2.500 0 0   0
2    4.000    2.500 0 0   0
2    4.000    2.500 0 0   0
2    4.150    2.500 0 0   0
2    4.150    2.500 0 0   0
2    4.300    2.500 0 0   0
2    4.300    2.500 0 0   0
2    4.450    2.500 0 0   0
2    4.450    2.500 0 0   0
2    4.600    2.500 0 0   0
2    4.600    2.500 0 0   0
2    4.750    2.500 0 0   0
2    4.750    2.500 0 0   0
2    4.900    2.500 0 0   0
2    4.900    2.500 0 0   0
2    5.050    2.500 0 0   0
2    5.050    2.500 0 0   0
2    5.200    2.500 0 0   0
2    5.200    2.500 0 0   0
2    5.350    2.500 0 0   0
2    5.350    2.500 0 0   0
2    5.500    2.500 0 0   0
2    5.500    2.500 0 0   0
2    5.650    2.500 0 0   0
2    5.650    2.500 0 0   0
2    5.800    2.500 0 0   0
2    5.800    2.500 0 0   0
2    5.950    2.500 0 0   0
2    5.950    2.500 0 0   0
2    6.100    2.500 0 0   0
2    6.100    2.500 0 0   0
2    6.250    2.500 0 0   0
2    6.250    2.500 0 0   0
2    6.400    2.500 0 0   0
2    6.400    2.500 0 0   0
2    6.550    2.500 0 0   0
2    6.550    2.500 0 0   0
2    6.700    2.500 0 0   0
2    6.700    2.500 0 0   0
2    6.850    2.500 0 0   0
2    6.850    2.500 0 0   0
2    7.000    2.500 0 0   0
2    7.000    2.500 0 0   0
2    7.150    2.500 0 0   0
2    7.150    2.500 0 0   0
2    7.300    2.500 0 0   0
2    7.300    2.500 0 0   0
2    7.450    2.500 0 0   0
2    7.450    2.500 0 0   0
2    7.600    2.500 0 0   0
2    7.600    2.500 0 0   0
2    7.750    2.500 0 0   0
2    7.750    2.500 0 0   0
2    7.900    2.500 0 0   0
2    7.900    2.500 0 0   0
2    8.050    2.500 0 0   0
2    8.050    2.500 0 0   0
2    8.200    2.500 0 0   0
2    8.200    2.500 0 0   0
2    8.350    2.500 0 0   0
2    8.350    2.500 0 0   0
2    8.500    2.500 0 0   0
2    8.500    2.500 0 0   0
2    8.650    2.500 0 0   0
2    8.650    2.500 0 0   0
2    8.800    2.500 0 0   0
2    8.800    2.500 0 0   0
2    8.950    2.500 0 0   0
2    8.950    2.500 0 0   0
2    9.100    2.500 0 0   0
2    9.100    2.500 0 0   0
2    9.250    2.500 0 0   0
2    9.250    2.500 0 0   0
2    9.400    2.500 0 0   0
2    9.400    2.500 0 0   0
2    9.550    2.500 0 0   0
2    9.550    2.500 0 0   0
2    9.700    2.500 0 0   0
2    9.700    2.500 0 0   0
2    9.850    2.500 0 0   0
2    9.850    2.500 0 0   0
6    9.812    2.485    0.000    0.150   2
11
3    9.850    2.500 0 0   0
2   10.000    2.500 0 0   0
2   10.000    2.500 0 0   0
2   10.150    2.500 0 0   0
2   10.150    2.500 0 0   0
2   10.300    2.500 0 0   0
2   10.300    2.500 0 0   0
2   10.450    2.500 0 0   0
2   10.450    2.500 0 0   0
2   10.600    2.500 0 0   0
2   10.600    2.500 0 0   0
2   10.750    2.500 0 0   0
2   10.750    2.500 0 0   0
2   10.900    2.500 0 0   0
2   10.900    2.500 0 0   0
2   11.050    2.500 0 0   0
2   11.050    2.500 0 0   0
2   11.200    2.500 0 0   0
2   11.200    2.500 0 0   0
2   11.350    2.500 0 0   0
2   11.350    2.500 0 0   0
2   11.500    2.500 0 0   0
2   11.500    2.500 0 0   0
2   11.650    2.500 0 0   0
2   11.650    2.500 0 0   0
2   11.800    2.500 0 0   0
2   11.800    2.500 0 0   0
2   11.950    2.500 0 0   0
2   11.950    2.500 0 0   0
2   12.100    2.500 0 0   0
2   12.100    2.500 0 0   0
2   12.250    2.500 0 0   0
2   12.250    2.500 0 0   0
2   12.400    2.500 0 0   0
2   12.400    2.500 0 0   0
2   12.550    2.500 0 0   0
2   12.550    2.500 0 0   0
2   12.700    2.500 0 0   0
2   12.700    2.500 0 0   0
2   12.850    2.500 0 0   0
2   12.850    2.500 0 0   0
2   13.000    2.500 0 0   0
2   13.000    2.500 0 0   0
2   13.150    2.500 0 0   0
2   13.150    2.500 0 0   0
2   13.300    2.500 0 0   0
2   13.300    2.500 0 0   0
2   13.450    2.500 0 0   0
2   13.450    2.500 0 0   0
2   13.600    2.500 0 0   0
2   13.600    2.500 0 0   0
2   13.750    2.500 0 0   0
2   13.750    2.500 0 0   0
2   13.900    2.500 0 0   0
2   13.900    2.500 0 0   0
2   14.050    2.500 0 0   0
2   14.050    2.500 0 0   0
2   14.200    2.500 0 0   0
2   14.200    2.500 0 0   0
2   14.350    2.500 0 0   0
2   14.350    2.500 0 0   0
2   14.500    2.500 0 0   0
2   14.500    2.500 0 0   0
2   14.650    2.500 0 0   0
2   14.650    2.500 0 0   0
2   14.800    2.500 0 0   0
2   14.800    2.500 0 0   0
2   14.950    2.500 0 0   0
2   14.950    2.500 0 0   0
2   15.100    2.500 0 0   0
2   15.100    2.500 0 0   0
2   15.250    2.500 0 0   0
2   15.250    2.500 0 0   0
2   15.400    2.500 0 0   0
2   15.400    2.500 0 0   0
2   15.550    2.500 0 0   0
2   15.550    2.500 0 0   0
2   15.700    2.500 0 0   0
2   15.700    2.500 0 0   0
2   15.850    2.500 0 0   0
2   15.850    2.500 0 0   0
2   16.000    2.500 0 0   0
2   16.000    2.500 0 0   0
2   16.150    2.500 0 0   0
2   16.150    2.500 0 0   0
2   16.300    2.500 0 0   0
2   16.300    2.500 0 0   0
2   16.450    2.500 0 0   0
2   16.450    2.500 0 0   0
2   16.600    2.500 0 0   0
2   16.600    2.500 0 0   0
2   16.750    2.500 0 0   0
2   16.750    2.500 0 0   0
2   16.900    2.500 0 0   0
2   16.900    2.500 0 0   0
2   17.050    2.500 0 0   0
2   17.050    2.500 0 0   0
2   17.200    2.500 0 0   0
2   17.200    2.500 0 0   0
2   17.200    2.500 0 0   0
2   17.350    2.500 0 0   0
2   17.350    2.500 0 0   0
2   17.500    2.500 0 0   0
3    2.500    2.500 0 0   0
2    2.650    2.500 0 0   0
2    2.800    2.500 0 0   0
2    2.950    2.500 0 0   0
2    3.100    2.500 0 0   0
2    3.250    2.500 0 0   0
2    3.400    2.500 0 0   0
2    3.550    2.500 0 0   0
2    3.700    2.500 0 0   0
2    3.850    2.500 0 0   0
2    4.000    2.500 0 0   0
2    4.150    2.500 0 0   0
2    4.300    2.500 0 0   0
2    4.450    2.500 0 0   0
2    4.600    2.500 0 0   0
2    4.750    2.500 0 0   0
2    4.900    2.500 0 0   0
2    5.050    2.500 0 0   0
2    5.200    2.500 0 0   0
2    5.350    2.500 0 0   0
2    5.500    2.500 0 0   0
2    5.650    2.500 0 0   0
2    5.800    2.500 0 0   0
2    5.950    2.500 0 0   0
2    6.100    2.500 0 0   0
2    6.250    2.500 0 0   0
2    6.400    2.500 0 0   0
2    6.550    2.500 0 0   0
2    6.700    2.500 0 0   0
2    6.850    2.500 0 0   0
2    7.000    2.500 0 0   0
2    7.150    2.500 0 0   0
2    7.300    2.500 0 0   0
2    7.450    2.500 0 0   0
2    7.600    2.500 0 0   0
2    7.750    2.500 0 0   0
2    7.900    2.500 0 0   0
2    8.050    2.500 0 0   0
2    8.200    2.500 0 0   0
2    8.350    2.500 0 0   0
2    8.500    2.500 0 0   0
2    8.650    2.500 0 0   0
2    8.800    2.500 0 0   0
2    8.950    2.500 0 0   0
2    9.100    2.500 0 0   0
2    9.250    2.500 0 0   0
2    9.400    2.500 0 0   0
2    9.550    2.500 0 0   0
2    9.700    2.500 0 0   0
2    9.850    2.500 0 0   0
2   10.000    2.500 0 0   0
2   10.150    2.500 0 0   0
2   10.300    2.500 0 0   0
2   10.450    2.500 0 0   0
2   10.600    2.500 0 0   0
2   10.750    2.500 0 0   0
2   10.900    2.500 0 0   0
2   11.050    2.500 0 0   0
2   11.200    2.500 0 0   0
2   11.350    2.500 0 0   0
2   11.500    2.500 0 0   0
2   11.650    2.500 0 0   0
2   11.800    2.500 0 0   0
2   11.950    2.500 0 0   0
2   12.100    2.500 0 0   0
2   12.250    2.500 0 0   0
2   12.400    2.500 0 0   0
2   12.550    2.500 0 0   0
2   12.700    2.500 0 0   0
2   12.850    2.500 0 0   0
2   13.000    2.500 0 0   0
2   13.150    2.500 0 0   0
2   13.300    2.500 0 0   0
2   13.450    2.500 0 0   0
2   13.600    2.500 0 0   0
2   13.750    2.500 0 0   0
2   13.900    2.500 0 0   0
2   14.050    2.500 0 0   0
2   14.200    2.500 0 0   0
2   14.350    2.500 0 0   0
2   14.500    2.500 0 0   0
2   14.650    2.500 0 0   0
2   14.800    2.500 0 0   0
2   14.950    2.500 0 0   0
2   15.100    2.500 0 0   0
2   15.250    2.500 0 0   0
2   15.400    2.500 0 0   0
2   15.550    2.500 0 0   0
2   15.700    2.500 0 0   0
2   15.850    2.500 0 0   0
2   16.000    2.500 0 0   0
2   16.150    2.500 0 0   0
2   16.300    2.500 0 0   0
2   16.450    2.500 0 0   0
2   16.600    2.500 0 0   0
2   16.750    2.500 0 0   0
2   16.900    2.500 0 0   0
2   17.050    2.500 0 0   0
2   17.200    2.500 0 0   0
2   17.350    2.500 0 0   0
2   17.500    2.500 0 0   0
3   17.500    2.500 0 0   0
2   17.500    2.648 0 0   0
2   17.500    2.797 0 0   0
2   17.500    2.945 0 0   0
2   17.500    3.094 0 0   0
2   17.500    3.242 0 0   0
2   17.500    3.391 0 0   0
2   17.500    3.539 0 0   0
2   17.500    3.688 0 0   0
2   17.500    3.836 0 0   0
2   17.500    3.984 0 0   0
2   17.500    4.133 0 0   0
2   17.500    4.281 0 0   0
2   17.500    4.430 0 0   0
2   17.500    4.578 0 0   0
2   17.500    4.727 0 0   0
2   17.500    4.875 0 0   0
2   17.500    5.023 0 0   0
2   17.500    5.172 0 0   0
2   17.500    5.320 0 0   0
2   17.500    5.469 0 0   0
2   17.500    5.617 0 0   0
2   17.500    5.766 0 0   0
2   17.500    5.914 0 0   0
2   17.500    6.062 0 0   0
2   17.500    6.211 0 0   0
2   17.500    6.359 0 0   0
2   17.500    6.508 0 0   0
2   17.500    6.656 0 0   0
2   17.500    6.805 0 0   0
2   17.500    6.953 0 0   0
2   17.500    7.102 0 0   0
2   17.500    7.250 0 0   0
2   17.500    7.398 0 0   0
2   17.500    7.547 0 0   0
2   17.500    7.695 0 0   0
2   17.500    7.844 0 0   0
2   17.500    7.992 0 0   0
2   17.500    8.141 0 0   0
2   17.500    8.289 0 0   0
2   17.500    8.438 0 0   0
2   17.500    8.586 0 0   0
2   17.500    8.734 0 0   0
2   17.500    8.883 0 0   0
2   17.500    9.031 0 0   0
2   17.500    9.180 0 0   0
2   17.500    9.328 0 0   0
2   17.500    9.477 0 0   0
2   17.500    9.625 0 0   0
2   17.500    9.773 0 0   0
2   17.500    9.922 0 0   0
2   17.500   10.070 0 0   0
2   17.500   10.219 0 0   0
2   17.500   10.367 0 0   0
2   17.500   10.516 0 0   0
2   17.500   10.664 0 0   0
2   17.500   10.812 0 0   0
2   17.500   10.961 0 0   0
2   17.500   11.109 0 0   0
2   17.500   11.258 0 0   0
2   17.500   11.406 0 0   0
2   17.500   11.555 0 0   0
2   17.500   11.703 0 0   0
2   17.500   11.852 0 0   0
2   17.500   12.000 0 0   0
2   17.500   12.148 0 0   0
2   17.500   12.297 0 0   0
2   17.500   12.445 0 0   0
2   17.500   12.594 0 0   0
2   17.500   12.742 0 0   0
2   17.500   12.891 0 0   0
2   17.500   13.039 0 0   0
2   17.500   13.188 0 0   0
2   17.500   13.336 0 0   0
2   17.500   13.484 0 0   0
2   17.500   13.633 0 0   0
2   17.500   13.781 0 0   0
2   17.500   13.930 0 0   0
2   17.500   14.078 0 0   0
2   17.500   14.227 0 0   0
2   17.500   14.375 0 0   0
2   17.500   14.523 0 0   0
2   17.500   14.672 0 0   0
2   17.500   14.820 0 0   0
2   17.500   14.969 0 0   0
2   17.500   15.117 0 0   0
2   17.500   15.266 0 0   0
2   17.500   15.414 0 0   0
2   17.500   15.562 0 0   0
2   17.500   15.711 0 0   0
2   17.500   15.859 0 0   0
2   17.500   16.008 0 0   0
2   17.500   16.156 0 0   0
2   17.500   16.305 0 0   0
2   17.500   16.453 0 0   0
2   17.500   16.602 0 0   0
2   17.500   16.750 0 0   0
3   17.500   16.750 0 0   0
2   17.500   16.875 0 0   0
2   17.500   17.000 0 0   0
2   17.500   17.125 0 0   0
2   17.500   17.250 0 0   0
2   17.500   17.375 0 0   0
2   17.500   17.500 0 0   0
3   17.500   17.500 0 0   0
2   17.375   17.500 0 0   0
2   17.250   17.500 0 0   0
2   17.125   17.500 0 0   0
2   17.000   17.500 0 0   0
2   16.875   17.500 0 0   0
2   16.750   17.500 0 0   0
3   16.750   17.500 0 0   0
2   16.600   17.500 0 0   0
2   16.450   17.500 0 0   0
2   16.300   17.500 0 0   0
2   16.150   17.500 0 0   0
2   16.000   17.500 0 0   0
2   15.850   17.500 0 0   0
2   15.700   17.500 0 0   0
2   15.550   17.500 0 0   0
2   15.400   17.500 0 0   0
2   15.250   17.500 0 0   0
2   15.100   17.500 0 0   0
2   14.950   17.500 0 0   0
2   14.800   17.500 0 0   0
2   14.650   17.500 0 0   0
2   14.500   17.500 0 0   0
2   14.350   17.500 0 0   0
2   14.200   17.500 0 0   0
2   14.050   17.500 0 0   0
2   13.900   17.500 0 0   0
2   13.750   17.500 0 0   0
2   13.600   17.500 0 0   0
2   13.450   17.500 0 0   0
2   13.300   17.500 0 0   0
2   13.150   17.500 0 0   0
2   13.000   17.500 0 0   0
2   12.850   17.500 0 0   0
2   12.700   17.500 0 0   0
2   12.550   17.500 0 0   0
2   12.400   17.500 0 0   0
2   12.250   17.500 0 0   0
2   12.100   17.500 0 0   0
2   11.950   17.500 0 0   0
2   11.800   17.500 0 0   0
2   11.650   17.500 0 0   0
2   11.500   17.500 0 0   0
2   11.350   17.500 0 0   0
2   11.200   17.500 0 0   0
2   11.050   17.500 0 0   0
2   10.900   17.500 0 0   0
2   10.750   17.500 0 0   0
2   10.600   17.500 0 0   0
2   10.450   17.500 0 0   0
2   10.300   17.500 0 0   0
2   10.150   17.500 0 0   0
2   10.000   17.500 0 0   0
2    9.850   17.500 0 0   0
2    9.700   17.500 0 0   0
2    9.550   17.500 0 0   0
2    9.400   17.500 0 0   0
2    9.250   17.500 0 0   0
2    9.100   17.500 0 0   0
2    8.950   17.500 0 0   0
2    8.800   17.500 0 0   0
2    8.650   17.500 0 0   0
2    8.500   17.500 0 0   0
2    8.350   17.500 0 0   0
2    8.200   17.500 0 0   0
2    8.050   17.500 0 0   0
2    7.900   17.500 0 0   0
2    7.750   17.500 0 0   0
2    7.600   17.500 0 0   0
2    7.450   17.500 0 0   0
2    7.300   17.500 0 0   0
2    7.150   17.500 0 0   0
2    7.000   17.500 0 0   0
2    6.850   17.500 0 0   0
2    6.700   17.500 0 0   0
2    6.550   17.500 0 0   0
2    6.400   17.500 0 0   0
2    6.250   17.500 0 0   0
2    6.100   17.500 0 0   0
2    5.950   17.500 0 0   0
2    5.800   17.500 0 0   0
2    5.650   17.500 0 0   0
2    5.500   17.500 0 0   0
2    5.350   17.500 0 0   0
2    5.200   17.500 0 0   0
2    5.050   17.500 0 0   0
2    4.900   17.500 0 0   0
2    4.750   17.500 0 0   0
2    4.600   17.500 0 0   0
2    4.450   17.500 0 0   0
2    4.300   17.500 0 0   0
2    4.150   17.500 0 0   0
2    4.000   17.500 0 0   0
2    3.850   17.500 0 0   0
2    3.700   17.500 0 0   0
2    3.550   17.500 0 0   0
2    3.400   17.500 0 0   0
2    3.250   17.500 0 0   0
3    3.250   17.500 0 0   0
2    3.125   17.500 0 0   0
2    3.000   17.500 0 0   0
2    2.875   17.500 0 0   0
2    2.750   17.500 0 0   0
2    2.625   17.500 0 0   0
2    2.500   17.500 0 0   0
3    2.500   17.500 0 0   0
2    2.500   17.375 0 0   0
2    2.500   17.250 0 0   0
2    2.500   17.125 0 0   0
2    2.500   17.000 0 0   0
2    2.500   16.875 0 0   0
2    2.500   16.750 0 0   0
3    2.500   16.750 0 0   0
2    2.500   16.602 0 0   0
2    2.500   16.453 0 0   0
2    2.500   16.305 0 0   0
2    2.500   16.156 0 0   0
2    2.500   16.008 0 0   0
2    2.500   15.859 0 0   0
2    2.500   15.711 0 0   0
2    2.500   15.562 0 0   0
2    2.500   15.414 0 0   0
2    2.500   15.266 0 0   0
2    2.500   15.117 0 0   0
2    2.500   14.969 0 0   0
2    2.500   14.820 0 0   0
2    2.500   14.672 0 0   0
2    2.500   14.523 0 0   0
2    2.500   14.375 0 0   0
2    2.500   14.227 0 0   0
2    2.500   14.078 0 0   0
2    2.500   13.930 0 0   0
2    2.500   13.781 0 0   0
2    2.500   13.633 0 0   0
2    2.500   13.484 0 0   0
2    2.500   13.336 0 0   0
2    2.500   13.188 0 0   0
2    2.500   13.039 0 0   0
2    2.500   12.891 0 0   0
2    2.500   12.742 0 0   0
2    2.500   12.594 0 0   0
2    2.500   12.445 0 0   0
2    2.500   12.297 0 0   0
2    2.500   12.148 0 0   0
2    2.500   12.000 0 0   0
2    2.500   11.852 0 0   0
2    2.500   11.703 0 0   0
2    2.500   11.555 0 0   0
2    2.500   11.406 0 0   0
2    2.500   11.258 0 0   0
2    2.500   11.109 0 0   0
2    2.500   10.961 0 0   0
2    2.500   10.812 0 0   0
2    2.500   10.664 0 0   0
2    2.500   10.516 0 0   0
2    2.500   10.367 0 0   0
2    2.500   10.219 0 0   0
2    2.500   10.070 0 0   0
2    2.500    9.922 0 0   0
2    2.500    9.773 0 0   0
2    2.500    9.625 0 0   0
2    2.500    9.477 0 0   0
2    2.500    9.328 0 0   0
2    2.500    9.180 0 0   0
2    2.500    9.031 0 0   0
2    2.500    8.883 0 0   0
2    2.500    8.734 0 0   0
2    2.500    8.586 0 0   0
2    2.500    8.438 0 0   0
2    2.500    8.289 0 0   0
2    2.500    8.141 0 0   0
2    2.500    7.992 0 0   0
2    2.500    7.844 0 0   0
2    2.500    7.695 0 0   0
2    2.500    7.547 0 0   0
2    2.500    7.398 0 0   0
2    2.500    7.250 0 0   0
2    2.500    7.102 0 0   0
2    2.500    6.953 0 0   0
2    2.500    6.805 0 0   0
2    2.500    6.656 0 0   0
2    2.500    6.508 0 0   0
2    2.500    6.359 0 0   0
2    2.500    6.211 0 0   0
2    2.500    6.062 0 0   0
2    2.500    5.914 0 0   0
2    2.500    5.766 0 0   0
2    2.500    5.617 0 0   0
2    2.500    5.469 0 0   0
2    2.500    5.320 0 0   0
2    2.500    5.172 0 0   0
2    2.500    5.023 0 0   0
2    2.500    4.875 0 0   0
2    2.500    4.727 0 0   0
2    2.500    4.578 0 0   0
2    2.500    4.430 0 0   0
2    2.500    4.281 0 0   0
2    2.500    4.133 0 0   0
2    2.500    3.984 0 0   0
2    2.500    3.836 0 0   0
2    2.500    3.688 0 0   0
2    2.500    3.539 0 0   0
2    2.500    3.391 0 0   0
2    2.500    3.242 0 0   0
2    2.500    3.094 0 0   0
2    2.500    2.945 0 0   0
2    2.500    2.797 0 0   0
2    2.500    2.648 0 0   0
2    2.500    2.500 0 0   0
3    2.500    2.500 0 0   0
2    2.650    2.500 0 0   0
2    2.800    2.500 0 0   0
2    2.950    2.500 0 0   0
2    3.100    2.500 0 0   0
2    3.250    2.500 0 0   0
2    3.400    2.500 0 0   0
2    3.550    2.500 0 0   0
2    3.700    2.500 0 0   0
2    3.850    2.500 0 0   0
2    4.000    2.500 0 0   0
2    4.150    2.500 0 0   0
2    4.300    2.500 0 0   0
2    4.450    2.500 0 0   0
2    4.600    2.500 0 0   0
2    4.750    2.500 0 0   0
2    4.900    2.500 0 0   0
2    5.050    2.500 0 0   0
2    5.200    2.500 0 0   0
2    5.350    2.500 0 0   0
2    5.500    2.500 0 0   0
2    5.650    2.500 0 0   0
2    5.800    2.500 0 0   0
2    5.950    2.500 0 0   0
2    6.100    2.500 0 0   0
2    6.250    2.500 0 0   0
2    6.400    2.500 0 0   0
2    6.550    2.500 0 0   0
2    6.700    2.500 0 0   0
2    6.850    2.500 0 0   0
2    7.000    2.500 0 0   0
2    7.150    2.500 0 0   0
2    7.300    2.500 0 0   0
2    7.450    2.500 0 0   0
2    7.600    2.500 0 0   0
2    7.750    2.500 0 0   0
2    7.900    2.500 0 0   0
2    8.050    2.500 0 0   0
2    8.200    2.500 0 0   0
2    8.350    2.500 0 0   0
2    8.500    2.500 0 0   0
2    8.650    2.500 0 0   0
2    8.800    2.500 0 0   0
2    8.950    2.500 0 0   0
2    9.100    2.500 0 0   0
2    9.250    2.500 0 0   0
2    9.400    2.500 0 0   0
2    9.550    2.500 0 0   0
2    9.700    2.500 0 0   0
2    9.850    2.500 0 0   0
2   10.000    2.500 0 0   0
2   10.150    2.500 0 0   0
2   10.300    2.500 0 0   0
2   10.450    2.500 0 0   0
2   10.600    2.500 0 0   0
2   10.750    2.500 0 0   0
2   10.900    2.500 0 0   0
2   11.050    2.500 0 0   0
2   11.200    2.500 0 0   0
2   11.350    2.500 0 0   0
2   11.500    2.500 0 0   0
2   11.650    2.500 0 0   0
2   11.800    2.500 0 0   0
2   11.950    2.500 0 0   0
2   12.100    2.500 0 0   0
2   12.250    2.500 0 0   0
2   12.400    2.500 0 0   0
2   12.550    2.500 0 0   0
2   12.700    2.500 0 0   0
2   12.850    2.500 0 0   0
2   13.000    2.500 0 0   0
2   13.150    2.500 0 0   0
2   13.300    2.500 0 0   0
2   13.450    2.500 0 0   0
2   13.600    2.500 0 0   0
2   13.750    2.500 0 0   0
2   13.900    2.500 0 0   0
2   14.050    2.500 0 0   0
2   14.200    2.500 0 0   0
2   14.350    2.500 0 0   0
2   14.500    2.500 0 0   0
2   14.650    2.500 0 0   0
2   14.800    2.500 0 0   0
2   14.950    2.500 0 0   0
2   15.100    2.500 0 0   0
2   15.250    2.500 0 0   0
2   15.400    2.500 0 0   0
2   15.550    2.500 0 0   0
2   15.700    2.500 0 0   0
2   15.850    2.500 0 0   0
2   16.000    2.500 0 0   0
2   16.150    2.500 0 0   0
2   16.300    2.500 0 0   0
2   16.450    2.500 0 0   0
2   16.600    2.500 0 0   0
2   16.750    2.500 0 0   0
2   16.900    2.500 0 0   0
2   17.050    2.500 0 0   0
2   17.200    2.500 0 0   0
2   17.350    2.500 0 0   0
2   17.500    2.500 0 0   0
3   17.500   17.500 0 0   0
2   17.375   17.500 0 0   0
2   17.250   17.500 0 0   0
2   17.125   17.500 0 0   0
2   17.000   17.500 0 0   0
2   16.875   17.500 0 0   0
2   16.750   17.500 0 0   0
2   16.750   17.500 0 0   0
2   16.600   17.500 0 0   0
2   16.450   17.500 0 0   0
2   16.300   17.500 0 0   0
2   16.150   17.500 0 0   0
2   16.000   17.500 0 0   0
2   15.850   17.500 0 0   0
2   15.700   17.500 0 0   0
2   15.550   17.500 0 0   0
2   15.400   17.500 0 0   0
2   15.250   17.500 0 0   0
2   15.100   17.500 0 0   0
2   14.950   17.500 0 0   0
2   14.800   17.500 0 0   0
2   14.650   17.500 0 0   0
2   14.500   17.500 0 0   0
2   14.350   17.500 0 0   0
2   14.200   17.500 0 0   0
2   14.050   17.500 0 0   0
2   13.900   17.500 0 0   0
2   13.750   17.500 0 0   0
2   13.600   17.500 0 0   0
2   13.450   17.500 0 0   0
2   13.300   17.500 0 0   0
2   13.150   17.500 0 0   0
2   13.000   17.500 0 0   0
2   12.850   17.500 0 0   0
2   12.700   17.500 0 0   0
2   12.550   17.500 0 0   0
2   12.400   17.500 0 0   0
2   12.250   17.500 0 0   0
2   12.100   17.500 0 0   0
2   11.950   17.500 0 0   0
2   11.800   17.500 0 0   0
2   11.650   17.500 0 0   0
2   11.500   17.500 0 0   0
2   11.350   17.500 0 0   0
2   11.200   17.500 0 0   0
2   11.050   17.500 0 0   0
2   10.900   17.500 0 0   0
2   10.750   17.500 0 0   0
2   10.600   17.500 0 0   0
2   10.450   17.500 0 0   0
2   10.300   17.500 0 0   0
2   10.150   17.500 0 0   0
2   10.000   17.500 0 0   0
2    9.850   17.500 0 0   0
2    9.700   17.500 0 0   0
2    9.550   17.500 0 0   0
2    9.400   17.500 0 0   0
2    9.250   17.500 0 0   0
2    9.100   17.500 0 0   0
2    8.950   17.500 0 0   0
2    8.800   17.500 0 0   0
2    8.650   17.500 0 0   0
2    8.500   17.500 0 0   0
2    8.350   17.500 0 0   0
2    8.200   17.500 0 0   0
2    8.050   17.500 0 0   0
2    7.900   17.500 0 0   0
2    7.750   17.500 0 0   0
2    7.600   17.500 0 0   0
2    7.450   17.500 0 0   0
2    7.300   17.500 0 0   0
2    7.150   17.500 0 0   0
2    7.000   17.500 0 0   0
2    6.850   17.500 0 0   0
2    6.700   17.500 0 0   0
2    6.550   17.500 0 0   0
2    6.400   17.500 0 0   0
2    6.250   17.500 0 0   0
2    6.100   17.500 0 0   0
2    5.950   17.500 0 0   0
2    5.800   17.500 0 0   0
2    5.650   17.500 0 0   0
2    5.500   17.500 0 0   0
2    5.350   17.500 0 0   0
2    5.200   17.500 0 0   0
2    5.050   17.500 0 0   0
2    4.900   17.500 0 0   0
2    4.750   17.500 0 0   0
2    4.600   17.500 0 0   0
2    4.450   17.500 0 0   0
2    4.300   17.500 0 0   0
2    4.150   17.500 0 0   0
2    4.000   17.500 0 0   0
2    3.850   17.500 0 0   0
2    3.700   17.500 0 0   0
2    3.550   17.500 0 0   0
2    3.400   17.500 0 0   0
2    3.250   17.500 0 0   0
2    3.250   17.500 0 0   0
2    3.125   17.500 0 0   0
2    3.000   17.500 0 0   0
2    2.875   17.500 0 0   0
2    2.750   17.500 0 0   0
2    2.625   17.500 0 0   0
2    2.500   17.500 0 0   0
3   17.500    2.500 0 0   0
2   17.500    2.648 0 0   0
2   17.500    2.797 0 0   0
2   17.500    2.945 0 0   0
2   17.500    3.094 0 0   0
2   17.500    3.242 0 0   0
2   17.500    3.391 0 0   0
2   17.500    3.539 0 0   0
2   17.500    3.688 0 0   0
2   17.500    3.836 0 0   0
2   17.500    3.984 0 0   0
2   17.500    4.133 0 0   0
2   17.500    4.281 0 0   0
2   17.500    4.430 0 0   0
2   17.500    4.578 0 0   0
2   17.500    4.727 0 0   0
2   17.500    4.875 0 0   0
2   17.500    5.023 0 0   0
2   17.500    5.172 0 0   0
2   17.500    5.320 0 0   0
2   17.500    5.469 0 0   0
2   17.500    5.617 0 0   0
2   17.500    5.766 0 0   0
2   17.500    5.914 0 0   0
2   17.500    6.062 0 0   0
2   17.500    6.211 0 0   0
2   17.500    6.359 0 0   0
2   17.500    6.508 0 0   0
2   17.500    6.656 0 0   0
2   17.500    6.805 0 0   0
2   17.500    6.953 0 0   0
2   17.500    7.102 0 0   0
2   17.500    7.250 0 0   0
2   17.500    7.398 0 0   0
2   17.500    7.547 0 0   0
2   17.500    7.695 0 0   0
2   17.500    7.844 0 0   0
2   17.500    7.992 0 0   0
2   17.500    8.141 0 0   0
2   17.500    8.289 0 0   0
2   17.500    8.438 0 0   0
2   17.500    8.586 0 0   0
2   17.500    8.734 0 0   0
2   17.500    8.883 0 0   0
2   17.500    9.031 0 0   0
2   17.500    9.180 0 0   0
2   17.500    9.328 0 0   0
2   17.500    9.477 0 0   0
2   17.500    9.625 0 0   0
2   17.500    9.773 0 0   0
2   17.500    9.922 0 0   0
2   17.500   10.070 0 0   0
2   17.500   10.219 0 0   0
2   17.500   10.367 0 0   0
2   17.500   10.516 0 0   0
2   17.500   10.664 0 0   0
2   17.500   10.812 0 0   0
2   17.500   10.961 0 0   0
2   17.500   11.109 0 0   0
2   17.500   11.258 0 0   0
2   17.500   11.406 0 0   0
2   17.500   11.555 0 0   0
2   17.500   11.703 0 0   0
2   17.500   11.852 0 0   0
2   17.500   12.000 0 0   0
2   17.500   12.148 0 0   0
2   17.500   12.297 0 0   0
2   17.500   12.445 0 0   0
2   17.500   12.594 0 0   0
2   17.500   12.742 0 0   0
2   17.500   12.891 0 0   0
2   17.500   13.039 0 0   0
2   17.500   13.188 0 0   0
2   17.500   13.336 0 0   0
2   17.500   13.484 0 0   0
2   17.500   13.633 0 0   0
2   17.500   13.781 0 0   0
2   17.500   13.930 0 0   0
2   17.500   14.078 0 0   0
2   17.500   14.227 0 0   0
2   17.500   14.375 0 0   0
2   17.500   14.523 0 0   0
2   17.500   14.672 0 0   0
2   17.500   14.820 0 0   0
2   17.500   14.969 0 0   0
2   17.500   15.117 0 0   0
2   17.500   15.266 0 0   0
2   17.500   15.414 0 0   0
2   17.500   15.562 0 0   0
2   17.500   15.711 0 0   0
2   17.500   15.859 0 0   0
2   17.500   16.008 0 0   0
2   17.500   16.156 0 0   0
2   17.500   16.305 0 0   0
2   17.500   16.453 0 0   0
2   17.500   16.602 0 0   0
2   17.500   16.750 0 0   0
2   17.500   16.750 0 0   0
2   17.500   16.875 0 0   0
2   17.500   17.000 0 0   0
2   17.500   17.125 0 0   0
2   17.500   17.250 0 0   0
2   17.500   17.375 0 0   0
2   17.500   17.500 0 0   0
3    2.500   17.500 0 0   0
2    2.500   17.375 0 0   0
2    2.500   17.250 0 0   0
2    2.500   17.125 0 0   0
2    2.500   17.000 0 0   0
2    2.500   16.875 0 0   0
2    2.500   16.750 0 0   0
2    2.500   16.750 0 0   0
2    2.500   16.602 0 0   0
2    2.500   16.453 0 0   0
2    2.500   16.305 0 0   0
2    2.500   16.156 0 0   0
2    2.500   16.008 0 0   0
2    2.500   15.859 0 0   0
2    2.500   15.711 0 0   0
2    2.500   15.562 0 0   0
2    2.500   15.414 0 0   0
2    2.500   15.266 0 0   0
2    2.500   15.117 0 0   0
2    2.500   14.969 0 0   0
2    2.500   14.820 0 0   0
2    2.500   14.672 0 0   0
2    2.500   14.523 0 0   0
2    2.500   14.375 0 0   0
2    2.500   14.227 0 0   0
2    2.500   14.078 0 0   0
2    2.500   13.930 0 0   0
2    2.500   13.781 0 0   0
2    2.500   13.633 0 0   0
2    2.500   13.484 0 0   0
2    2.500   13.336 0 0   0
2    2.500   13.188 0 0   0
2    2.500   13.039 0 0   0
2    2.500   12.891 0 0   0
2    2.500   12.742 0 0   0
2    2.500   12.594 0 0   0
2    2.500   12.445 0 0   0
2    2.500   12.297 0 0   0
2    2.500   12.148 0 0   0
2    2.500   12.000 0 0   0
2    2.500   11.852 0 0   0
2    2.500   11.703 0 0   0
2    2.500   11.555 0 0   0
2    2.500   11.406 0 0   0
2    2.500   11.258 0 0   0
2    2.500   11.109 0 0   0
2    2.500   10.961 0 0   0
2    2.500   10.812 0 0   0
2    2.500   10.664 0 0   0
2    2.500   10.516 0 0   0
2    2.500   10.367 0 0   0
2    2.500   10.219 0 0   0
2    2.500   10.070 0 0   0
2    2.500    9.922 0 0   0
2    2.500    9.773 0 0   0
2    2.500    9.625 0 0   0
2    2.500    9.477 0 0   0
2    2.500    9.328 0 0   0
2    2.500    9.180 0 0   0
2    2.500    9.031 0 0   0
2    2.500    8.883 0 0   0
2    2.500    8.734 0 0   0
2    2.500    8.586 0 0   0
2    2.500    8.438 0 0   0
2    2.500    8.289 0 0   0
2    2.500    8.141 0 0   0
2    2.500    7.992 0 0   0
2    2.500    7.844 0 0   0
2    2.500    7.695 0 0   0
2    2.500    7.547 0 0   0
2    2.500    7.398 0 0   0
2    2.500    7.250 0 0   0
2    2.500    7.102 0 0   0
2    2.500    6.953 0 0   0
2    2.500    6.805 0 0   0
2    2.500    6.656 0 0   0
2    2.500    6.508 0 0   0
2    2.500    6.359 0 0   0
2    2.500    6.211 0 0   0
2    2.500    6.062 0 0   0
2    2.500    5.914 0 0   0
2    2.500    5.766 0 0   0
2    2.500    5.617 0 0   0
2    2.500    5.469 0 0   0
2    2.500    5.320 0 0   0
2    2.500    5.172 0 0   0
2    2.500    5.023 0 0   0
2    2.500    4.875 0 0   0
2    2.500    4.727 0 0   0
2    2.500    4.578 0 0   0
2    2.500    4.430 0 0   0
2    2.500    4.281 0 0   0
2    2.500    4.133 0 0   0
2    2.500    3.984 0 0   0
2    2.500    3.836 0 0   0
2    2.500    3.688 0 0   0
2    2.500    3.539 0 0   0
2    2.500    3.391 0 0   0
2    2.500    3.242 0 0   0
2    2.500    3.094 0 0   0
2    2.500    2.945 0 0   0
2    2.500    2.797 0 0   0
2    2.500    2.648 0 0   0
2    2.500    2.500 0 0   0
3    2.500   16.750 0 0   0
2    2.625   16.750 0 0   0
2    2.750   16.750 0 0   0
2    2.875   16.750 0 0   0
2    3.000   16.750 0 0   0
2    3.125   16.750 0 0   0
2    3.250   16.750 0 0   0
2    3.250   16.750 0 0   0
2    3.400   16.750 0 0   0
2    3.550   16.750 0 0   0
2    3.700   16.750 0 0   0
2    3.850   16.750 0 0   0
2    4.000   16.750 0 0   0
2    4.150   16.750 0 0   0
2    4.300   16.750 0 0   0
2    4.450   16.750 0 0   0
2    4.600   16.750 0 0   0
2    4.750   16.750 0 0   0
2    4.900   16.750 0 0   0
2    5.050   16.750 0 0   0
2    5.200   16.750 0 0   0
2    5.350   16.750 0 0   0
2    5.500   16.750 0 0   0
2    5.650   16.750 0 0   0
2    5.800   16.750 0 0   0
2    5.950   16.750 0 0   0
2    6.100   16.750 0 0   0
2    6.250   16.750 0 0   0
2    6.400   16.750 0 0   0
2    6.550   16.750 0 0   0
2    6.700   16.750 0 0   0
2    6.850   16.750 0 0   0
2    7.000   16.750 0 0   0
2    7.150   16.750 0 0   0
2    7.300   16.750 0 0   0
2    7.450   16.750 0 0   0
2    7.600   16.750 0 0   0
2    7.750   16.750 0 0   0
2    7.900   16.750 0 0   0
2    8.050   16.750 0 0   0
2    8.200   16.750 0 0   0
2    8.350   16.750 0 0   0
2    8.500   16.750 0 0   0
2    8.650   16.750 0 0   0
2    8.800   16.750 0 0   0
2    8.950   16.750 0 0   0
2    9.100   16.750 0 0   0
2    9.250   16.750 0 0   0
2    9.400   16.750 0 0   0
2    9.550   16.750 0 0   0
2    9.700   16.750 0 0   0
2    9.850   16.750 0 0   0
2   10.000   16.750 0 0   0
2   10.150   16.750 0 0   0
2   10.300   16.750 0 0   0
2   10.450   16.750 0 0   0
2   10.600   16.750 0 0   0
2   10.750   16.750 0 0   0
2   10.900   16.750 0 0   0
2   11.050   16.750 0 0   0
2   11.200   16.750 0 0   0
2   11.350   16.750 0 0   0
2   11.500   16.750 0 0   0
2   11.650   16.750 0 0   0
2   11.800   16.750 0 0   0
2   11.950   16.750 0 0   0
2   12.100   16.750 0 0   0
2   12.250   16.750 0 0   0
2   12.400   16.750 0 0   0
2   12.550   16.750 0 0   0
2   12.700   16.750 0 0   0
2   12.850   16.750 0 0   0
2   13.000   16.750 0 0   0
2   13.150   16.750 0 0   0
2   13.300   16.750 0 0   0
2   13.450   16.750 0 0   0
2   13.600   16.750 0 0   0
2   13.750   16.750 0 0   0
2   13.900   16.750 0 0   0
2   14.050   16.750 0 0   0
2   14.200   16.750 0 0   0
2   14.350   16.750 0 0   0
2   14.500   16.750 0 0   0
2   14.650   16.750 0 0   0
2   14.800   16.750 0 0   0
2   14.950   16.750 0 0   0
2   15.100   16.750 0 0   0
2   15.250   16.750 0 0   0
2   15.400   16.750 0 0   0
2   15.550   16.750 0 0   0
2   15.700   16.750 0 0   0
2   15.850   16.750 0 0   0
2   16.000   16.750 0 0   0
2   16.150   16.750 0 0   0
2   16.300   16.750 0 0   0
2   16.450   16.750 0 0   0
2   16.600   16.750 0 0   0
2   16.750   16.750 0 0   0
2   16.750   16.750 0 0   0
2   16.875   16.750 0 0   0
2   17.000   16.750 0 0   0
2   17.125   16.750 0 0   0
2   17.250   16.750 0 0   0
2   17.375   16.750 0 0   0
2   17.500   16.750 0 0   0
6   20.000    1.000    0.000    0.250  18
scalex:     15.000
6   20.000    1.500    0.000    0.250  18
scaley:     15.000
6   18.300    8.800    0.000    0.150   6
LEVELS
6   18.000    2.700    0.000    0.250  14
 1       0.000
6   18.000    3.200    0.000    0.250  14
 2       0.100
6   18.000    3.700    0.000    0.250  14
 3       0.200
6   18.000    4.200    0.000    0.250  14
 4       0.300
6   18.000    4.700    0.000    0.250  14
 5       0.400
6   18.000    5.200    0.000    0.250  14
 6       0.500
6   18.000    5.700    0.000    0.250  14
 7       0.600
6   18.000    6.200    0.000    0.250  14
 8       0.700
6   18.000    6.700    0.000    0.250  14
 9       0.800
6   18.000    7.200    0.000    0.250  14
10       0.900
6   18.000    7.700    0.000    0.250  14
11       1.000
6    1.000    0.250    0.000    0.300  80
                                                                                
5    0.000    0.000 0 0   0
