   1.00000000000000       0.000000000000000E+000
  0.975000000000000        6.62745621371455     
  0.950000000000000        13.1575148292675     
  0.925000000000000        19.4293283703696     
  0.900000000000000        25.3856050421649     
  0.875000000000000        30.9220274728972     
  0.850000000000000        36.0032077956268     
  0.825000000000000        40.5892615058188     
  0.800000000000000        44.6668694221948     
  0.775000000000000        48.2458542196334     
  0.750000000000000        51.3276621038199     
  0.725000000000000        53.9516695632284     
  0.700000000000000        56.1264027704226     
  0.675000000000000        57.9029118820141     
  0.650000000000000        59.2907153483642     
  0.625000000000000        60.3399273467951     
  0.600000000000000        61.0571921099729     
  0.575000000000000        61.4842668911125     
  0.550000000000000        61.6229719201694     
  0.525000000000000        61.5034610103053     
  0.500000000000000        61.1222195636189     
  0.475000000000000        60.4975500221788     
  0.450000000000000        59.6210849288028     
  0.425000000000000        58.5011147572710     
  0.400000000000000        57.1255951818960     
  0.375000000000000        55.4961507189276     
  0.350000000000000        53.5987590378103     
  0.325000000000000        51.4328601602257     
  0.300000000000000        48.9845582633736     
  0.275000000000000        46.2563477193191     
  0.250000000000000        43.2368107185237     
  0.225000000000000        39.9368932007268     
  0.200000000000000        36.3499775299605     
  0.175000000000000        32.5000762266118     
  0.150000000000000        28.3872434279437     
  0.125000000000000        24.0512162194071     
  0.100000000000000        19.4996567021028     
  7.500000000000000E-002   14.7878285170178     
  5.000000000000000E-002   9.93078322959684     
  2.500000000000000E-002   4.99494934367937     
  0.000000000000000E+000  0.000000000000000E+000
