1    1.000   20.000 0 0   0
6    3.500    0.750    0.000    0.250  80
x                                                                               
3   23.750    0.875 0 0   0
2   24.500    0.875 0 0   0
2   24.250    1.000 0 0   0
2   24.250    0.750 0 0   0
2   24.500    0.875 0 0   0
6    0.875    3.500   90.000    0.250  80
y                                                                               
3    0.750   23.750 0 0   0
2    0.750   24.500 0 0   0
2    0.625   24.250 0 0   0
2    0.875   24.250 0 0   0
2    0.750   24.500 0 0   0
3   17.409    4.146 0 0   0
2   17.409    4.146 0 0   0
2   17.409    4.146 0 0   0
2   17.409    4.146 0 0   0
2   17.409    4.146 0 0   0
3    2.500   14.647 0 0   0
2    2.500   14.647 0 0   0
2    2.506   14.647 0 0   0
2    2.635   14.646 0 0   0
2    2.645   14.646 0 0   0
2    2.769   14.645 0 0   0
2    2.782   14.645 0 0   0
2    2.903   14.644 0 0   0
2    2.922   14.643 0 0   0
2    3.038   14.641 0 0   0
2    3.060   14.641 0 0   0
2    3.171   14.638 0 0   0
2    3.201   14.637 0 0   0
2    3.305   14.634 0 0   0
2    3.341   14.633 0 0   0
2    3.437   14.629 0 0   0
2    3.482   14.627 0 0   0
2    3.571   14.624 0 0   0
2    3.622   14.621 0 0   0
2    3.702   14.618 0 0   0
2    3.765   14.614 0 0   0
2    3.835   14.611 0 0   0
2    3.905   14.607 0 0   0
2    3.964   14.603 0 0   0
2    4.048   14.598 0 0   0
2    4.096   14.595 0 0   0
2    4.187   14.588 0 0   0
2    4.223   14.586 0 0   0
2    4.331   14.578 0 0   0
2    4.354   14.576 0 0   0
2    4.470   14.566 0 0   0
2    4.480   14.566 0 0   0
2    4.578   14.557 0 0   0
2    4.610   14.554 0 0   0
2    4.613   14.554 0 0   0
2    4.734   14.543 0 0   0
2    4.751   14.541 0 0   0
2    4.862   14.530 0 0   0
2    4.894   14.527 0 0   0
2    4.985   14.517 0 0   0
2    5.031   14.512 0 0   0
2    5.111   14.503 0 0   0
2    5.172   14.496 0 0   0
2    5.232   14.489 0 0   0
2    5.310   14.480 0 0   0
2    5.356   14.474 0 0   0
2    5.449   14.462 0 0   0
2    5.476   14.458 0 0   0
2    5.585   14.443 0 0   0
2    5.597   14.441 0 0   0
2    5.680   14.429 0 0   0
2    5.716   14.424 0 0   0
2    5.722   14.423 0 0   0
2    5.835   14.406 0 0   0
2    5.858   14.403 0 0   0
2    5.952   14.388 0 0   0
2    5.994   14.381 0 0   0
2    6.070   14.369 0 0   0
2    6.127   14.359 0 0   0
2    6.185   14.349 0 0   0
2    6.262   14.335 0 0   0
2    6.301   14.328 0 0   0
2    6.392   14.311 0 0   0
2    6.413   14.307 0 0   0
2    6.526   14.286 0 0   0
2    6.528   14.285 0 0   0
2    6.541   14.283 0 0   0
2    6.638   14.263 0 0   0
2    6.654   14.260 0 0   0
2    6.751   14.240 0 0   0
2    6.785   14.233 0 0   0
2    6.860   14.217 0 0   0
2    6.911   14.206 0 0   0
2    6.970   14.192 0 0   0
2    7.039   14.177 0 0   0
2    7.078   14.168 0 0   0
2    7.164   14.147 0 0   0
2    7.283   14.118 0 0   0
2    7.289   14.117 0 0   0
2    7.317   14.109 0 0   0
2    7.413   14.085 0 0   0
2    7.431   14.080 0 0   0
2    7.535   14.053 0 0   0
2    7.580   14.041 0 0   0
2    7.657   14.020 0 0   0
2    7.725   14.001 0 0   0
2    7.776   13.986 0 0   0
2    7.870   13.959 0 0   0
2    7.897   13.951 0 0   0
2    8.011   13.917 0 0   0
2    8.013   13.916 0 0   0
2    8.023   13.913 0 0   0
2    8.133   13.879 0 0   0
2    8.154   13.872 0 0   0
2    8.247   13.842 0 0   0
2    8.291   13.828 0 0   0
2    8.364   13.804 0 0   0
2    8.430   13.781 0 0   0
2    8.477   13.765 0 0   0
2    8.565   13.734 0 0   0
2    8.590   13.725 0 0   0
2    8.699   13.686 0 0   0
2    8.702   13.685 0 0   0
2    8.714   13.680 0 0   0
2    8.808   13.645 0 0   0
2    8.824   13.639 0 0   0
2    8.911   13.606 0 0   0
2    8.948   13.592 0 0   0
2    9.015   13.565 0 0   0
2    9.068   13.544 0 0   0
2    9.115   13.525 0 0   0
2    9.189   13.494 0 0   0
2    9.218   13.482 0 0   0
2    9.304   13.446 0 0   0
2    9.316   13.441 0 0   0
2    9.379   13.413 0 0   0
2    9.416   13.397 0 0   0
2    9.423   13.394 0 0   0
2    9.513   13.354 0 0   0
2    9.535   13.344 0 0   0
2    9.611   13.309 0 0   0
2    9.649   13.292 0 0   0
2    9.705   13.265 0 0   0
2    9.759   13.240 0 0   0
2    9.801   13.219 0 0   0
2    9.869   13.186 0 0   0
2    9.894   13.174 0 0   0
2    9.977   13.133 0 0   0
2    9.988   13.127 0 0   0
2   10.055   13.093 0 0   0
2   10.080   13.080 0 0   0
2   10.084   13.078 0 0   0
2   10.172   13.032 0 0   0
2   10.189   13.023 0 0   0
2   10.213   13.010 0 0   0
2   10.292   12.967 0 0   0
2   10.336   12.943 0 0   0
2   10.396   12.910 0 0   0
2   10.455   12.877 0 0   0
2   10.496   12.854 0 0   0
2   10.575   12.809 0 0   0
2   10.598   12.795 0 0   0
2   10.689   12.741 0 0   0
2   10.695   12.738 0 0   0
2   10.729   12.717 0 0   0
2   10.795   12.678 0 0   0
2   10.805   12.672 0 0   0
2   10.889   12.619 0 0   0
2   10.915   12.603 0 0   0
2   10.986   12.558 0 0   0
2   11.026   12.532 0 0   0
2   11.079   12.498 0 0   0
2   11.133   12.463 0 0   0
2   11.173   12.436 0 0   0
2   11.240   12.391 0 0   0
2   11.264   12.374 0 0   0
2   11.343   12.320 0 0   0
2   11.356   12.312 0 0   0
2   11.434   12.256 0 0   0
2   11.445   12.249 0 0   0
2   11.447   12.248 0 0   0
2   11.534   12.185 0 0   0
2   11.547   12.175 0 0   0
2   11.621   12.121 0 0   0
2   11.647   12.102 0 0   0
2   11.708   12.056 0 0   0
2   11.744   12.029 0 0   0
2   11.792   11.992 0 0   0
2   11.841   11.954 0 0   0
2   11.878   11.925 0 0   0
2   11.934   11.881 0 0   0
2   11.960   11.860 0 0   0
2   12.029   11.805 0 0   0
2   12.044   11.793 0 0   0
2   12.119   11.731 0 0   0
2   12.124   11.727 0 0   0
2   12.161   11.695 0 0   0
2   12.206   11.658 0 0   0
2   12.211   11.653 0 0   0
2   12.284   11.591 0 0   0
2   12.298   11.578 0 0   0
2   12.364   11.521 0 0   0
2   12.387   11.501 0 0   0
2   12.441   11.453 0 0   0
2   12.472   11.425 0 0   0
2   12.519   11.382 0 0   0
2   12.558   11.346 0 0   0
2   12.594   11.313 0 0   0
2   12.641   11.269 0 0   0
6   12.659   11.224    0.000    0.150   1
2
3   12.641   11.269 0 0   0
2   12.670   11.241 0 0   0
2   12.724   11.190 0 0   0
2   12.744   11.171 0 0   0
2   12.804   11.112 0 0   0
2   12.817   11.099 0 0   0
2   12.884   11.033 0 0   0
2   12.890   11.027 0 0   0
2   12.948   10.969 0 0   0
2   12.962   10.955 0 0   0
2   12.963   10.953 0 0   0
2   13.032   10.882 0 0   0
2   13.041   10.873 0 0   0
2   13.103   10.808 0 0   0
2   13.117   10.793 0 0   0
2   13.171   10.735 0 0   0
2   13.193   10.712 0 0   0
2   13.240   10.660 0 0   0
2   13.267   10.631 0 0   0
2   13.308   10.586 0 0   0
2   13.340   10.549 0 0   0
2   13.375   10.510 0 0   0
2   13.412   10.468 0 0   0
2   13.455   10.419 0 0   0
2   13.482   10.387 0 0   0
2   13.532   10.328 0 0   0
2   13.553   10.303 0 0   0
2   13.607   10.239 0 0   0
2   13.621   10.222 0 0   0
2   13.681   10.148 0 0   0
2   13.690   10.137 0 0   0
2   13.753   10.058 0 0   0
2   13.755   10.055 0 0   0
2   13.786   10.017 0 0   0
2   13.823    9.970 0 0   0
2   13.825    9.966 0 0   0
2   13.887    9.887 0 0   0
2   13.894    9.877 0 0   0
2   13.952    9.801 0 0   0
2   13.964    9.784 0 0   0
2   14.014    9.717 0 0   0
2   14.031    9.694 0 0   0
2   14.077    9.630 0 0   0
2   14.098    9.602 0 0   0
2   14.137    9.546 0 0   0
2   14.162    9.511 0 0   0
2   14.199    9.459 0 0   0
2   14.227    9.418 0 0   0
2   14.257    9.373 0 0   0
2   14.289    9.327 0 0   0
2   14.316    9.286 0 0   0
2   14.351    9.233 0 0   0
2   14.373    9.199 0 0   0
2   14.411    9.142 0 0   0
2   14.431    9.111 0 0   0
2   14.471    9.048 0 0   0
2   14.486    9.024 0 0   0
2   14.529    8.955 0 0   0
2   14.541    8.936 0 0   0
2   14.587    8.862 0 0   0
2   14.595    8.848 0 0   0
2   14.643    8.769 0 0   0
2   14.649    8.759 0 0   0
2   14.698    8.675 0 0   0
2   14.701    8.670 0 0   0
2   14.752    8.581 0 0   0
2   14.752    8.580 0 0   0
2   14.756    8.574 0 0   0
2   14.803    8.490 0 0   0
2   14.806    8.485 0 0   0
2   14.854    8.399 0 0   0
2   14.859    8.390 0 0   0
2   14.903    8.308 0 0   0
2   14.911    8.294 0 0   0
2   14.952    8.215 0 0   0
2   14.961    8.198 0 0   0
2   15.000    8.124 0 0   0
2   15.011    8.102 0 0   0
2   15.047    8.031 0 0   0
2   15.059    8.006 0 0   0
2   15.092    7.940 0 0   0
2   15.107    7.909 0 0   0
2   15.138    7.846 0 0   0
2   15.154    7.814 0 0   0
2   15.182    7.754 0 0   0
2   15.200    7.716 0 0   0
2   15.226    7.660 0 0   0
2   15.244    7.620 0 0   0
2   15.268    7.568 0 0   0
2   15.288    7.522 0 0   0
2   15.310    7.473 0 0   0
2   15.330    7.426 0 0   0
2   15.350    7.381 0 0   0
2   15.373    7.328 0 0   0
2   15.391    7.285 0 0   0
2   15.413    7.232 0 0   0
2   15.429    7.192 0 0   0
2   15.454    7.133 0 0   0
2   15.468    7.097 0 0   0
2   15.492    7.037 0 0   0
2   15.505    7.003 0 0   0
2   15.531    6.938 0 0   0
2   15.542    6.907 0 0   0
2   15.567    6.841 0 0   0
2   15.578    6.813 0 0   0
2   15.604    6.742 0 0   0
2   15.613    6.716 0 0   0
2   15.639    6.645 0 0   0
2   15.647    6.622 0 0   0
2   15.674    6.545 0 0   0
2   15.681    6.524 0 0   0
2   15.707    6.449 0 0   0
2   15.713    6.429 0 0   0
2   15.740    6.348 0 0   0
2   15.746    6.331 0 0   0
2   15.771    6.251 0 0   0
2   15.776    6.236 0 0   0
2   15.803    6.150 0 0   0
2   15.807    6.137 0 0   0
2   15.832    6.053 0 0   0
2   15.858    5.966 0 0   0
2   15.861    5.956 0 0   0
2   15.887    5.863 0 0   0
2   15.890    5.855 0 0   0
2   15.915    5.764 0 0   0
2   15.917    5.757 0 0   0
2   15.943    5.661 0 0   0
2   15.944    5.655 0 0   0
2   15.968    5.562 0 0   0
2   15.969    5.558 0 0   0
2   15.994    5.459 0 0   0
2   15.995    5.456 0 0   0
2   16.018    5.359 0 0   0
2   16.018    5.358 0 0   0
2   16.042    5.256 0 0   0
2   16.042    5.255 0 0   0
2   16.053    5.206 0 0   0
2   16.064    5.157 0 0   0
2   16.064    5.157 0 0   0
2   16.086    5.054 0 0   0
2   16.086    5.053 0 0   0
2   16.106    4.956 0 0   0
2   16.107    4.954 0 0   0
2   16.126    4.853 0 0   0
2   16.127    4.850 0 0   0
2   16.145    4.754 0 0   0
2   16.146    4.751 0 0   0
2   16.164    4.650 0 0   0
2   16.164    4.647 0 0   0
2   16.181    4.551 0 0   0
2   16.181    4.547 0 0   0
2   16.198    4.447 0 0   0
2   16.198    4.443 0 0   0
2   16.213    4.348 0 0   0
2   16.213    4.344 0 0   0
2   16.228    4.244 0 0   0
2   16.229    4.240 0 0   0
2   16.242    4.144 0 0   0
2   16.242    4.140 0 0   0
2   16.255    4.040 0 0   0
2   16.256    4.036 0 0   0
2   16.267    3.940 0 0   0
2   16.268    3.936 0 0   0
2   16.279    3.835 0 0   0
2   16.279    3.831 0 0   0
2   16.289    3.734 0 0   0
2   16.290    3.732 0 0   0
2   16.299    3.629 0 0   0
2   16.300    3.627 0 0   0
2   16.308    3.529 0 0   0
2   16.308    3.527 0 0   0
2   16.316    3.423 0 0   0
2   16.316    3.422 0 0   0
2   16.323    3.335 0 0   0
2   16.323    3.322 0 0   0
2   16.324    3.322 0 0   0
2   16.330    3.217 0 0   0
2   16.330    3.216 0 0   0
2   16.335    3.117 0 0   0
2   16.335    3.115 0 0   0
2   16.340    3.012 0 0   0
2   16.340    3.009 0 0   0
2   16.344    2.912 0 0   0
2   16.344    2.907 0 0   0
2   16.347    2.806 0 0   0
2   16.347    2.801 0 0   0
2   16.349    2.706 0 0   0
2   16.349    2.698 0 0   0
2   16.350    2.601 0 0   0
2   16.350    2.592 0 0   0
2   16.351    2.500 0 0   0
3    2.500   12.987 0 0   0
2    2.500   12.987 0 0   0
2    2.625   12.986 0 0   0
2    2.664   12.986 0 0   0
2    2.827   12.984 0 0   0
2    2.862   12.983 0 0   0
2    2.995   12.981 0 0   0
2    3.023   12.980 0 0   0
2    3.198   12.975 0 0   0
2    3.217   12.974 0 0   0
2    3.362   12.969 0 0   0
2    3.373   12.968 0 0   0
2    3.532   12.961 0 0   0
2    3.563   12.960 0 0   0
2    3.564   12.960 0 0   0
2    3.715   12.952 0 0   0
2    3.723   12.951 0 0   0
2    3.733   12.951 0 0   0
2    3.882   12.942 0 0   0
2    3.904   12.940 0 0   0
2    4.074   12.928 0 0   0
2    4.109   12.926 0 0   0
2    4.229   12.916 0 0   0
2    4.278   12.912 0 0   0
2    4.410   12.901 0 0   0
2    4.474   12.895 0 0   0
2    4.563   12.886 0 0   0
2    4.640   12.878 0 0   0
2    4.731   12.869 0 0   0
2    4.823   12.859 0 0   0
2    4.879   12.852 0 0   0
2    4.986   12.840 0 0   0
2    5.035   12.833 0 0   0
2    5.156   12.818 0 0   0
2    5.179   12.815 0 0   0
2    5.314   12.796 0 0   0
2    5.392   12.785 0 0   0
2    5.466   12.775 0 0   0
2    5.477   12.773 0 0   0
2    5.612   12.753 0 0   0
2    5.645   12.748 0 0   0
2    5.756   12.730 0 0   0
2    5.814   12.720 0 0   0
2    5.900   12.706 0 0   0
2    5.979   12.692 0 0   0
2    6.040   12.681 0 0   0
2    6.147   12.661 0 0   0
2    6.182   12.654 0 0   0
2    6.309   12.629 0 0   0
2    6.319   12.628 0 0   0
2    6.368   12.617 0 0   0
2    6.458   12.599 0 0   0
2    6.475   12.596 0 0   0
2    6.592   12.571 0 0   0
2    6.635   12.562 0 0   0
2    6.728   12.541 0 0   0
2    6.797   12.525 0 0   0
2    6.861   12.511 0 0   0
2    6.955   12.488 0 0   0
2    6.993   12.479 0 0   0
2    7.113   12.449 0 0   0
2    7.123   12.446 0 0   0
2    7.172   12.434 0 0   0
2    7.253   12.413 0 0   0
2    7.269   12.408 0 0   0
2    7.380   12.379 0 0   0
2    7.425   12.366 0 0   0
2    7.507   12.344 0 0   0
2    7.577   12.324 0 0   0
2    7.631   12.308 0 0   0
2    7.731   12.278 0 0   0
2    7.756   12.271 0 0   0
2    7.870   12.235 0 0   0
2    7.877   12.233 0 0   0
2    7.879   12.233 0 0   0
2    7.881   12.232 0 0   0
2    8.025   12.186 0 0   0
2    8.070   12.171 0 0   0
2    8.173   12.137 0 0   0
2    8.259   12.107 0 0   0
2    8.317   12.087 0 0   0
2    8.443   12.042 0 0   0
2    8.460   12.036 0 0   0
2    8.514   12.016 0 0   0
2    8.600   11.983 0 0   0
2    8.627   11.973 0 0   0
2    8.740   11.929 0 0   0
2    8.805   11.904 0 0   0
2    8.876   11.875 0 0   0
2    8.983   11.831 0 0   0
2    9.013   11.818 0 0   0
2    9.111   11.776 0 0   0
2    9.144   11.762 0 0   0
2    9.154   11.758 0 0   0
2    9.279   11.702 0 0   0
2    9.325   11.681 0 0   0
2    9.407   11.643 0 0   0
2    9.490   11.604 0 0   0
2    9.537   11.582 0 0   0
2    9.654   11.524 0 0   0
2    9.663   11.520 0 0   0
2    9.697   11.503 0 0   0
2    9.781   11.460 0 0   0
2    9.801   11.450 0 0   0
2    9.893   11.402 0 0   0
2    9.942   11.376 0 0   0
2   10.005   11.343 0 0   0
2   10.077   11.303 0 0   0
2   10.112   11.283 0 0   0
2   10.213   11.226 0 0   0
2   10.222   11.221 0 0   0
2   10.259   11.200 0 0   0
2   10.326   11.161 0 0   0
2   10.341   11.152 0 0   0
2   10.433   11.097 0 0   0
2   10.472   11.074 0 0   0
2   10.535   11.035 0 0   0
2   10.595   10.997 0 0   0
2   10.637   10.970 0 0   0
2   10.719   10.918 0 0   0
2   10.737   10.906 0 0   0
2   10.827   10.846 0 0   0
2   10.837   10.840 0 0   0
2   10.839   10.839 0 0   0
2   10.841   10.837 0 0   0
2   10.956   10.758 0 0   0
2   10.991   10.734 0 0   0
2   11.072   10.677 0 0   0
2   11.134   10.633 0 0   0
2   11.184   10.596 0 0   0
2   11.275   10.528 0 0   0
2   11.297   10.512 0 0   0
2   11.380   10.449 0 0   0
2   11.404   10.430 0 0   0
2   11.409   10.426 0 0   0
2   11.513   10.344 0 0   0
2   11.542   10.321 0 0   0
2   11.616   10.260 0 0   0
2   11.668   10.218 0 0   0
2   11.720   10.174 0 0   0
6   11.758   10.113    0.000    0.150   1
3
3   11.720   10.174 0 0   0
2   11.793   10.112 0 0   0
2   11.820   10.088 0 0   0
2   11.912   10.007 0 0   0
2   11.920   10.000 0 0   0
2   11.954    9.969 0 0   0
2   12.016    9.913 0 0   0
2   12.030    9.901 0 0   0
2   12.112    9.824 0 0   0
2   12.142    9.796 0 0   0
2   12.204    9.736 0 0   0
2   12.253    9.688 0 0   0
2   12.297    9.645 0 0   0
2   12.359    9.583 0 0   0
2   12.385    9.556 0 0   0
2   12.465    9.473 0 0   0
2   12.475    9.463 0 0   0
2   12.530    9.406 0 0   0
2   12.560    9.373 0 0   0
2   12.565    9.368 0 0   0
2   12.646    9.279 0 0   0
2   12.665    9.258 0 0   0
2   12.728    9.188 0 0   0
2   12.760    9.152 0 0   0
2   12.811    9.093 0 0   0
2   12.854    9.042 0 0   0
2   12.890    8.999 0 0   0
2   12.944    8.934 0 0   0
2   12.970    8.904 0 0   0
2   13.034    8.825 0 0   0
2   13.046    8.809 0 0   0
2   13.119    8.716 0 0   0
2   13.122    8.712 0 0   0
2   13.139    8.690 0 0   0
2   13.196    8.616 0 0   0
2   13.204    8.606 0 0   0
2   13.269    8.518 0 0   0
2   13.285    8.496 0 0   0
2   13.339    8.421 0 0   0
2   13.366    8.385 0 0   0
2   13.410    8.322 0 0   0
2   13.443    8.275 0 0   0
2   13.477    8.224 0 0   0
2   13.519    8.162 0 0   0
2   13.545    8.123 0 0   0
2   13.592    8.052 0 0   0
2   13.610    8.024 0 0   0
2   13.665    7.939 0 0   0
2   13.675    7.922 0 0   0
2   13.733    7.829 0 0   0
2   13.737    7.822 0 0   0
2   13.771    7.765 0 0   0
2   13.799    7.719 0 0   0
2   13.802    7.714 0 0   0
2   13.859    7.618 0 0   0
2   13.867    7.604 0 0   0
2   13.918    7.514 0 0   0
2   13.932    7.489 0 0   0
2   13.975    7.411 0 0   0
2   13.994    7.377 0 0   0
2   14.032    7.306 0 0   0
2   14.055    7.262 0 0   0
2   14.087    7.202 0 0   0
2   14.113    7.150 0 0   0
2   14.144    7.088 0 0   0
2   14.170    7.036 0 0   0
2   14.205    6.965 0 0   0
2   14.226    6.921 0 0   0
2   14.265    6.840 0 0   0
2   14.280    6.807 0 0   0
2   14.321    6.717 0 0   0
2   14.333    6.691 0 0   0
2   14.376    6.592 0 0   0
2   14.383    6.576 0 0   0
2   14.429    6.469 0 0   0
2   14.433    6.459 0 0   0
2   14.480    6.344 0 0   0
2   14.480    6.343 0 0   0
2   14.485    6.332 0 0   0
2   14.527    6.227 0 0   0
2   14.529    6.221 0 0   0
2   14.571    6.110 0 0   0
2   14.576    6.097 0 0   0
2   14.614    5.993 0 0   0
2   14.621    5.974 0 0   0
2   14.655    5.876 0 0   0
2   14.665    5.849 0 0   0
2   14.696    5.758 0 0   0
2   14.706    5.726 0 0   0
2   14.734    5.640 0 0   0
2   14.746    5.601 0 0   0
2   14.771    5.521 0 0   0
2   14.784    5.479 0 0   0
2   14.806    5.403 0 0   0
2   14.821    5.354 0 0   0
2   14.841    5.283 0 0   0
2   14.855    5.231 0 0   0
2   14.873    5.165 0 0   0
2   14.888    5.106 0 0   0
2   14.905    5.044 0 0   0
2   14.920    4.984 0 0   0
2   14.934    4.925 0 0   0
2   14.950    4.859 0 0   0
2   14.962    4.803 0 0   0
2   14.977    4.736 0 0   0
2   14.989    4.684 0 0   0
2   15.004    4.611 0 0   0
2   15.015    4.561 0 0   0
2   15.029    4.489 0 0   0
2   15.038    4.441 0 0   0
2   15.053    4.363 0 0   0
2   15.061    4.318 0 0   0
2   15.074    4.241 0 0   0
2   15.082    4.197 0 0   0
2   15.095    4.115 0 0   0
2   15.101    4.073 0 0   0
2   15.113    3.993 0 0   0
2   15.119    3.952 0 0   0
2   15.131    3.867 0 0   0
2   15.136    3.827 0 0   0
2   15.147    3.745 0 0   0
2   15.151    3.705 0 0   0
2   15.161    3.619 0 0   0
2   15.165    3.580 0 0   0
2   15.173    3.496 0 0   0
2   15.177    3.457 0 0   0
2   15.185    3.370 0 0   0
2   15.188    3.331 0 0   0
2   15.194    3.248 0 0   0
2   15.197    3.207 0 0   0
2   15.203    3.122 0 0   0
2   15.205    3.080 0 0   0
2   15.209    2.999 0 0   0
2   15.211    2.956 0 0   0
2   15.215    2.873 0 0   0
2   15.216    2.829 0 0   0
2   15.218    2.749 0 0   0
2   15.219    2.703 0 0   0
2   15.221    2.623 0 0   0
2   15.221    2.575 0 0   0
2   15.221    2.500 0 0   0
3    2.500   11.785 0 0   0
2    2.500   11.785 0 0   0
2    2.687   11.783 0 0   0
2    2.789   11.781 0 0   0
2    2.989   11.777 0 0   0
2    3.102   11.773 0 0   0
2    3.314   11.764 0 0   0
2    3.386   11.760 0 0   0
2    3.616   11.747 0 0   0
2    3.685   11.742 0 0   0
2    3.931   11.722 0 0   0
2    3.961   11.720 0 0   0
2    4.231   11.694 0 0   0
2    4.241   11.693 0 0   0
2    4.316   11.684 0 0   0
2    4.502   11.664 0 0   0
2    4.529   11.660 0 0   0
2    4.764   11.631 0 0   0
2    4.813   11.624 0 0   0
2    4.874   11.615 0 0   0
2    5.079   11.585 0 0   0
2    5.205   11.565 0 0   0
2    5.359   11.539 0 0   0
2    5.497   11.514 0 0   0
2    5.600   11.495 0 0   0
2    5.818   11.451 0 0   0
2    5.867   11.441 0 0   0
2    6.079   11.395 0 0   0
2    6.084   11.394 0 0   0
2    6.106   11.389 0 0   0
2    6.334   11.336 0 0   0
2    6.377   11.326 0 0   0
2    6.541   11.285 0 0   0
2    6.616   11.266 0 0   0
2    6.724   11.236 0 0   0
2    6.855   11.200 0 0   0
2    7.017   11.154 0 0   0
2    7.106   11.127 0 0   0
2    7.314   11.062 0 0   0
2    7.331   11.057 0 0   0
2    7.410   11.031 0 0   0
2    7.538   10.989 0 0   0
2    7.561   10.981 0 0   0
2    7.595   10.969 0 0   0
2    7.775   10.906 0 0   0
2    7.882   10.867 0 0   0
2    7.995   10.824 0 0   0
2    8.124   10.775 0 0   0
2    8.177   10.753 0 0   0
2    8.366   10.676 0 0   0
2    8.384   10.668 0 0   0
2    8.387   10.667 0 0   0
2    8.548   10.598 0 0   0
2    8.588   10.581 0 0   0
2    8.734   10.515 0 0   0
2    8.810   10.479 0 0   0
2    8.889   10.442 0 0   0
2    8.996   10.390 0 0   0
2    9.158   10.308 0 0   0
2    9.179   10.297 0 0   0
2    9.265   10.252 0 0   0
2    9.352   10.207 0 0   0
2    9.369   10.197 0 0   0
2    9.501   10.124 0 0   0
2    9.564   10.089 0 0   0
2    9.654   10.037 0 0   0
2    9.730    9.992 0 0   0
2    9.842    9.925 0 0   0
2    9.878    9.903 0 0   0
2   10.004    9.823 0 0   0
2   10.047    9.796 0 0   0
2   10.056    9.791 0 0   0
2   10.178    9.710 0 0   0
2   10.217    9.684 0 0   0
2   10.327    9.609 0 0   0
2   10.393    9.563 0 0   0
2   10.450    9.522 0 0   0
2   10.539    9.458 0 0   0
2   10.577    9.429 0 0   0
2   10.685    9.348 0 0   0
2   10.692    9.343 0 0   0
2   10.730    9.312 0 0   0
2   10.803    9.256 0 0   0
2   10.821    9.241 0 0   0
2   10.910    9.170 0 0   0
2   10.957    9.131 0 0   0
2   11.017    9.081 0 0   0
2   11.086    9.022 0 0   0
2   11.120    8.993 0 0   0
2   11.216    8.908 0 0   0
2   11.223    8.902 0 0   0
2   11.252    8.876 0 0   0
2   11.322    8.812 0 0   0
2   11.337    8.798 0 0   0
2   11.421    8.719 0 0   0
6   11.444    8.669    0.000    0.150   1
4
3   11.421    8.719 0 0   0
2   11.459    8.683 0 0   0
2   11.517    8.627 0 0   0
2   11.574    8.570 0 0   0
2   11.612    8.532 0 0   0
2   11.688    8.454 0 0   0
2   11.704    8.437 0 0   0
2   11.785    8.352 0 0   0
2   11.796    8.340 0 0   0
2   11.798    8.338 0 0   0
2   11.884    8.243 0 0   0
2   11.905    8.220 0 0   0
2   11.972    8.144 0 0   0
2   12.009    8.102 0 0   0
2   12.057    8.046 0 0   0
2   12.111    7.982 0 0   0
2   12.141    7.945 0 0   0
2   12.207    7.864 0 0   0
2   12.300    7.746 0 0   0
2   12.301    7.746 0 0   0
2   12.304    7.741 0 0   0
2   12.395    7.622 0 0   0
2   12.412    7.599 0 0   0
2   12.483    7.501 0 0   0
2   12.517    7.453 0 0   0
2   12.570    7.377 0 0   0
2   12.619    7.306 0 0   0
2   12.654    7.254 0 0   0
2   12.715    7.161 0 0   0
2   12.736    7.129 0 0   0
2   12.808    7.013 0 0   0
2   12.814    7.004 0 0   0
2   12.853    6.941 0 0   0
2   12.891    6.878 0 0   0
2   12.896    6.868 0 0   0
2   12.964    6.752 0 0   0
2   12.981    6.721 0 0   0
2   13.035    6.624 0 0   0
2   13.061    6.576 0 0   0
2   13.103    6.497 0 0   0
2   13.138    6.429 0 0   0
2   13.170    6.367 0 0   0
2   13.211    6.285 0 0   0
2   13.233    6.240 0 0   0
2   13.282    6.137 0 0   0
2   13.295    6.108 0 0   0
2   13.347    5.993 0 0   0
2   13.353    5.979 0 0   0
2   13.410    5.850 0 0   0
2   13.411    5.846 0 0   0
2   13.411    5.846 0 0   0
2   13.465    5.716 0 0   0
2   13.470    5.702 0 0   0
2   13.518    5.581 0 0   0
2   13.528    5.555 0 0   0
2   13.567    5.449 0 0   0
2   13.580    5.411 0 0   0
2   13.615    5.314 0 0   0
2   13.632    5.264 0 0   0
2   13.660    5.180 0 0   0
2   13.679    5.120 0 0   0
2   13.703    5.044 0 0   0
2   13.724    4.973 0 0   0
2   13.743    4.909 0 0   0
2   13.766    4.829 0 0   0
2   13.782    4.771 0 0   0
2   13.806    4.683 0 0   0
2   13.818    4.635 0 0   0
2   13.842    4.539 0 0   0
2   13.852    4.496 0 0   0
2   13.876    4.392 0 0   0
2   13.884    4.358 0 0   0
2   13.908    4.248 0 0   0
2   13.914    4.218 0 0   0
2   13.936    4.101 0 0   0
2   13.941    4.079 0 0   0
2   13.962    3.957 0 0   0
2   13.966    3.937 0 0   0
2   13.986    3.811 0 0   0
2   13.988    3.797 0 0   0
2   14.007    3.666 0 0   0
2   14.009    3.654 0 0   0
2   14.026    3.520 0 0   0
2   14.027    3.512 0 0   0
2   14.042    3.374 0 0   0
2   14.042    3.368 0 0   0
2   14.055    3.229 0 0   0
2   14.056    3.225 0 0   0
2   14.066    3.083 0 0   0
2   14.066    3.080 0 0   0
2   14.075    2.937 0 0   0
2   14.075    2.935 0 0   0
2   14.081    2.792 0 0   0
2   14.081    2.788 0 0   0
2   14.085    2.646 0 0   0
2   14.085    2.642 0 0   0
2   14.086    2.500 0 0   0
3    2.500   10.811 0 0   0
2    2.500   10.811 0 0   0
2    2.506   10.811 0 0   0
2    2.855   10.807 0 0   0
2    2.879   10.807 0 0   0
2    3.263   10.791 0 0   0
2    3.293   10.789 0 0   0
2    3.612   10.767 0 0   0
2    3.664   10.763 0 0   0
2    4.007   10.729 0 0   0
2    4.082   10.721 0 0   0
2    4.346   10.687 0 0   0
2    4.449   10.673 0 0   0
2    4.717   10.631 0 0   0
2    4.855   10.608 0 0   0
2    5.042   10.573 0 0   0
2    5.213   10.539 0 0   0
2    5.384   10.503 0 0   0
2    5.592   10.456 0 0   0
2    5.693   10.431 0 0   0
2    5.940   10.367 0 0   0
2    6.269   10.275 0 0   0
2    6.283   10.271 0 0   0
2    6.368   10.245 0 0   0
2    6.599   10.174 0 0   0
2    6.635   10.162 0 0   0
2    6.687   10.145 0 0   0
2    6.960   10.051 0 0   0
2    7.120    9.993 0 0   0
2    7.295    9.926 0 0   0
2    7.485    9.851 0 0   0
2    7.570    9.815 0 0   0
2    7.867    9.685 0 0   0
2    7.881    9.679 0 0   0
2    7.884    9.677 0 0   0
2    8.124    9.565 0 0   0
2    8.183    9.536 0 0   0
2    8.399    9.427 0 0   0
2    8.515    9.367 0 0   0
2    8.625    9.307 0 0   0
2    8.787    9.216 0 0   0
2    8.859    9.174 0 0   0
2    9.057    9.055 0 0   0
2    9.066    9.049 0 0   0
2    9.115    9.018 0 0   0
2    9.289    8.907 0 0   0
2    9.327    8.883 0 0   0
2    9.493    8.770 0 0   0
2    9.598    8.696 0 0   0
2    9.702    8.621 0 0   0
2    9.823    8.530 0 0   0
2   10.007    8.387 0 0   0
2   10.022    8.374 0 0   0
2   10.074    8.332 0 0   0
2   10.249    8.186 0 0   0
2   10.288    8.152 0 0   0
2   10.426    8.028 0 0   0
2   10.506    7.955 0 0   0
2   10.617    7.849 0 0   0
2   10.729    7.738 0 0   0
6   10.759    7.681    0.000    0.150   1
5
3   10.729    7.738 0 0   0
2   10.778    7.689 0 0   0
2   10.918    7.542 0 0   0
2   10.938    7.520 0 0   0
2   11.019    7.430 0 0   0
2   11.090    7.350 0 0   0
2   11.109    7.328 0 0   0
2   11.245    7.166 0 0   0
2   11.286    7.115 0 0   0
2   11.380    6.996 0 0   0
2   11.459    6.891 0 0   0
2   11.519    6.811 0 0   0
2   11.599    6.698 0 0   0
2   11.631    6.651 0 0   0
2   11.748    6.477 0 0   0
2   11.756    6.465 0 0   0
2   11.800    6.394 0 0   0
2   11.852    6.312 0 0   0
2   11.859    6.301 0 0   0
2   11.961    6.127 0 0   0
2   11.981    6.091 0 0   0
2   12.047    5.972 0 0   0
2   12.076    5.918 0 0   0
2   12.112    5.849 0 0   0
2   12.166    5.742 0 0   0
2   12.211    5.649 0 0   0
2   12.260    5.546 0 0   0
2   12.311    5.433 0 0   0
2   12.338    5.371 0 0   0
2   12.393    5.238 0 0   0
2   12.415    5.184 0 0   0
2   12.473    5.035 0 0   0
2   12.483    5.009 0 0   0
2   12.542    4.842 0 0   0
2   12.547    4.827 0 0   0
2   12.594    4.683 0 0   0
2   12.604    4.651 0 0   0
2   12.605    4.647 0 0   0
2   12.658    4.467 0 0   0
2   12.662    4.453 0 0   0
2   12.706    4.289 0 0   0
2   12.714    4.256 0 0   0
2   12.750    4.104 0 0   0
2   12.758    4.069 0 0   0
2   12.787    3.930 0 0   0
2   12.798    3.874 0 0   0
2   12.822    3.743 0 0   0
2   12.831    3.693 0 0   0
2   12.840    3.637 0 0   0
2   12.858    3.514 0 0   0
2   12.869    3.436 0 0   0
2   12.883    3.319 0 0   0
2   12.890    3.254 0 0   0
2   12.901    3.142 0 0   0
2   12.908    3.055 0 0   0
2   12.916    2.946 0 0   0
2   12.920    2.876 0 0   0
2   12.925    2.768 0 0   0
2   12.927    2.678 0 0   0
2   12.929    2.569 0 0   0
2   12.930    2.500 0 0   0
3    2.500    9.986 0 0   0
2    2.500    9.986 0 0   0
2    2.517    9.985 0 0   0
2    2.903    9.978 0 0   0
2    2.943    9.977 0 0   0
2    3.336    9.954 0 0   0
2    3.374    9.951 0 0   0
2    3.735    9.917 0 0   0
2    3.805    9.909 0 0   0
2    4.158    9.861 0 0   0
2    4.247    9.847 0 0   0
2    4.549    9.795 0 0   0
2    4.677    9.770 0 0   0
2    4.955    9.710 0 0   0
2    5.120    9.671 0 0   0
2    5.334    9.617 0 0   0
2    5.545    9.559 0 0   0
2    5.717    9.507 0 0   0
2    5.976    9.425 0 0   0
2    6.082    9.389 0 0   0
2    6.390    9.277 0 0   0
2    6.440    9.258 0 0   0
2    6.715    9.146 0 0   0
2    6.788    9.117 0 0   0
2    6.804    9.110 0 0   0
2    7.137    8.962 0 0   0
2    7.213    8.926 0 0   0
2    7.458    8.805 0 0   0
2    7.617    8.722 0 0   0
2    7.778    8.633 0 0   0
2    7.968    8.525 0 0   0
2    8.062    8.469 0 0   0
2    8.338    8.296 0 0   0
2    8.352    8.287 0 0   0
2    8.425    8.237 0 0   0
2    8.606    8.115 0 0   0
2    8.636    8.094 0 0   0
2    8.680    8.063 0 0   0
2    8.921    7.884 0 0   0
2    9.036    7.794 0 0   0
6    9.128    7.691    0.000    0.150   1
6
3    9.036    7.794 0 0   0
2    9.219    7.644 0 0   0
2    9.390    7.498 0 0   0
2    9.475    7.421 0 0   0
2    9.690    7.217 0 0   0
2    9.727    7.180 0 0   0
2    9.866    7.035 0 0   0
2    9.947    6.952 0 0   0
2    9.969    6.928 0 0   0
2   10.153    6.718 0 0   0
2   10.202    6.661 0 0   0
2   10.269    6.580 0 0   0
2   10.403    6.407 0 0   0
2   10.529    6.238 0 0   0
2   10.608    6.125 0 0   0
2   10.728    5.946 0 0   0
2   10.767    5.884 0 0   0
2   10.934    5.604 0 0   0
2   10.939    5.595 0 0   0
2   10.974    5.529 0 0   0
2   11.067    5.354 0 0   0
2   11.077    5.335 0 0   0
2   11.205    5.064 0 0   0
2   11.230    5.008 0 0   0
2   11.310    4.814 0 0   0
2   11.340    4.738 0 0   0
2   11.374    4.648 0 0   0
2   11.438    4.465 0 0   0
2   11.475    4.348 0 0   0
2   11.534    4.149 0 0   0
2   11.569    4.014 0 0   0
2   11.603    3.872 0 0   0
2   11.635    3.723 0 0   0
2   11.666    3.558 0 0   0
2   11.692    3.398 0 0   0
2   11.709    3.274 0 0   0
2   11.727    3.110 0 0   0
2   11.740    2.956 0 0   0
2   11.750    2.789 0 0   0
2   11.755    2.662 0 0   0
2   11.759    2.500 0 0   0
3    2.500    9.263 0 0   0
2    2.500    9.263 0 0   0
2    2.609    9.260 0 0   0
2    2.918    9.252 0 0   0
2    3.048    9.245 0 0   0
2    3.365    9.220 0 0   0
2    3.498    9.206 0 0   0
2    3.777    9.171 0 0   0
2    3.936    9.147 0 0   0
2    4.212    9.098 0 0   0
2    4.393    9.062 0 0   0
2    4.612    9.012 0 0   0
2    4.825    8.959 0 0   0
2    5.026    8.903 0 0   0
2    5.274    8.827 0 0   0
2    5.407    8.783 0 0   0
2    5.694    8.681 0 0   0
2    5.795    8.642 0 0   0
2    6.120    8.508 0 0   0
2    6.152    8.494 0 0   0
2    6.427    8.366 0 0   0
2    6.512    8.327 0 0   0
2    6.522    8.322 0 0   0
2    6.843    8.155 0 0   0
2    6.921    8.112 0 0   0
2    7.176    7.964 0 0   0
2    7.294    7.892 0 0   0
2    7.463    7.783 0 0   0
2    7.645    7.659 0 0   0
2    7.897    7.478 0 0   0
6    7.946    7.412    0.000    0.150   1
7
3    7.897    7.478 0 0   0
2    7.997    7.401 0 0   0
2    8.295    7.158 0 0   0
2    8.308    7.147 0 0   0
2    8.370    7.090 0 0   0
2    8.625    6.858 0 0   0
2    8.673    6.812 0 0   0
2    8.902    6.577 0 0   0
2    9.011    6.458 0 0   0
2    9.173    6.269 0 0   0
2    9.322    6.085 0 0   0
2    9.414    5.964 0 0   0
2    9.593    5.709 0 0   0
2    9.639    5.640 0 0   0
2    9.834    5.322 0 0   0
2    9.840    5.311 0 0   0
2    9.877    5.241 0 0   0
2   10.028    4.954 0 0   0
2   10.049    4.911 0 0   0
2   10.187    4.595 0 0   0
2   10.227    4.493 0 0   0
2   10.325    4.220 0 0   0
2   10.364    4.096 0 0   0
2   10.429    3.859 0 0   0
2   10.472    3.679 0 0   0
2   10.514    3.469 0 0   0
2   10.543    3.295 0 0   0
2   10.568    3.099 0 0   0
2   10.587    2.880 0 0   0
2   10.597    2.697 0 0   0
2   10.604    2.500 0 0   0
3    2.500    8.615 0 0   0
2    2.500    8.615 0 0   0
2    2.797    8.607 0 0   0
2    2.943    8.599 0 0   0
2    3.246    8.576 0 0   0
2    3.384    8.561 0 0   0
2    3.703    8.516 0 0   0
2    3.820    8.496 0 0   0
2    4.152    8.429 0 0   0
2    4.254    8.406 0 0   0
2    4.612    8.310 0 0   0
2    4.675    8.292 0 0   0
2    5.053    8.167 0 0   0
2    5.094    8.152 0 0   0
2    5.406    8.027 0 0   0
2    5.490    7.994 0 0   0
2    5.503    7.988 0 0   0
2    5.879    7.812 0 0   0
2    5.917    7.794 0 0   0
2    6.231    7.624 0 0   0
2    6.328    7.569 0 0   0
2    6.586    7.409 0 0   0
2    6.705    7.331 0 0   0
2    6.905    7.191 0 0   0
2    7.079    7.061 0 0   0
6    7.148    6.978    0.000    0.150   1
8
3    7.079    7.061 0 0   0
2    7.218    6.951 0 0   0
2    7.411    6.788 0 0   0
2    7.660    6.565 0 0   0
2    7.718    6.508 0 0   0
2    8.018    6.196 0 0   0
2    8.028    6.185 0 0   0
2    8.077    6.126 0 0   0
2    8.287    5.877 0 0   0
2    8.327    5.826 0 0   0
2    8.544    5.527 0 0   0
2    8.615    5.421 0 0   0
2    8.757    5.192 0 0   0
2    8.849    5.031 0 0   0
2    8.957    4.822 0 0   0
2    9.059    4.608 0 0   0
2    9.120    4.463 0 0   0
2    9.220    4.201 0 0   0
2    9.263    4.075 0 0   0
2    9.351    3.772 0 0   0
2    9.371    3.694 0 0   0
2    9.441    3.354 0 0   0
2    9.453    3.284 0 0   0
2    9.497    2.925 0 0   0
2    9.500    2.881 0 0   0
2    9.517    2.500 0 0   0
3    2.500    8.028 0 0   0
2    2.500    8.028 0 0   0
2    2.582    8.025 0 0   0
2    2.930    8.011 0 0   0
2    3.010    8.005 0 0   0
2    3.357    7.967 0 0   0
2    3.449    7.954 0 0   0
2    3.780    7.895 0 0   0
2    3.879    7.873 0 0   0
2    4.196    7.794 0 0   0
2    4.314    7.760 0 0   0
2    4.603    7.665 0 0   0
2    4.736    7.617 0 0   0
2    4.999    7.510 0 0   0
2    5.155    7.440 0 0   0
2    5.382    7.329 0 0   0
2    5.557    7.236 0 0   0
2    5.751    7.124 0 0   0
2    5.950    6.999 0 0   0
2    6.103    6.896 0 0   0
2    6.321    6.737 0 0   0
2    6.438    6.646 0 0   0
6    6.558    6.516    0.000    0.150   1
9
3    6.438    6.646 0 0   0
2    6.676    6.445 0 0   0
2    6.755    6.373 0 0   0
2    7.005    6.129 0 0   0
2    7.048    6.084 0 0   0
2    7.310    5.789 0 0   0
2    7.325    5.771 0 0   0
2    7.446    5.612 0 0   0
2    7.572    5.448 0 0   0
2    7.587    5.427 0 0   0
2    7.801    5.099 0 0   0
2    7.833    5.046 0 0   0
2    7.997    4.744 0 0   0
2    8.046    4.646 0 0   0
2    8.172    4.363 0 0   0
2    8.222    4.236 0 0   0
2    8.312    3.977 0 0   0
2    8.362    3.811 0 0   0
2    8.423    3.566 0 0   0
2    8.462    3.379 0 0   0
2    8.499    3.153 0 0   0
2    8.523    2.941 0 0   0
2    8.538    2.715 0 0   0
2    8.548    2.500 0 0   0
3    2.500    7.495 0 0   0
2    2.500    7.495 0 0   0
2    2.585    7.493 0 0   0
2    2.756    7.487 0 0   0
2    2.840    7.482 0 0   0
2    3.119    7.457 0 0   0
2    3.206    7.446 0 0   0
2    3.371    7.422 0 0   0
2    3.458    7.406 0 0   0
2    3.729    7.348 0 0   0
2    3.812    7.329 0 0   0
2    3.970    7.286 0 0   0
2    4.056    7.261 0 0   0
2    4.142    7.232 0 0   0
2    4.297    7.179 0 0   0
2    4.376    7.149 0 0   0
2    4.635    7.045 0 0   0
2    4.711    7.011 0 0   0
2    4.867    6.937 0 0   0
2    4.937    6.901 0 0   0
2    5.200    6.755 0 0   0
2    5.259    6.721 0 0   0
2    5.415    6.623 0 0   0
2    5.472    6.584 0 0   0
2    5.528    6.545 0 0   0
2    5.678    6.436 0 0   0
2    5.722    6.403 0 0   0
6    5.776    6.270    0.000    0.150   2
10
3    5.722    6.403 0 0   0
2    5.980    6.193 0 0   0
2    6.016    6.162 0 0   0
2    6.171    6.020 0 0   0
2    6.199    5.992 0 0   0
2    6.459    5.720 0 0   0
2    6.472    5.705 0 0   0
2    6.624    5.525 0 0   0
2    6.636    5.509 0 0   0
2    6.648    5.494 0 0   0
2    6.789    5.306 0 0   0
2    6.789    5.306 0 0   0
2    6.794    5.299 0 0   0
2    7.016    4.962 0 0   0
2    7.025    4.948 0 0   0
2    7.142    4.740 0 0   0
2    7.158    4.709 0 0   0
2    7.321    4.369 0 0   0
2    7.348    4.306 0 0   0
2    7.424    4.105 0 0   0
2    7.490    3.918 0 0   0
2    7.517    3.826 0 0   0
2    7.598    3.514 0 0   0
2    7.620    3.411 0 0   0
2    7.654    3.226 0 0   0
2    7.670    3.110 0 0   0
2    7.699    2.810 0 0   0
2    7.707    2.678 0 0   0
2    7.713    2.500 0 0   0
3    6.959    3.141 0 0   0
2    6.959    3.141 0 0   0
2    6.959    3.141 0 0   0
2    6.959    3.141 0 0   0
2    6.959    3.141 0 0   0
3    7.005    2.500 0 0   0
2    7.002    2.661 0 0   0
2    6.993    2.821 0 0   0
2    6.979    2.982 0 0   0
2    6.959    3.141 0 0   0
2    6.933    3.300 0 0   0
2    6.902    3.458 0 0   0
2    6.865    3.614 0 0   0
2    6.822    3.769 0 0   0
2    6.774    3.923 0 0   0
2    6.721    4.074 0 0   0
2    6.662    4.224 0 0   0
2    6.598    4.371 0 0   0
2    6.528    4.516 0 0   0
2    6.454    4.659 0 0   0
2    6.374    4.799 0 0   0
2    6.290    4.935 0 0   0
2    6.200    5.069 0 0   0
2    6.106    5.200 0 0   0
2    6.007    5.327 0 0   0
2    5.904    5.450 0 0   0
2    5.797    5.570 0 0   0
2    5.685    5.685 0 0   0
2    5.570    5.797 0 0   0
2    5.450    5.904 0 0   0
2    5.327    6.007 0 0   0
2    5.200    6.106 0 0   0
2    5.069    6.200 0 0   0
2    4.935    6.290 0 0   0
2    4.799    6.374 0 0   0
2    4.659    6.454 0 0   0
2    4.516    6.528 0 0   0
2    4.371    6.598 0 0   0
2    4.224    6.662 0 0   0
2    4.074    6.721 0 0   0
2    3.923    6.774 0 0   0
2    3.769    6.822 0 0   0
2    3.614    6.865 0 0   0
2    3.458    6.902 0 0   0
2    3.300    6.933 0 0   0
2    3.141    6.959 0 0   0
2    2.982    6.979 0 0   0
2    2.821    6.993 0 0   0
2    2.661    7.002 0 0   0
2    2.500    7.005 0 0   0
3   17.500    2.500 0 0   0
2   17.500    2.579 0 0   0
2   17.499    2.657 0 0   0
2   17.498    2.736 0 0   0
2   17.497    2.814 0 0   0
2   17.495    2.893 0 0   0
2   17.493    2.971 0 0   0
2   17.490    3.050 0 0   0
2   17.487    3.128 0 0   0
2   17.483    3.207 0 0   0
2   17.479    3.285 0 0   0
2   17.475    3.363 0 0   0
2   17.470    3.442 0 0   0
2   17.465    3.520 0 0   0
2   17.460    3.599 0 0   0
2   17.454    3.677 0 0   0
2   17.447    3.755 0 0   0
2   17.441    3.833 0 0   0
2   17.433    3.912 0 0   0
2   17.426    3.990 0 0   0
2   17.418    4.068 0 0   0
2   17.409    4.146 0 0   0
2   17.401    4.224 0 0   0
2   17.391    4.302 0 0   0
2   17.382    4.380 0 0   0
2   17.372    4.458 0 0   0
2   17.361    4.536 0 0   0
2   17.350    4.614 0 0   0
2   17.339    4.691 0 0   0
2   17.327    4.769 0 0   0
2   17.315    4.847 0 0   0
2   17.303    4.924 0 0   0
2   17.290    5.002 0 0   0
2   17.277    5.079 0 0   0
2   17.263    5.156 0 0   0
2   17.249    5.234 0 0   0
2   17.234    5.311 0 0   0
2   17.219    5.388 0 0   0
2   17.204    5.465 0 0   0
2   17.188    5.542 0 0   0
2   17.172    5.619 0 0   0
2   17.156    5.695 0 0   0
2   17.139    5.772 0 0   0
2   17.121    5.849 0 0   0
2   17.104    5.925 0 0   0
2   17.086    6.002 0 0   0
2   17.067    6.078 0 0   0
2   17.048    6.154 0 0   0
2   17.029    6.230 0 0   0
2   17.009    6.306 0 0   0
2   16.989    6.382 0 0   0
2   16.968    6.458 0 0   0
2   16.947    6.534 0 0   0
2   16.926    6.609 0 0   0
2   16.904    6.685 0 0   0
2   16.882    6.760 0 0   0
2   16.860    6.835 0 0   0
2   16.837    6.911 0 0   0
2   16.814    6.986 0 0   0
2   16.790    7.060 0 0   0
2   16.766    7.135 0 0   0
2   16.741    7.210 0 0   0
2   16.717    7.284 0 0   0
2   16.691    7.359 0 0   0
2   16.666    7.433 0 0   0
2   16.640    7.507 0 0   0
2   16.613    7.581 0 0   0
2   16.586    7.655 0 0   0
2   16.559    7.729 0 0   0
2   16.532    7.802 0 0   0
2   16.504    7.876 0 0   0
2   16.475    7.949 0 0   0
2   16.447    8.022 0 0   0
2   16.418    8.095 0 0   0
2   16.388    8.168 0 0   0
2   16.358    8.240 0 0   0
2   16.328    8.313 0 0   0
2   16.297    8.385 0 0   0
2   16.266    8.457 0 0   0
2   16.235    8.529 0 0   0
2   16.203    8.601 0 0   0
2   16.171    8.673 0 0   0
2   16.139    8.744 0 0   0
2   16.106    8.816 0 0   0
2   16.072    8.887 0 0   0
2   16.039    8.958 0 0   0
2   16.005    9.028 0 0   0
2   15.970    9.099 0 0   0
2   15.936    9.170 0 0   0
2   15.901    9.240 0 0   0
2   15.865    9.310 0 0   0
2   15.829    9.380 0 0   0
2   15.793    9.449 0 0   0
2   15.756    9.519 0 0   0
2   15.720    9.588 0 0   0
2   15.682    9.657 0 0   0
2   15.645    9.726 0 0   0
2   15.607    9.795 0 0   0
2   15.568    9.864 0 0   0
2   15.529    9.932 0 0   0
2   15.490   10.000 0 0   0
2   15.451   10.068 0 0   0
2   15.411   10.136 0 0   0
2   15.371   10.203 0 0   0
2   15.330   10.270 0 0   0
2   15.290   10.337 0 0   0
2   15.248   10.404 0 0   0
2   15.207   10.471 0 0   0
2   15.165   10.537 0 0   0
2   15.123   10.604 0 0   0
2   15.080   10.670 0 0   0
2   15.037   10.735 0 0   0
2   14.994   10.801 0 0   0
2   14.950   10.866 0 0   0
2   14.906   10.931 0 0   0
2   14.862   10.996 0 0   0
2   14.817   11.061 0 0   0
2   14.772   11.125 0 0   0
2   14.727   11.189 0 0   0
2   14.681   11.253 0 0   0
2   14.635   11.317 0 0   0
2   14.589   11.380 0 0   0
2   14.542   11.443 0 0   0
2   14.495   11.506 0 0   0
2   14.448   11.569 0 0   0
2   14.400   11.631 0 0   0
2   14.352   11.694 0 0   0
2   14.304   11.756 0 0   0
2   14.255   11.817 0 0   0
2   14.206   11.879 0 0   0
2   14.157   11.940 0 0   0
2   14.108   12.001 0 0   0
2   14.058   12.061 0 0   0
2   14.007   12.122 0 0   0
2   13.957   12.182 0 0   0
2   13.906   12.242 0 0   0
2   13.855   12.301 0 0   0
2   13.803   12.361 0 0   0
2   13.752   12.420 0 0   0
2   13.700   12.478 0 0   0
2   13.647   12.537 0 0   0
2   13.594   12.595 0 0   0
2   13.541   12.653 0 0   0
2   13.488   12.711 0 0   0
2   13.435   12.768 0 0   0
2   13.381   12.825 0 0   0
2   13.326   12.882 0 0   0
2   13.272   12.939 0 0   0
2   13.217   12.995 0 0   0
2   13.162   13.051 0 0   0
2   13.107   13.107 0 0   0
2   13.051   13.162 0 0   0
2   12.995   13.217 0 0   0
2   12.939   13.272 0 0   0
2   12.882   13.326 0 0   0
2   12.825   13.381 0 0   0
2   12.768   13.435 0 0   0
2   12.711   13.488 0 0   0
2   12.653   13.541 0 0   0
2   12.595   13.594 0 0   0
2   12.537   13.647 0 0   0
2   12.478   13.700 0 0   0
2   12.420   13.752 0 0   0
2   12.361   13.803 0 0   0
2   12.301   13.855 0 0   0
2   12.242   13.906 0 0   0
2   12.182   13.957 0 0   0
2   12.122   14.007 0 0   0
2   12.061   14.058 0 0   0
2   12.001   14.108 0 0   0
2   11.940   14.157 0 0   0
2   11.879   14.206 0 0   0
2   11.817   14.255 0 0   0
2   11.756   14.304 0 0   0
2   11.694   14.352 0 0   0
2   11.631   14.400 0 0   0
2   11.569   14.448 0 0   0
2   11.506   14.495 0 0   0
2   11.443   14.542 0 0   0
2   11.380   14.589 0 0   0
2   11.317   14.635 0 0   0
2   11.253   14.681 0 0   0
2   11.189   14.727 0 0   0
2   11.125   14.772 0 0   0
2   11.061   14.817 0 0   0
2   10.996   14.862 0 0   0
2   10.931   14.906 0 0   0
2   10.866   14.950 0 0   0
2   10.801   14.994 0 0   0
2   10.735   15.037 0 0   0
2   10.670   15.080 0 0   0
2   10.604   15.123 0 0   0
2   10.537   15.165 0 0   0
2   10.471   15.207 0 0   0
2   10.404   15.248 0 0   0
2   10.337   15.290 0 0   0
2   10.270   15.330 0 0   0
2   10.203   15.371 0 0   0
2   10.136   15.411 0 0   0
2   10.068   15.451 0 0   0
2   10.000   15.490 0 0   0
2    9.932   15.529 0 0   0
2    9.864   15.568 0 0   0
2    9.795   15.607 0 0   0
2    9.726   15.645 0 0   0
2    9.657   15.682 0 0   0
2    9.588   15.720 0 0   0
2    9.519   15.756 0 0   0
2    9.449   15.793 0 0   0
2    9.380   15.829 0 0   0
2    9.310   15.865 0 0   0
2    9.240   15.901 0 0   0
2    9.170   15.936 0 0   0
2    9.099   15.970 0 0   0
2    9.028   16.005 0 0   0
2    8.958   16.039 0 0   0
2    8.887   16.072 0 0   0
2    8.816   16.106 0 0   0
2    8.744   16.139 0 0   0
2    8.673   16.171 0 0   0
2    8.601   16.203 0 0   0
2    8.529   16.235 0 0   0
2    8.457   16.266 0 0   0
2    8.385   16.297 0 0   0
2    8.313   16.328 0 0   0
2    8.240   16.358 0 0   0
2    8.168   16.388 0 0   0
2    8.095   16.418 0 0   0
2    8.022   16.447 0 0   0
2    7.949   16.475 0 0   0
2    7.876   16.504 0 0   0
2    7.802   16.532 0 0   0
2    7.729   16.559 0 0   0
2    7.655   16.586 0 0   0
2    7.581   16.613 0 0   0
2    7.507   16.640 0 0   0
2    7.433   16.666 0 0   0
2    7.359   16.691 0 0   0
2    7.284   16.717 0 0   0
2    7.210   16.741 0 0   0
2    7.135   16.766 0 0   0
2    7.060   16.790 0 0   0
2    6.986   16.814 0 0   0
2    6.911   16.837 0 0   0
2    6.835   16.860 0 0   0
2    6.760   16.882 0 0   0
2    6.685   16.904 0 0   0
2    6.609   16.926 0 0   0
2    6.534   16.947 0 0   0
2    6.458   16.968 0 0   0
2    6.382   16.989 0 0   0
2    6.306   17.009 0 0   0
2    6.230   17.029 0 0   0
2    6.154   17.048 0 0   0
2    6.078   17.067 0 0   0
2    6.002   17.086 0 0   0
2    5.925   17.104 0 0   0
2    5.849   17.121 0 0   0
2    5.772   17.139 0 0   0
2    5.695   17.156 0 0   0
2    5.619   17.172 0 0   0
2    5.542   17.188 0 0   0
2    5.465   17.204 0 0   0
2    5.388   17.219 0 0   0
2    5.311   17.234 0 0   0
2    5.234   17.249 0 0   0
2    5.156   17.263 0 0   0
2    5.079   17.277 0 0   0
2    5.002   17.290 0 0   0
2    4.924   17.303 0 0   0
2    4.847   17.315 0 0   0
2    4.769   17.327 0 0   0
2    4.691   17.339 0 0   0
2    4.614   17.350 0 0   0
2    4.536   17.361 0 0   0
2    4.458   17.372 0 0   0
2    4.380   17.382 0 0   0
2    4.302   17.391 0 0   0
2    4.224   17.401 0 0   0
2    4.146   17.409 0 0   0
2    4.068   17.418 0 0   0
2    3.990   17.426 0 0   0
2    3.912   17.433 0 0   0
2    3.833   17.441 0 0   0
2    3.755   17.447 0 0   0
2    3.677   17.454 0 0   0
2    3.599   17.460 0 0   0
2    3.520   17.465 0 0   0
2    3.442   17.470 0 0   0
2    3.363   17.475 0 0   0
2    3.285   17.479 0 0   0
2    3.207   17.483 0 0   0
2    3.128   17.487 0 0   0
2    3.050   17.490 0 0   0
2    2.971   17.493 0 0   0
2    2.893   17.495 0 0   0
2    2.814   17.497 0 0   0
2    2.736   17.498 0 0   0
2    2.657   17.499 0 0   0
2    2.579   17.500 0 0   0
2    2.500   17.500 0 0   0
3    2.500    7.958 0 0   0
2    2.500    7.611 0 0   0
2    2.500    7.265 0 0   0
2    2.500    7.135 0 0   0
2    2.500    7.005 0 0   0
3    2.500   10.372 0 0   0
2    2.500    9.969 0 0   0
2    2.500    9.567 0 0   0
2    2.500    9.165 0 0   0
2    2.500    8.762 0 0   0
2    2.500    8.360 0 0   0
2    2.500    7.958 0 0   0
3    2.500   13.184 0 0   0
2    2.500   13.022 0 0   0
2    2.500   12.860 0 0   0
2    2.500   12.652 0 0   0
2    2.500   12.445 0 0   0
2    2.500   12.180 0 0   0
2    2.500   11.915 0 0   0
2    2.500   11.576 0 0   0
2    2.500   11.237 0 0   0
2    2.500   10.804 0 0   0
2    2.500   10.372 0 0   0
3    2.500   17.500 0 0   0
2    2.500   17.421 0 0   0
2    2.500   17.343 0 0   0
2    2.500   17.261 0 0   0
2    2.500   17.180 0 0   0
2    2.500   17.095 0 0   0
2    2.500   17.010 0 0   0
2    2.500   16.922 0 0   0
2    2.500   16.834 0 0   0
2    2.500   16.742 0 0   0
2    2.500   16.650 0 0   0
2    2.500   16.555 0 0   0
2    2.500   16.460 0 0   0
2    2.500   16.361 0 0   0
2    2.500   16.262 0 0   0
2    2.500   16.159 0 0   0
2    2.500   16.056 0 0   0
2    2.500   15.949 0 0   0
2    2.500   15.843 0 0   0
2    2.500   15.731 0 0   0
2    2.500   15.620 0 0   0
2    2.500   15.505 0 0   0
2    2.500   15.389 0 0   0
2    2.500   15.269 0 0   0
2    2.500   15.150 0 0   0
2    2.500   15.025 0 0   0
2    2.500   14.900 0 0   0
2    2.500   14.771 0 0   0
2    2.500   14.641 0 0   0
2    2.500   14.506 0 0   0
2    2.500   14.372 0 0   0
2    2.500   14.232 0 0   0
2    2.500   14.092 0 0   0
2    2.500   13.946 0 0   0
2    2.500   13.801 0 0   0
2    2.500   13.650 0 0   0
2    2.500   13.498 0 0   0
2    2.500   13.341 0 0   0
2    2.500   13.184 0 0   0
3    7.005    2.500 0 0   0
2    7.135    2.500 0 0   0
2    7.265    2.500 0 0   0
2    7.611    2.500 0 0   0
2    7.958    2.500 0 0   0
3    7.958    2.500 0 0   0
2    8.360    2.500 0 0   0
2    8.762    2.500 0 0   0
2    9.165    2.500 0 0   0
2    9.567    2.500 0 0   0
2    9.969    2.500 0 0   0
2   10.372    2.500 0 0   0
3   10.372    2.500 0 0   0
2   10.804    2.500 0 0   0
2   11.237    2.500 0 0   0
2   11.576    2.500 0 0   0
2   11.915    2.500 0 0   0
2   12.180    2.500 0 0   0
2   12.445    2.500 0 0   0
2   12.652    2.500 0 0   0
2   12.860    2.500 0 0   0
2   13.022    2.500 0 0   0
2   13.184    2.500 0 0   0
3   13.184    2.500 0 0   0
2   13.341    2.500 0 0   0
2   13.498    2.500 0 0   0
2   13.650    2.500 0 0   0
2   13.801    2.500 0 0   0
2   13.946    2.500 0 0   0
2   14.092    2.500 0 0   0
2   14.232    2.500 0 0   0
2   14.372    2.500 0 0   0
2   14.506    2.500 0 0   0
2   14.641    2.500 0 0   0
2   14.771    2.500 0 0   0
2   14.900    2.500 0 0   0
2   15.025    2.500 0 0   0
2   15.150    2.500 0 0   0
2   15.269    2.500 0 0   0
2   15.389    2.500 0 0   0
2   15.505    2.500 0 0   0
2   15.620    2.500 0 0   0
2   15.731    2.500 0 0   0
2   15.843    2.500 0 0   0
2   15.949    2.500 0 0   0
2   16.056    2.500 0 0   0
2   16.159    2.500 0 0   0
2   16.262    2.500 0 0   0
2   16.361    2.500 0 0   0
2   16.460    2.500 0 0   0
2   16.555    2.500 0 0   0
2   16.650    2.500 0 0   0
2   16.742    2.500 0 0   0
2   16.834    2.500 0 0   0
2   16.922    2.500 0 0   0
2   17.010    2.500 0 0   0
2   17.095    2.500 0 0   0
2   17.180    2.500 0 0   0
2   17.261    2.500 0 0   0
2   17.343    2.500 0 0   0
2   17.421    2.500 0 0   0
2   17.500    2.500 0 0   0
3   17.500    2.500 0 0   0
2   17.500    2.579 0 0   0
2   17.499    2.657 0 0   0
2   17.498    2.736 0 0   0
2   17.497    2.814 0 0   0
2   17.495    2.893 0 0   0
2   17.493    2.971 0 0   0
2   17.490    3.050 0 0   0
2   17.487    3.128 0 0   0
2   17.483    3.207 0 0   0
2   17.479    3.285 0 0   0
2   17.475    3.363 0 0   0
2   17.470    3.442 0 0   0
2   17.465    3.520 0 0   0
2   17.460    3.599 0 0   0
2   17.454    3.677 0 0   0
2   17.447    3.755 0 0   0
2   17.441    3.833 0 0   0
2   17.433    3.912 0 0   0
2   17.426    3.990 0 0   0
2   17.418    4.068 0 0   0
2   17.409    4.146 0 0   0
2   17.401    4.224 0 0   0
2   17.391    4.302 0 0   0
2   17.382    4.380 0 0   0
2   17.372    4.458 0 0   0
2   17.361    4.536 0 0   0
2   17.350    4.614 0 0   0
2   17.339    4.691 0 0   0
2   17.327    4.769 0 0   0
2   17.315    4.847 0 0   0
2   17.303    4.924 0 0   0
2   17.290    5.002 0 0   0
2   17.277    5.079 0 0   0
2   17.263    5.156 0 0   0
2   17.249    5.234 0 0   0
2   17.234    5.311 0 0   0
2   17.219    5.388 0 0   0
2   17.204    5.465 0 0   0
2   17.188    5.542 0 0   0
2   17.172    5.619 0 0   0
2   17.156    5.695 0 0   0
2   17.139    5.772 0 0   0
2   17.121    5.849 0 0   0
2   17.104    5.925 0 0   0
2   17.086    6.002 0 0   0
2   17.067    6.078 0 0   0
2   17.048    6.154 0 0   0
2   17.029    6.230 0 0   0
2   17.009    6.306 0 0   0
2   16.989    6.382 0 0   0
2   16.968    6.458 0 0   0
2   16.947    6.534 0 0   0
2   16.926    6.609 0 0   0
2   16.904    6.685 0 0   0
2   16.882    6.760 0 0   0
2   16.860    6.835 0 0   0
2   16.837    6.911 0 0   0
2   16.814    6.986 0 0   0
2   16.790    7.060 0 0   0
2   16.766    7.135 0 0   0
2   16.741    7.210 0 0   0
2   16.717    7.284 0 0   0
2   16.691    7.359 0 0   0
2   16.666    7.433 0 0   0
2   16.640    7.507 0 0   0
2   16.613    7.581 0 0   0
2   16.586    7.655 0 0   0
2   16.559    7.729 0 0   0
2   16.532    7.802 0 0   0
2   16.504    7.876 0 0   0
2   16.475    7.949 0 0   0
2   16.447    8.022 0 0   0
2   16.418    8.095 0 0   0
2   16.388    8.168 0 0   0
2   16.358    8.240 0 0   0
2   16.328    8.313 0 0   0
2   16.297    8.385 0 0   0
2   16.266    8.457 0 0   0
2   16.235    8.529 0 0   0
2   16.203    8.601 0 0   0
2   16.171    8.673 0 0   0
2   16.139    8.744 0 0   0
2   16.106    8.816 0 0   0
2   16.072    8.887 0 0   0
2   16.039    8.958 0 0   0
2   16.005    9.028 0 0   0
2   15.970    9.099 0 0   0
2   15.936    9.170 0 0   0
2   15.901    9.240 0 0   0
2   15.865    9.310 0 0   0
2   15.829    9.380 0 0   0
2   15.793    9.449 0 0   0
2   15.756    9.519 0 0   0
2   15.720    9.588 0 0   0
2   15.682    9.657 0 0   0
2   15.645    9.726 0 0   0
2   15.607    9.795 0 0   0
2   15.568    9.864 0 0   0
2   15.529    9.932 0 0   0
2   15.490   10.000 0 0   0
2   15.451   10.068 0 0   0
2   15.411   10.136 0 0   0
2   15.371   10.203 0 0   0
2   15.330   10.270 0 0   0
2   15.290   10.337 0 0   0
2   15.248   10.404 0 0   0
2   15.207   10.471 0 0   0
2   15.165   10.537 0 0   0
2   15.123   10.604 0 0   0
2   15.080   10.670 0 0   0
2   15.037   10.735 0 0   0
2   14.994   10.801 0 0   0
2   14.950   10.866 0 0   0
2   14.906   10.931 0 0   0
2   14.862   10.996 0 0   0
2   14.817   11.061 0 0   0
2   14.772   11.125 0 0   0
2   14.727   11.189 0 0   0
2   14.681   11.253 0 0   0
2   14.635   11.317 0 0   0
2   14.589   11.380 0 0   0
2   14.542   11.443 0 0   0
2   14.495   11.506 0 0   0
2   14.448   11.569 0 0   0
2   14.400   11.631 0 0   0
2   14.352   11.694 0 0   0
2   14.304   11.756 0 0   0
2   14.255   11.817 0 0   0
2   14.206   11.879 0 0   0
2   14.157   11.940 0 0   0
2   14.108   12.001 0 0   0
2   14.058   12.061 0 0   0
2   14.007   12.122 0 0   0
2   13.957   12.182 0 0   0
2   13.906   12.242 0 0   0
2   13.855   12.301 0 0   0
2   13.803   12.361 0 0   0
2   13.752   12.420 0 0   0
2   13.700   12.478 0 0   0
2   13.647   12.537 0 0   0
2   13.594   12.595 0 0   0
2   13.541   12.653 0 0   0
2   13.488   12.711 0 0   0
2   13.435   12.768 0 0   0
2   13.381   12.825 0 0   0
2   13.326   12.882 0 0   0
2   13.272   12.939 0 0   0
2   13.217   12.995 0 0   0
2   13.162   13.051 0 0   0
2   13.107   13.107 0 0   0
2   13.051   13.162 0 0   0
2   12.995   13.217 0 0   0
2   12.939   13.272 0 0   0
2   12.882   13.326 0 0   0
2   12.825   13.381 0 0   0
2   12.768   13.435 0 0   0
2   12.711   13.488 0 0   0
2   12.653   13.541 0 0   0
2   12.595   13.594 0 0   0
2   12.537   13.647 0 0   0
2   12.478   13.700 0 0   0
2   12.420   13.752 0 0   0
2   12.361   13.803 0 0   0
2   12.301   13.855 0 0   0
2   12.242   13.906 0 0   0
2   12.182   13.957 0 0   0
2   12.122   14.007 0 0   0
2   12.061   14.058 0 0   0
2   12.001   14.108 0 0   0
2   11.940   14.157 0 0   0
2   11.879   14.206 0 0   0
2   11.817   14.255 0 0   0
2   11.756   14.304 0 0   0
2   11.694   14.352 0 0   0
2   11.631   14.400 0 0   0
2   11.569   14.448 0 0   0
2   11.506   14.495 0 0   0
2   11.443   14.542 0 0   0
2   11.380   14.589 0 0   0
2   11.317   14.635 0 0   0
2   11.253   14.681 0 0   0
2   11.189   14.727 0 0   0
2   11.125   14.772 0 0   0
2   11.061   14.817 0 0   0
2   10.996   14.862 0 0   0
2   10.931   14.906 0 0   0
2   10.866   14.950 0 0   0
2   10.801   14.994 0 0   0
2   10.735   15.037 0 0   0
2   10.670   15.080 0 0   0
2   10.604   15.123 0 0   0
2   10.537   15.165 0 0   0
2   10.471   15.207 0 0   0
2   10.404   15.248 0 0   0
2   10.337   15.290 0 0   0
2   10.270   15.330 0 0   0
2   10.203   15.371 0 0   0
2   10.136   15.411 0 0   0
2   10.068   15.451 0 0   0
2   10.000   15.490 0 0   0
2    9.932   15.529 0 0   0
2    9.864   15.568 0 0   0
2    9.795   15.607 0 0   0
2    9.726   15.645 0 0   0
2    9.657   15.682 0 0   0
2    9.588   15.720 0 0   0
2    9.519   15.756 0 0   0
2    9.449   15.793 0 0   0
2    9.380   15.829 0 0   0
2    9.310   15.865 0 0   0
2    9.240   15.901 0 0   0
2    9.170   15.936 0 0   0
2    9.099   15.970 0 0   0
2    9.028   16.005 0 0   0
2    8.958   16.039 0 0   0
2    8.887   16.072 0 0   0
2    8.816   16.106 0 0   0
2    8.744   16.139 0 0   0
2    8.673   16.171 0 0   0
2    8.601   16.203 0 0   0
2    8.529   16.235 0 0   0
2    8.457   16.266 0 0   0
2    8.385   16.297 0 0   0
2    8.313   16.328 0 0   0
2    8.240   16.358 0 0   0
2    8.168   16.388 0 0   0
2    8.095   16.418 0 0   0
2    8.022   16.447 0 0   0
2    7.949   16.475 0 0   0
2    7.876   16.504 0 0   0
2    7.802   16.532 0 0   0
2    7.729   16.559 0 0   0
2    7.655   16.586 0 0   0
2    7.581   16.613 0 0   0
2    7.507   16.640 0 0   0
2    7.433   16.666 0 0   0
2    7.359   16.691 0 0   0
2    7.284   16.717 0 0   0
2    7.210   16.741 0 0   0
2    7.135   16.766 0 0   0
2    7.060   16.790 0 0   0
2    6.986   16.814 0 0   0
2    6.911   16.837 0 0   0
2    6.835   16.860 0 0   0
2    6.760   16.882 0 0   0
2    6.685   16.904 0 0   0
2    6.609   16.926 0 0   0
2    6.534   16.947 0 0   0
2    6.458   16.968 0 0   0
2    6.382   16.989 0 0   0
2    6.306   17.009 0 0   0
2    6.230   17.029 0 0   0
2    6.154   17.048 0 0   0
2    6.078   17.067 0 0   0
2    6.002   17.086 0 0   0
2    5.925   17.104 0 0   0
2    5.849   17.121 0 0   0
2    5.772   17.139 0 0   0
2    5.695   17.156 0 0   0
2    5.619   17.172 0 0   0
2    5.542   17.188 0 0   0
2    5.465   17.204 0 0   0
2    5.388   17.219 0 0   0
2    5.311   17.234 0 0   0
2    5.234   17.249 0 0   0
2    5.156   17.263 0 0   0
2    5.079   17.277 0 0   0
2    5.002   17.290 0 0   0
2    4.924   17.303 0 0   0
2    4.847   17.315 0 0   0
2    4.769   17.327 0 0   0
2    4.691   17.339 0 0   0
2    4.614   17.350 0 0   0
2    4.536   17.361 0 0   0
2    4.458   17.372 0 0   0
2    4.380   17.382 0 0   0
2    4.302   17.391 0 0   0
2    4.224   17.401 0 0   0
2    4.146   17.409 0 0   0
2    4.068   17.418 0 0   0
2    3.990   17.426 0 0   0
2    3.912   17.433 0 0   0
2    3.833   17.441 0 0   0
2    3.755   17.447 0 0   0
2    3.677   17.454 0 0   0
2    3.599   17.460 0 0   0
2    3.520   17.465 0 0   0
2    3.442   17.470 0 0   0
2    3.363   17.475 0 0   0
2    3.285   17.479 0 0   0
2    3.207   17.483 0 0   0
2    3.128   17.487 0 0   0
2    3.050   17.490 0 0   0
2    2.971   17.493 0 0   0
2    2.893   17.495 0 0   0
2    2.814   17.497 0 0   0
2    2.736   17.498 0 0   0
2    2.657   17.499 0 0   0
2    2.579   17.500 0 0   0
2    2.500   17.500 0 0   0
3    7.005    2.500 0 0   0
2    7.002    2.661 0 0   0
2    6.993    2.821 0 0   0
2    6.979    2.982 0 0   0
2    6.959    3.141 0 0   0
2    6.933    3.300 0 0   0
2    6.902    3.458 0 0   0
2    6.865    3.614 0 0   0
2    6.822    3.769 0 0   0
2    6.774    3.923 0 0   0
2    6.721    4.074 0 0   0
2    6.662    4.224 0 0   0
2    6.598    4.371 0 0   0
2    6.528    4.516 0 0   0
2    6.454    4.659 0 0   0
2    6.374    4.799 0 0   0
2    6.290    4.935 0 0   0
2    6.200    5.069 0 0   0
2    6.106    5.200 0 0   0
2    6.007    5.327 0 0   0
2    5.904    5.450 0 0   0
2    5.797    5.570 0 0   0
2    5.685    5.685 0 0   0
2    5.570    5.797 0 0   0
2    5.450    5.904 0 0   0
2    5.327    6.007 0 0   0
2    5.200    6.106 0 0   0
2    5.069    6.200 0 0   0
2    4.935    6.290 0 0   0
2    4.799    6.374 0 0   0
2    4.659    6.454 0 0   0
2    4.516    6.528 0 0   0
2    4.371    6.598 0 0   0
2    4.224    6.662 0 0   0
2    4.074    6.721 0 0   0
2    3.923    6.774 0 0   0
2    3.769    6.822 0 0   0
2    3.614    6.865 0 0   0
2    3.458    6.902 0 0   0
2    3.300    6.933 0 0   0
2    3.141    6.959 0 0   0
2    2.982    6.979 0 0   0
2    2.821    6.993 0 0   0
2    2.661    7.002 0 0   0
2    2.500    7.005 0 0   0
3    7.005    2.500 0 0   0
2    7.135    2.500 0 0   0
2    7.265    2.500 0 0   0
2    7.611    2.500 0 0   0
2    7.958    2.500 0 0   0
2    7.958    2.500 0 0   0
2    8.360    2.500 0 0   0
2    8.762    2.500 0 0   0
2    9.165    2.500 0 0   0
2    9.567    2.500 0 0   0
2    9.969    2.500 0 0   0
2   10.372    2.500 0 0   0
2   10.372    2.500 0 0   0
2   10.804    2.500 0 0   0
2   11.237    2.500 0 0   0
2   11.576    2.500 0 0   0
2   11.915    2.500 0 0   0
2   12.180    2.500 0 0   0
2   12.445    2.500 0 0   0
2   12.652    2.500 0 0   0
2   12.860    2.500 0 0   0
2   13.022    2.500 0 0   0
2   13.184    2.500 0 0   0
2   13.184    2.500 0 0   0
2   13.341    2.500 0 0   0
2   13.498    2.500 0 0   0
2   13.650    2.500 0 0   0
2   13.801    2.500 0 0   0
2   13.946    2.500 0 0   0
2   14.092    2.500 0 0   0
2   14.232    2.500 0 0   0
2   14.372    2.500 0 0   0
2   14.506    2.500 0 0   0
2   14.641    2.500 0 0   0
2   14.771    2.500 0 0   0
2   14.900    2.500 0 0   0
2   15.025    2.500 0 0   0
2   15.150    2.500 0 0   0
2   15.269    2.500 0 0   0
2   15.389    2.500 0 0   0
2   15.505    2.500 0 0   0
2   15.620    2.500 0 0   0
2   15.731    2.500 0 0   0
2   15.843    2.500 0 0   0
2   15.949    2.500 0 0   0
2   16.056    2.500 0 0   0
2   16.159    2.500 0 0   0
2   16.262    2.500 0 0   0
2   16.361    2.500 0 0   0
2   16.460    2.500 0 0   0
2   16.555    2.500 0 0   0
2   16.650    2.500 0 0   0
2   16.742    2.500 0 0   0
2   16.834    2.500 0 0   0
2   16.922    2.500 0 0   0
2   17.010    2.500 0 0   0
2   17.095    2.500 0 0   0
2   17.180    2.500 0 0   0
2   17.261    2.500 0 0   0
2   17.343    2.500 0 0   0
2   17.421    2.500 0 0   0
2   17.500    2.500 0 0   0
3    2.500   13.184 0 0   0
2    2.658   13.183 0 0   0
2    2.817   13.180 0 0   0
2    2.975   13.174 0 0   0
2    3.133   13.166 0 0   0
2    3.291   13.155 0 0   0
2    3.449   13.142 0 0   0
2    3.606   13.127 0 0   0
2    3.764   13.109 0 0   0
2    3.921   13.089 0 0   0
2    4.077   13.067 0 0   0
2    4.234   13.043 0 0   0
2    4.390   13.016 0 0   0
2    4.546   12.987 0 0   0
2    4.701   12.955 0 0   0
2    4.855   12.921 0 0   0
2    5.010   12.885 0 0   0
2    5.163   12.847 0 0   0
2    5.316   12.806 0 0   0
2    5.469   12.764 0 0   0
2    5.620   12.718 0 0   0
2    5.771   12.671 0 0   0
2    5.922   12.622 0 0   0
2    6.071   12.570 0 0   0
2    6.220   12.516 0 0   0
2    6.368   12.459 0 0   0
2    6.515   12.401 0 0   0
2    6.662   12.340 0 0   0
2    6.807   12.278 0 0   0
2    6.952   12.213 0 0   0
2    7.095   12.146 0 0   0
2    7.237   12.077 0 0   0
2    7.379   12.005 0 0   0
2    7.519   11.932 0 0   0
2    7.658   11.857 0 0   0
2    7.796   11.779 0 0   0
2    7.933   11.700 0 0   0
2    8.069   11.618 0 0   0
2    8.204   11.535 0 0   0
2    8.337   11.449 0 0   0
2    8.469   11.362 0 0   0
2    8.599   11.272 0 0   0
2    8.729   11.181 0 0   0
2    8.857   11.088 0 0   0
2    8.983   10.992 0 0   0
2    9.108   10.895 0 0   0
2    9.232   10.797 0 0   0
2    9.354   10.696 0 0   0
2    9.475   10.593 0 0   0
2    9.594   10.489 0 0   0
2    9.712   10.383 0 0   0
2    9.828   10.276 0 0   0
2    9.942   10.166 0 0   0
2   10.055   10.055 0 0   0
2   10.166    9.942 0 0   0
2   10.276    9.828 0 0   0
2   10.383    9.712 0 0   0
2   10.489    9.594 0 0   0
2   10.593    9.475 0 0   0
2   10.696    9.354 0 0   0
2   10.797    9.232 0 0   0
2   10.895    9.108 0 0   0
2   10.992    8.983 0 0   0
2   11.088    8.857 0 0   0
2   11.181    8.729 0 0   0
2   11.272    8.599 0 0   0
2   11.362    8.469 0 0   0
2   11.449    8.337 0 0   0
2   11.535    8.204 0 0   0
2   11.618    8.069 0 0   0
2   11.700    7.933 0 0   0
2   11.779    7.796 0 0   0
2   11.857    7.658 0 0   0
2   11.932    7.519 0 0   0
2   12.005    7.379 0 0   0
2   12.077    7.237 0 0   0
2   12.146    7.095 0 0   0
2   12.213    6.952 0 0   0
2   12.278    6.807 0 0   0
2   12.340    6.662 0 0   0
2   12.401    6.515 0 0   0
2   12.459    6.368 0 0   0
2   12.516    6.220 0 0   0
2   12.570    6.071 0 0   0
2   12.622    5.922 0 0   0
2   12.671    5.771 0 0   0
2   12.718    5.620 0 0   0
2   12.764    5.469 0 0   0
2   12.806    5.316 0 0   0
2   12.847    5.163 0 0   0
2   12.885    5.010 0 0   0
2   12.921    4.855 0 0   0
2   12.955    4.701 0 0   0
2   12.987    4.546 0 0   0
2   13.016    4.390 0 0   0
2   13.043    4.234 0 0   0
2   13.067    4.077 0 0   0
2   13.089    3.921 0 0   0
2   13.109    3.764 0 0   0
2   13.127    3.606 0 0   0
2   13.142    3.449 0 0   0
2   13.155    3.291 0 0   0
2   13.166    3.133 0 0   0
2   13.174    2.975 0 0   0
2   13.180    2.817 0 0   0
2   13.183    2.658 0 0   0
2   13.184    2.500 0 0   0
3    2.500   17.500 0 0   0
2    2.500   17.421 0 0   0
2    2.500   17.343 0 0   0
2    2.500   17.261 0 0   0
2    2.500   17.180 0 0   0
2    2.500   17.095 0 0   0
2    2.500   17.010 0 0   0
2    2.500   16.922 0 0   0
2    2.500   16.834 0 0   0
2    2.500   16.742 0 0   0
2    2.500   16.650 0 0   0
2    2.500   16.555 0 0   0
2    2.500   16.460 0 0   0
2    2.500   16.361 0 0   0
2    2.500   16.262 0 0   0
2    2.500   16.159 0 0   0
2    2.500   16.056 0 0   0
2    2.500   15.949 0 0   0
2    2.500   15.843 0 0   0
2    2.500   15.731 0 0   0
2    2.500   15.620 0 0   0
2    2.500   15.505 0 0   0
2    2.500   15.389 0 0   0
2    2.500   15.269 0 0   0
2    2.500   15.150 0 0   0
2    2.500   15.025 0 0   0
2    2.500   14.900 0 0   0
2    2.500   14.771 0 0   0
2    2.500   14.641 0 0   0
2    2.500   14.506 0 0   0
2    2.500   14.372 0 0   0
2    2.500   14.232 0 0   0
2    2.500   14.092 0 0   0
2    2.500   13.946 0 0   0
2    2.500   13.801 0 0   0
2    2.500   13.650 0 0   0
2    2.500   13.498 0 0   0
2    2.500   13.341 0 0   0
2    2.500   13.184 0 0   0
2    2.500   13.184 0 0   0
2    2.500   13.022 0 0   0
2    2.500   12.860 0 0   0
2    2.500   12.652 0 0   0
2    2.500   12.445 0 0   0
2    2.500   12.180 0 0   0
2    2.500   11.915 0 0   0
2    2.500   11.576 0 0   0
2    2.500   11.237 0 0   0
2    2.500   10.804 0 0   0
2    2.500   10.372 0 0   0
2    2.500   10.372 0 0   0
2    2.500    9.969 0 0   0
2    2.500    9.567 0 0   0
2    2.500    9.165 0 0   0
2    2.500    8.762 0 0   0
2    2.500    8.360 0 0   0
2    2.500    7.958 0 0   0
2    2.500    7.958 0 0   0
2    2.500    7.611 0 0   0
2    2.500    7.265 0 0   0
2    2.500    7.135 0 0   0
2    2.500    7.005 0 0   0
3    7.005    2.500 0 0   0
2    7.002    2.661 0 0   0
2    6.993    2.821 0 0   0
2    6.979    2.982 0 0   0
2    6.959    3.141 0 0   0
2    6.933    3.300 0 0   0
2    6.902    3.458 0 0   0
2    6.865    3.614 0 0   0
2    6.822    3.769 0 0   0
2    6.774    3.923 0 0   0
2    6.721    4.074 0 0   0
2    6.662    4.224 0 0   0
2    6.598    4.371 0 0   0
2    6.528    4.516 0 0   0
2    6.454    4.659 0 0   0
2    6.374    4.799 0 0   0
2    6.290    4.935 0 0   0
2    6.200    5.069 0 0   0
2    6.106    5.200 0 0   0
2    6.007    5.327 0 0   0
2    5.904    5.450 0 0   0
2    5.797    5.570 0 0   0
2    5.685    5.685 0 0   0
2    5.570    5.797 0 0   0
2    5.450    5.904 0 0   0
2    5.327    6.007 0 0   0
2    5.200    6.106 0 0   0
2    5.069    6.200 0 0   0
2    4.935    6.290 0 0   0
2    4.799    6.374 0 0   0
2    4.659    6.454 0 0   0
2    4.516    6.528 0 0   0
2    4.371    6.598 0 0   0
2    4.224    6.662 0 0   0
2    4.074    6.721 0 0   0
2    3.923    6.774 0 0   0
2    3.769    6.822 0 0   0
2    3.614    6.865 0 0   0
2    3.458    6.902 0 0   0
2    3.300    6.933 0 0   0
2    3.141    6.959 0 0   0
2    2.982    6.979 0 0   0
2    2.821    6.993 0 0   0
2    2.661    7.002 0 0   0
2    2.500    7.005 0 0   0
2    2.500    7.005 0 0   0
2    2.500    7.135 0 0   0
2    2.500    7.265 0 0   0
2    2.500    7.611 0 0   0
2    2.500    7.958 0 0   0
2    2.500    7.958 0 0   0
2    2.500    8.360 0 0   0
2    2.500    8.762 0 0   0
2    2.500    9.165 0 0   0
2    2.500    9.567 0 0   0
2    2.500    9.969 0 0   0
2    2.500   10.372 0 0   0
2    2.500   10.372 0 0   0
2    2.500   10.804 0 0   0
2    2.500   11.237 0 0   0
2    2.500   11.576 0 0   0
2    2.500   11.915 0 0   0
2    2.500   12.180 0 0   0
2    2.500   12.445 0 0   0
2    2.500   12.652 0 0   0
2    2.500   12.860 0 0   0
2    2.500   13.022 0 0   0
2    2.500   13.184 0 0   0
2    2.500   13.184 0 0   0
2    2.500   13.341 0 0   0
2    2.500   13.498 0 0   0
2    2.500   13.650 0 0   0
2    2.500   13.801 0 0   0
2    2.500   13.946 0 0   0
2    2.500   14.092 0 0   0
2    2.500   14.232 0 0   0
2    2.500   14.372 0 0   0
2    2.500   14.506 0 0   0
2    2.500   14.641 0 0   0
2    2.500   14.771 0 0   0
2    2.500   14.900 0 0   0
2    2.500   15.025 0 0   0
2    2.500   15.150 0 0   0
2    2.500   15.269 0 0   0
2    2.500   15.389 0 0   0
2    2.500   15.505 0 0   0
2    2.500   15.620 0 0   0
2    2.500   15.731 0 0   0
2    2.500   15.843 0 0   0
2    2.500   15.949 0 0   0
2    2.500   16.056 0 0   0
2    2.500   16.159 0 0   0
2    2.500   16.262 0 0   0
2    2.500   16.361 0 0   0
2    2.500   16.460 0 0   0
2    2.500   16.555 0 0   0
2    2.500   16.650 0 0   0
2    2.500   16.742 0 0   0
2    2.500   16.834 0 0   0
2    2.500   16.922 0 0   0
2    2.500   17.010 0 0   0
2    2.500   17.095 0 0   0
2    2.500   17.180 0 0   0
2    2.500   17.261 0 0   0
2    2.500   17.343 0 0   0
2    2.500   17.421 0 0   0
2    2.500   17.500 0 0   0
2    2.500   17.500 0 0   0
2    2.579   17.500 0 0   0
2    2.657   17.499 0 0   0
2    2.736   17.498 0 0   0
2    2.814   17.497 0 0   0
2    2.893   17.495 0 0   0
2    2.971   17.493 0 0   0
2    3.050   17.490 0 0   0
2    3.128   17.487 0 0   0
2    3.207   17.483 0 0   0
2    3.285   17.479 0 0   0
2    3.363   17.475 0 0   0
2    3.442   17.470 0 0   0
2    3.520   17.465 0 0   0
2    3.599   17.460 0 0   0
2    3.677   17.454 0 0   0
2    3.755   17.447 0 0   0
2    3.833   17.441 0 0   0
2    3.912   17.433 0 0   0
2    3.990   17.426 0 0   0
2    4.068   17.418 0 0   0
2    4.146   17.409 0 0   0
2    4.224   17.401 0 0   0
2    4.302   17.391 0 0   0
2    4.380   17.382 0 0   0
2    4.458   17.372 0 0   0
2    4.536   17.361 0 0   0
2    4.614   17.350 0 0   0
2    4.691   17.339 0 0   0
2    4.769   17.327 0 0   0
2    4.847   17.315 0 0   0
2    4.924   17.303 0 0   0
2    5.002   17.290 0 0   0
2    5.079   17.277 0 0   0
2    5.156   17.263 0 0   0
2    5.234   17.249 0 0   0
2    5.311   17.234 0 0   0
2    5.388   17.219 0 0   0
2    5.465   17.204 0 0   0
2    5.542   17.188 0 0   0
2    5.619   17.172 0 0   0
2    5.695   17.156 0 0   0
2    5.772   17.139 0 0   0
2    5.849   17.121 0 0   0
2    5.925   17.104 0 0   0
2    6.002   17.086 0 0   0
2    6.078   17.067 0 0   0
2    6.154   17.048 0 0   0
2    6.230   17.029 0 0   0
2    6.306   17.009 0 0   0
2    6.382   16.989 0 0   0
2    6.458   16.968 0 0   0
2    6.534   16.947 0 0   0
2    6.609   16.926 0 0   0
2    6.685   16.904 0 0   0
2    6.760   16.882 0 0   0
2    6.835   16.860 0 0   0
2    6.911   16.837 0 0   0
2    6.986   16.814 0 0   0
2    7.060   16.790 0 0   0
2    7.135   16.766 0 0   0
2    7.210   16.741 0 0   0
2    7.284   16.717 0 0   0
2    7.359   16.691 0 0   0
2    7.433   16.666 0 0   0
2    7.507   16.640 0 0   0
2    7.581   16.613 0 0   0
2    7.655   16.586 0 0   0
2    7.729   16.559 0 0   0
2    7.802   16.532 0 0   0
2    7.876   16.504 0 0   0
2    7.949   16.475 0 0   0
2    8.022   16.447 0 0   0
2    8.095   16.418 0 0   0
2    8.168   16.388 0 0   0
2    8.240   16.358 0 0   0
2    8.313   16.328 0 0   0
2    8.385   16.297 0 0   0
2    8.457   16.266 0 0   0
2    8.529   16.235 0 0   0
2    8.601   16.203 0 0   0
2    8.673   16.171 0 0   0
2    8.744   16.139 0 0   0
2    8.816   16.106 0 0   0
2    8.887   16.072 0 0   0
2    8.958   16.039 0 0   0
2    9.028   16.005 0 0   0
2    9.099   15.970 0 0   0
2    9.170   15.936 0 0   0
2    9.240   15.901 0 0   0
2    9.310   15.865 0 0   0
2    9.380   15.829 0 0   0
2    9.449   15.793 0 0   0
2    9.519   15.756 0 0   0
2    9.588   15.720 0 0   0
2    9.657   15.682 0 0   0
2    9.726   15.645 0 0   0
2    9.795   15.607 0 0   0
2    9.864   15.568 0 0   0
2    9.932   15.529 0 0   0
2   10.000   15.490 0 0   0
2   10.068   15.451 0 0   0
2   10.136   15.411 0 0   0
2   10.203   15.371 0 0   0
2   10.270   15.330 0 0   0
2   10.337   15.290 0 0   0
2   10.404   15.248 0 0   0
2   10.471   15.207 0 0   0
2   10.537   15.165 0 0   0
2   10.604   15.123 0 0   0
2   10.670   15.080 0 0   0
2   10.735   15.037 0 0   0
2   10.801   14.994 0 0   0
2   10.866   14.950 0 0   0
2   10.931   14.906 0 0   0
2   10.996   14.862 0 0   0
2   11.061   14.817 0 0   0
2   11.125   14.772 0 0   0
2   11.189   14.727 0 0   0
2   11.253   14.681 0 0   0
2   11.317   14.635 0 0   0
2   11.380   14.589 0 0   0
2   11.443   14.542 0 0   0
2   11.506   14.495 0 0   0
2   11.569   14.448 0 0   0
2   11.631   14.400 0 0   0
2   11.694   14.352 0 0   0
2   11.756   14.304 0 0   0
2   11.817   14.255 0 0   0
2   11.879   14.206 0 0   0
2   11.940   14.157 0 0   0
2   12.001   14.108 0 0   0
2   12.061   14.058 0 0   0
2   12.122   14.007 0 0   0
2   12.182   13.957 0 0   0
2   12.242   13.906 0 0   0
2   12.301   13.855 0 0   0
2   12.361   13.803 0 0   0
2   12.420   13.752 0 0   0
2   12.478   13.700 0 0   0
2   12.537   13.647 0 0   0
2   12.595   13.594 0 0   0
2   12.653   13.541 0 0   0
2   12.711   13.488 0 0   0
2   12.768   13.435 0 0   0
2   12.825   13.381 0 0   0
2   12.882   13.326 0 0   0
2   12.939   13.272 0 0   0
2   12.995   13.217 0 0   0
2   13.051   13.162 0 0   0
2   13.107   13.107 0 0   0
2   13.162   13.051 0 0   0
2   13.217   12.995 0 0   0
2   13.272   12.939 0 0   0
2   13.326   12.882 0 0   0
2   13.381   12.825 0 0   0
2   13.435   12.768 0 0   0
2   13.488   12.711 0 0   0
2   13.541   12.653 0 0   0
2   13.594   12.595 0 0   0
2   13.647   12.537 0 0   0
2   13.700   12.478 0 0   0
2   13.752   12.420 0 0   0
2   13.803   12.361 0 0   0
2   13.855   12.301 0 0   0
2   13.906   12.242 0 0   0
2   13.957   12.182 0 0   0
2   14.007   12.122 0 0   0
2   14.058   12.061 0 0   0
2   14.108   12.001 0 0   0
2   14.157   11.940 0 0   0
2   14.206   11.879 0 0   0
2   14.255   11.817 0 0   0
2   14.304   11.756 0 0   0
2   14.352   11.694 0 0   0
2   14.400   11.631 0 0   0
2   14.448   11.569 0 0   0
2   14.495   11.506 0 0   0
2   14.542   11.443 0 0   0
2   14.589   11.380 0 0   0
2   14.635   11.317 0 0   0
2   14.681   11.253 0 0   0
2   14.727   11.189 0 0   0
2   14.772   11.125 0 0   0
2   14.817   11.061 0 0   0
2   14.862   10.996 0 0   0
2   14.906   10.931 0 0   0
2   14.950   10.866 0 0   0
2   14.994   10.801 0 0   0
2   15.037   10.735 0 0   0
2   15.080   10.670 0 0   0
2   15.123   10.604 0 0   0
2   15.165   10.537 0 0   0
2   15.207   10.471 0 0   0
2   15.248   10.404 0 0   0
2   15.290   10.337 0 0   0
2   15.330   10.270 0 0   0
2   15.371   10.203 0 0   0
2   15.411   10.136 0 0   0
2   15.451   10.068 0 0   0
2   15.490   10.000 0 0   0
2   15.529    9.932 0 0   0
2   15.568    9.864 0 0   0
2   15.607    9.795 0 0   0
2   15.645    9.726 0 0   0
2   15.682    9.657 0 0   0
2   15.720    9.588 0 0   0
2   15.756    9.519 0 0   0
2   15.793    9.449 0 0   0
2   15.829    9.380 0 0   0
2   15.865    9.310 0 0   0
2   15.901    9.240 0 0   0
2   15.936    9.170 0 0   0
2   15.970    9.099 0 0   0
2   16.005    9.028 0 0   0
2   16.039    8.958 0 0   0
2   16.072    8.887 0 0   0
2   16.106    8.816 0 0   0
2   16.139    8.744 0 0   0
2   16.171    8.673 0 0   0
2   16.203    8.601 0 0   0
2   16.235    8.529 0 0   0
2   16.266    8.457 0 0   0
2   16.297    8.385 0 0   0
2   16.328    8.313 0 0   0
2   16.358    8.240 0 0   0
2   16.388    8.168 0 0   0
2   16.418    8.095 0 0   0
2   16.447    8.022 0 0   0
2   16.475    7.949 0 0   0
2   16.504    7.876 0 0   0
2   16.532    7.802 0 0   0
2   16.559    7.729 0 0   0
2   16.586    7.655 0 0   0
2   16.613    7.581 0 0   0
2   16.640    7.507 0 0   0
2   16.666    7.433 0 0   0
2   16.691    7.359 0 0   0
2   16.717    7.284 0 0   0
2   16.741    7.210 0 0   0
2   16.766    7.135 0 0   0
2   16.790    7.060 0 0   0
2   16.814    6.986 0 0   0
2   16.837    6.911 0 0   0
2   16.860    6.835 0 0   0
2   16.882    6.760 0 0   0
2   16.904    6.685 0 0   0
2   16.926    6.609 0 0   0
2   16.947    6.534 0 0   0
2   16.968    6.458 0 0   0
2   16.989    6.382 0 0   0
2   17.009    6.306 0 0   0
2   17.029    6.230 0 0   0
2   17.048    6.154 0 0   0
2   17.067    6.078 0 0   0
2   17.086    6.002 0 0   0
2   17.104    5.925 0 0   0
2   17.121    5.849 0 0   0
2   17.139    5.772 0 0   0
2   17.156    5.695 0 0   0
2   17.172    5.619 0 0   0
2   17.188    5.542 0 0   0
2   17.204    5.465 0 0   0
2   17.219    5.388 0 0   0
2   17.234    5.311 0 0   0
2   17.249    5.234 0 0   0
2   17.263    5.156 0 0   0
2   17.277    5.079 0 0   0
2   17.290    5.002 0 0   0
2   17.303    4.924 0 0   0
2   17.315    4.847 0 0   0
2   17.327    4.769 0 0   0
2   17.339    4.691 0 0   0
2   17.350    4.614 0 0   0
2   17.361    4.536 0 0   0
2   17.372    4.458 0 0   0
2   17.382    4.380 0 0   0
2   17.391    4.302 0 0   0
2   17.401    4.224 0 0   0
2   17.409    4.146 0 0   0
2   17.418    4.068 0 0   0
2   17.426    3.990 0 0   0
2   17.433    3.912 0 0   0
2   17.441    3.833 0 0   0
2   17.447    3.755 0 0   0
2   17.454    3.677 0 0   0
2   17.460    3.599 0 0   0
2   17.465    3.520 0 0   0
2   17.470    3.442 0 0   0
2   17.475    3.363 0 0   0
2   17.479    3.285 0 0   0
2   17.483    3.207 0 0   0
2   17.487    3.128 0 0   0
2   17.490    3.050 0 0   0
2   17.493    2.971 0 0   0
2   17.495    2.893 0 0   0
2   17.497    2.814 0 0   0
2   17.498    2.736 0 0   0
2   17.499    2.657 0 0   0
2   17.500    2.579 0 0   0
2   17.500    2.500 0 0   0
2   17.500    2.500 0 0   0
2   17.421    2.500 0 0   0
2   17.343    2.500 0 0   0
2   17.261    2.500 0 0   0
2   17.180    2.500 0 0   0
2   17.095    2.500 0 0   0
2   17.010    2.500 0 0   0
2   16.922    2.500 0 0   0
2   16.834    2.500 0 0   0
2   16.742    2.500 0 0   0
2   16.650    2.500 0 0   0
2   16.555    2.500 0 0   0
2   16.460    2.500 0 0   0
2   16.361    2.500 0 0   0
2   16.262    2.500 0 0   0
2   16.159    2.500 0 0   0
2   16.056    2.500 0 0   0
2   15.949    2.500 0 0   0
2   15.843    2.500 0 0   0
2   15.731    2.500 0 0   0
2   15.620    2.500 0 0   0
2   15.505    2.500 0 0   0
2   15.389    2.500 0 0   0
2   15.269    2.500 0 0   0
2   15.150    2.500 0 0   0
2   15.025    2.500 0 0   0
2   14.900    2.500 0 0   0
2   14.771    2.500 0 0   0
2   14.641    2.500 0 0   0
2   14.506    2.500 0 0   0
2   14.372    2.500 0 0   0
2   14.232    2.500 0 0   0
2   14.092    2.500 0 0   0
2   13.946    2.500 0 0   0
2   13.801    2.500 0 0   0
2   13.650    2.500 0 0   0
2   13.498    2.500 0 0   0
2   13.341    2.500 0 0   0
2   13.184    2.500 0 0   0
2   13.184    2.500 0 0   0
2   13.022    2.500 0 0   0
2   12.860    2.500 0 0   0
2   12.652    2.500 0 0   0
2   12.445    2.500 0 0   0
2   12.180    2.500 0 0   0
2   11.915    2.500 0 0   0
2   11.576    2.500 0 0   0
2   11.237    2.500 0 0   0
2   10.804    2.500 0 0   0
2   10.372    2.500 0 0   0
2   10.372    2.500 0 0   0
2    9.969    2.500 0 0   0
2    9.567    2.500 0 0   0
2    9.165    2.500 0 0   0
2    8.762    2.500 0 0   0
2    8.360    2.500 0 0   0
2    7.958    2.500 0 0   0
2    7.958    2.500 0 0   0
2    7.611    2.500 0 0   0
2    7.265    2.500 0 0   0
2    7.135    2.500 0 0   0
2    7.005    2.500 0 0   0
5    0.000    0.000 0 0   0
