1    1.000   20.000 0 0   0
6    3.500    0.750    0.000    0.250  80
x                                                                               
3   23.750    0.875 0 0   0
2   24.500    0.875 0 0   0
2   24.250    1.000 0 0   0
2   24.250    0.750 0 0   0
2   24.500    0.875 0 0   0
6    0.875    3.500   90.000    0.250  80
y                                                                               
3    0.750   23.750 0 0   0
2    0.750   24.500 0 0   0
2    0.625   24.250 0 0   0
2    0.875   24.250 0 0   0
2    0.750   24.500 0 0   0
3    2.500   17.500 0 0   0
2    2.500   17.500 0 0   0
2    2.579   17.500 0 0   0
2    2.579   17.500 0 0   0
2    2.657   17.499 0 0   0
2    2.657   17.499 0 0   0
2    2.736   17.498 0 0   0
2    2.736   17.498 0 0   0
2    2.814   17.497 0 0   0
2    2.814   17.497 0 0   0
2    2.893   17.495 0 0   0
2    2.893   17.495 0 0   0
2    2.971   17.493 0 0   0
2    2.971   17.493 0 0   0
2    3.050   17.490 0 0   0
2    3.050   17.490 0 0   0
2    3.128   17.487 0 0   0
2    3.128   17.487 0 0   0
2    3.207   17.483 0 0   0
2    3.207   17.483 0 0   0
2    3.285   17.479 0 0   0
2    3.285   17.479 0 0   0
2    3.363   17.475 0 0   0
2    3.363   17.475 0 0   0
2    3.442   17.470 0 0   0
2    3.442   17.470 0 0   0
2    3.520   17.465 0 0   0
2    3.520   17.465 0 0   0
2    3.599   17.460 0 0   0
2    3.599   17.460 0 0   0
2    3.677   17.454 0 0   0
2    3.677   17.454 0 0   0
2    3.755   17.447 0 0   0
2    3.755   17.447 0 0   0
2    3.833   17.441 0 0   0
2    3.833   17.441 0 0   0
2    3.912   17.433 0 0   0
2    3.912   17.433 0 0   0
2    3.990   17.426 0 0   0
2    3.990   17.426 0 0   0
2    4.068   17.418 0 0   0
2    4.068   17.418 0 0   0
2    4.146   17.409 0 0   0
2    4.146   17.409 0 0   0
2    4.224   17.401 0 0   0
2    4.224   17.401 0 0   0
2    4.302   17.391 0 0   0
2    4.302   17.391 0 0   0
2    4.380   17.382 0 0   0
2    4.380   17.382 0 0   0
2    4.458   17.372 0 0   0
2    4.458   17.372 0 0   0
2    4.536   17.361 0 0   0
2    4.536   17.361 0 0   0
2    4.614   17.350 0 0   0
2    4.614   17.350 0 0   0
2    4.691   17.339 0 0   0
2    4.691   17.339 0 0   0
2    4.769   17.327 0 0   0
2    4.769   17.327 0 0   0
2    4.847   17.315 0 0   0
2    4.847   17.315 0 0   0
2    4.924   17.303 0 0   0
2    4.924   17.303 0 0   0
2    5.002   17.290 0 0   0
2    5.002   17.290 0 0   0
2    5.079   17.277 0 0   0
2    5.079   17.277 0 0   0
2    5.156   17.263 0 0   0
2    5.156   17.263 0 0   0
2    5.234   17.249 0 0   0
2    5.234   17.249 0 0   0
2    5.311   17.234 0 0   0
2    5.311   17.234 0 0   0
2    5.388   17.219 0 0   0
2    5.388   17.219 0 0   0
2    5.465   17.204 0 0   0
2    5.542   17.188 0 0   0
2    5.542   17.188 0 0   0
2    5.619   17.172 0 0   0
2    5.619   17.172 0 0   0
2    5.695   17.156 0 0   0
2    5.695   17.156 0 0   0
2    5.772   17.139 0 0   0
2    5.772   17.139 0 0   0
2    5.849   17.121 0 0   0
2    5.849   17.121 0 0   0
2    5.925   17.104 0 0   0
2    5.925   17.104 0 0   0
2    6.002   17.086 0 0   0
2    6.002   17.086 0 0   0
2    6.078   17.067 0 0   0
2    6.078   17.067 0 0   0
2    6.154   17.048 0 0   0
2    6.154   17.048 0 0   0
2    6.230   17.029 0 0   0
2    6.230   17.029 0 0   0
2    6.306   17.009 0 0   0
2    6.306   17.009 0 0   0
2    6.382   16.989 0 0   0
2    6.382   16.989 0 0   0
2    6.458   16.968 0 0   0
2    6.458   16.968 0 0   0
2    6.534   16.947 0 0   0
2    6.534   16.947 0 0   0
2    6.609   16.926 0 0   0
2    6.609   16.926 0 0   0
2    6.685   16.904 0 0   0
2    6.685   16.904 0 0   0
2    6.760   16.882 0 0   0
2    6.760   16.882 0 0   0
2    6.835   16.860 0 0   0
2    6.835   16.860 0 0   0
2    6.911   16.837 0 0   0
2    6.911   16.837 0 0   0
2    6.986   16.814 0 0   0
2    6.986   16.814 0 0   0
2    7.060   16.790 0 0   0
2    7.060   16.790 0 0   0
2    7.135   16.766 0 0   0
2    7.135   16.766 0 0   0
2    7.210   16.741 0 0   0
2    7.210   16.741 0 0   0
2    7.284   16.717 0 0   0
2    7.284   16.717 0 0   0
2    7.359   16.691 0 0   0
2    7.359   16.691 0 0   0
2    7.433   16.666 0 0   0
2    7.433   16.666 0 0   0
2    7.507   16.640 0 0   0
2    7.507   16.640 0 0   0
2    7.581   16.613 0 0   0
2    7.581   16.613 0 0   0
2    7.655   16.586 0 0   0
2    7.655   16.586 0 0   0
2    7.729   16.559 0 0   0
2    7.729   16.559 0 0   0
2    7.802   16.532 0 0   0
2    7.802   16.532 0 0   0
2    7.876   16.504 0 0   0
2    7.876   16.504 0 0   0
2    7.949   16.475 0 0   0
2    7.949   16.475 0 0   0
2    8.022   16.447 0 0   0
2    8.022   16.447 0 0   0
2    8.095   16.418 0 0   0
2    8.095   16.418 0 0   0
2    8.168   16.388 0 0   0
2    8.168   16.388 0 0   0
2    8.240   16.358 0 0   0
2    8.240   16.358 0 0   0
2    8.313   16.328 0 0   0
2    8.385   16.297 0 0   0
2    8.385   16.297 0 0   0
2    8.457   16.266 0 0   0
2    8.457   16.266 0 0   0
2    8.529   16.235 0 0   0
2    8.529   16.235 0 0   0
2    8.601   16.203 0 0   0
2    8.601   16.203 0 0   0
2    8.673   16.171 0 0   0
2    8.673   16.171 0 0   0
2    8.744   16.139 0 0   0
2    8.744   16.139 0 0   0
2    8.816   16.106 0 0   0
2    8.816   16.106 0 0   0
2    8.887   16.072 0 0   0
2    8.887   16.072 0 0   0
2    8.958   16.039 0 0   0
2    8.958   16.039 0 0   0
2    9.028   16.005 0 0   0
2    9.028   16.005 0 0   0
2    9.099   15.970 0 0   0
2    9.099   15.970 0 0   0
2    9.170   15.936 0 0   0
2    9.170   15.936 0 0   0
2    9.240   15.901 0 0   0
2    9.240   15.901 0 0   0
2    9.310   15.865 0 0   0
2    9.310   15.865 0 0   0
2    9.380   15.829 0 0   0
2    9.380   15.829 0 0   0
2    9.449   15.793 0 0   0
2    9.449   15.793 0 0   0
2    9.519   15.756 0 0   0
2    9.519   15.756 0 0   0
2    9.588   15.720 0 0   0
2    9.588   15.720 0 0   0
2    9.657   15.682 0 0   0
2    9.657   15.682 0 0   0
2    9.726   15.645 0 0   0
2    9.726   15.645 0 0   0
2    9.795   15.607 0 0   0
2    9.795   15.607 0 0   0
2    9.864   15.568 0 0   0
2    9.864   15.568 0 0   0
2    9.932   15.529 0 0   0
2    9.932   15.529 0 0   0
2   10.000   15.490 0 0   0
2   10.000   15.490 0 0   0
2   10.068   15.451 0 0   0
2   10.068   15.451 0 0   0
2   10.136   15.411 0 0   0
2   10.136   15.411 0 0   0
2   10.203   15.371 0 0   0
2   10.203   15.371 0 0   0
2   10.270   15.330 0 0   0
2   10.270   15.330 0 0   0
2   10.337   15.290 0 0   0
2   10.337   15.290 0 0   0
2   10.404   15.248 0 0   0
2   10.404   15.248 0 0   0
2   10.471   15.207 0 0   0
2   10.471   15.207 0 0   0
2   10.537   15.165 0 0   0
2   10.537   15.165 0 0   0
2   10.604   15.123 0 0   0
2   10.604   15.123 0 0   0
2   10.670   15.080 0 0   0
2   10.670   15.080 0 0   0
2   10.735   15.037 0 0   0
2   10.735   15.037 0 0   0
2   10.801   14.994 0 0   0
2   10.801   14.994 0 0   0
2   10.866   14.950 0 0   0
2   10.866   14.950 0 0   0
2   10.931   14.906 0 0   0
2   10.996   14.862 0 0   0
2   10.996   14.862 0 0   0
2   11.061   14.817 0 0   0
2   11.061   14.817 0 0   0
2   11.125   14.772 0 0   0
2   11.125   14.772 0 0   0
2   11.189   14.727 0 0   0
2   11.189   14.727 0 0   0
2   11.253   14.681 0 0   0
2   11.253   14.681 0 0   0
2   11.317   14.635 0 0   0
2   11.317   14.635 0 0   0
2   11.380   14.589 0 0   0
2   11.380   14.589 0 0   0
2   11.443   14.542 0 0   0
2   11.443   14.542 0 0   0
2   11.506   14.495 0 0   0
2   11.506   14.495 0 0   0
2   11.569   14.448 0 0   0
2   11.569   14.448 0 0   0
2   11.631   14.400 0 0   0
2   11.631   14.400 0 0   0
2   11.694   14.352 0 0   0
2   11.694   14.352 0 0   0
2   11.756   14.304 0 0   0
2   11.756   14.304 0 0   0
2   11.817   14.255 0 0   0
2   11.817   14.255 0 0   0
2   11.879   14.206 0 0   0
2   11.879   14.206 0 0   0
2   11.940   14.157 0 0   0
2   11.940   14.157 0 0   0
2   12.001   14.108 0 0   0
2   12.001   14.108 0 0   0
2   12.061   14.058 0 0   0
2   12.061   14.058 0 0   0
2   12.122   14.007 0 0   0
2   12.122   14.007 0 0   0
2   12.182   13.957 0 0   0
2   12.182   13.957 0 0   0
2   12.242   13.906 0 0   0
2   12.242   13.906 0 0   0
2   12.301   13.855 0 0   0
2   12.301   13.855 0 0   0
2   12.361   13.803 0 0   0
2   12.361   13.803 0 0   0
2   12.420   13.752 0 0   0
2   12.420   13.752 0 0   0
2   12.478   13.700 0 0   0
2   12.478   13.700 0 0   0
2   12.537   13.647 0 0   0
2   12.537   13.647 0 0   0
2   12.595   13.594 0 0   0
2   12.595   13.594 0 0   0
2   12.653   13.541 0 0   0
2   12.653   13.541 0 0   0
2   12.711   13.488 0 0   0
2   12.711   13.488 0 0   0
2   12.768   13.435 0 0   0
2   12.768   13.435 0 0   0
2   12.825   13.381 0 0   0
2   12.825   13.381 0 0   0
2   12.882   13.326 0 0   0
2   12.882   13.326 0 0   0
2   12.939   13.272 0 0   0
2   12.939   13.272 0 0   0
2   12.995   13.217 0 0   0
2   12.995   13.217 0 0   0
2   13.051   13.162 0 0   0
2   13.051   13.162 0 0   0
6   13.084   13.102    0.000    0.150   1
1
3   13.051   13.162 0 0   0
2   13.107   13.107 0 0   0
2   13.162   13.051 0 0   0
2   13.162   13.051 0 0   0
2   13.217   12.995 0 0   0
2   13.217   12.995 0 0   0
2   13.272   12.939 0 0   0
2   13.272   12.939 0 0   0
2   13.326   12.882 0 0   0
2   13.326   12.882 0 0   0
2   13.381   12.825 0 0   0
2   13.381   12.825 0 0   0
2   13.435   12.768 0 0   0
2   13.435   12.768 0 0   0
2   13.488   12.711 0 0   0
2   13.488   12.711 0 0   0
2   13.541   12.653 0 0   0
2   13.541   12.653 0 0   0
2   13.594   12.595 0 0   0
2   13.594   12.595 0 0   0
2   13.647   12.537 0 0   0
2   13.647   12.537 0 0   0
2   13.700   12.478 0 0   0
2   13.700   12.478 0 0   0
2   13.752   12.420 0 0   0
2   13.752   12.420 0 0   0
2   13.803   12.361 0 0   0
2   13.803   12.361 0 0   0
2   13.855   12.301 0 0   0
2   13.855   12.301 0 0   0
2   13.906   12.242 0 0   0
2   13.906   12.242 0 0   0
2   13.957   12.182 0 0   0
2   13.957   12.182 0 0   0
2   14.007   12.122 0 0   0
2   14.007   12.122 0 0   0
2   14.058   12.061 0 0   0
2   14.058   12.061 0 0   0
2   14.108   12.001 0 0   0
2   14.108   12.001 0 0   0
2   14.157   11.940 0 0   0
2   14.157   11.940 0 0   0
2   14.206   11.879 0 0   0
2   14.206   11.879 0 0   0
2   14.255   11.817 0 0   0
2   14.255   11.817 0 0   0
2   14.304   11.756 0 0   0
2   14.304   11.756 0 0   0
2   14.352   11.694 0 0   0
2   14.352   11.694 0 0   0
2   14.400   11.631 0 0   0
2   14.400   11.631 0 0   0
2   14.448   11.569 0 0   0
2   14.448   11.569 0 0   0
2   14.495   11.506 0 0   0
2   14.495   11.506 0 0   0
2   14.542   11.443 0 0   0
2   14.542   11.443 0 0   0
2   14.589   11.380 0 0   0
2   14.589   11.380 0 0   0
2   14.635   11.317 0 0   0
2   14.635   11.317 0 0   0
2   14.681   11.253 0 0   0
2   14.681   11.253 0 0   0
2   14.727   11.189 0 0   0
2   14.727   11.189 0 0   0
2   14.772   11.125 0 0   0
2   14.772   11.125 0 0   0
2   14.817   11.061 0 0   0
2   14.817   11.061 0 0   0
2   14.862   10.996 0 0   0
2   14.862   10.996 0 0   0
2   14.906   10.931 0 0   0
2   14.950   10.866 0 0   0
2   14.950   10.866 0 0   0
2   14.994   10.801 0 0   0
2   14.994   10.801 0 0   0
2   15.037   10.735 0 0   0
2   15.037   10.735 0 0   0
2   15.080   10.670 0 0   0
2   15.080   10.670 0 0   0
2   15.123   10.604 0 0   0
2   15.123   10.604 0 0   0
2   15.165   10.537 0 0   0
2   15.165   10.537 0 0   0
2   15.207   10.471 0 0   0
2   15.207   10.471 0 0   0
2   15.248   10.404 0 0   0
2   15.248   10.404 0 0   0
2   15.290   10.337 0 0   0
2   15.290   10.337 0 0   0
2   15.330   10.270 0 0   0
2   15.330   10.270 0 0   0
2   15.371   10.203 0 0   0
2   15.371   10.203 0 0   0
2   15.411   10.136 0 0   0
2   15.411   10.136 0 0   0
2   15.451   10.068 0 0   0
2   15.451   10.068 0 0   0
2   15.490   10.000 0 0   0
2   15.490   10.000 0 0   0
2   15.529    9.932 0 0   0
2   15.529    9.932 0 0   0
2   15.568    9.864 0 0   0
2   15.568    9.864 0 0   0
2   15.607    9.795 0 0   0
2   15.607    9.795 0 0   0
2   15.645    9.726 0 0   0
2   15.645    9.726 0 0   0
2   15.682    9.657 0 0   0
2   15.682    9.657 0 0   0
2   15.720    9.588 0 0   0
2   15.720    9.588 0 0   0
2   15.756    9.519 0 0   0
2   15.756    9.519 0 0   0
2   15.793    9.449 0 0   0
2   15.793    9.449 0 0   0
2   15.829    9.380 0 0   0
2   15.829    9.380 0 0   0
2   15.865    9.310 0 0   0
2   15.865    9.310 0 0   0
2   15.901    9.240 0 0   0
2   15.901    9.240 0 0   0
2   15.936    9.170 0 0   0
2   15.936    9.170 0 0   0
2   15.970    9.099 0 0   0
2   15.970    9.099 0 0   0
2   16.005    9.028 0 0   0
2   16.005    9.028 0 0   0
2   16.039    8.958 0 0   0
2   16.039    8.958 0 0   0
2   16.072    8.887 0 0   0
2   16.072    8.887 0 0   0
2   16.106    8.816 0 0   0
2   16.106    8.816 0 0   0
2   16.139    8.744 0 0   0
2   16.139    8.744 0 0   0
2   16.171    8.673 0 0   0
2   16.171    8.673 0 0   0
2   16.203    8.601 0 0   0
2   16.203    8.601 0 0   0
2   16.235    8.529 0 0   0
2   16.235    8.529 0 0   0
2   16.266    8.457 0 0   0
2   16.266    8.457 0 0   0
2   16.297    8.385 0 0   0
2   16.297    8.385 0 0   0
2   16.328    8.313 0 0   0
2   16.358    8.240 0 0   0
2   16.358    8.240 0 0   0
2   16.388    8.168 0 0   0
2   16.388    8.168 0 0   0
2   16.418    8.095 0 0   0
2   16.418    8.095 0 0   0
2   16.447    8.022 0 0   0
2   16.447    8.022 0 0   0
2   16.475    7.949 0 0   0
2   16.475    7.949 0 0   0
2   16.504    7.876 0 0   0
2   16.504    7.876 0 0   0
2   16.532    7.802 0 0   0
2   16.532    7.802 0 0   0
2   16.559    7.729 0 0   0
2   16.559    7.729 0 0   0
2   16.586    7.655 0 0   0
2   16.586    7.655 0 0   0
2   16.613    7.581 0 0   0
2   16.613    7.581 0 0   0
2   16.640    7.507 0 0   0
2   16.640    7.507 0 0   0
2   16.666    7.433 0 0   0
2   16.666    7.433 0 0   0
2   16.691    7.359 0 0   0
2   16.691    7.359 0 0   0
2   16.717    7.284 0 0   0
2   16.717    7.284 0 0   0
2   16.741    7.210 0 0   0
2   16.741    7.210 0 0   0
2   16.766    7.135 0 0   0
2   16.766    7.135 0 0   0
2   16.790    7.060 0 0   0
2   16.790    7.060 0 0   0
2   16.814    6.986 0 0   0
2   16.814    6.986 0 0   0
2   16.837    6.911 0 0   0
2   16.837    6.911 0 0   0
2   16.860    6.835 0 0   0
2   16.860    6.835 0 0   0
2   16.882    6.760 0 0   0
2   16.882    6.760 0 0   0
2   16.904    6.685 0 0   0
2   16.904    6.685 0 0   0
2   16.926    6.609 0 0   0
2   16.926    6.609 0 0   0
2   16.947    6.534 0 0   0
2   16.947    6.534 0 0   0
2   16.968    6.458 0 0   0
2   16.968    6.458 0 0   0
2   16.989    6.382 0 0   0
2   16.989    6.382 0 0   0
2   17.009    6.306 0 0   0
2   17.009    6.306 0 0   0
2   17.029    6.230 0 0   0
2   17.029    6.230 0 0   0
2   17.048    6.154 0 0   0
2   17.048    6.154 0 0   0
2   17.067    6.078 0 0   0
2   17.067    6.078 0 0   0
2   17.086    6.002 0 0   0
2   17.086    6.002 0 0   0
2   17.104    5.925 0 0   0
2   17.104    5.925 0 0   0
2   17.121    5.849 0 0   0
2   17.121    5.849 0 0   0
2   17.139    5.772 0 0   0
2   17.139    5.772 0 0   0
2   17.156    5.695 0 0   0
2   17.156    5.695 0 0   0
2   17.172    5.619 0 0   0
2   17.172    5.619 0 0   0
2   17.188    5.542 0 0   0
2   17.188    5.542 0 0   0
2   17.204    5.465 0 0   0
2   17.219    5.388 0 0   0
2   17.219    5.388 0 0   0
2   17.234    5.311 0 0   0
2   17.234    5.311 0 0   0
2   17.249    5.234 0 0   0
2   17.249    5.234 0 0   0
2   17.263    5.156 0 0   0
2   17.263    5.156 0 0   0
2   17.277    5.079 0 0   0
2   17.277    5.079 0 0   0
2   17.290    5.002 0 0   0
2   17.290    5.002 0 0   0
2   17.303    4.924 0 0   0
2   17.303    4.924 0 0   0
2   17.315    4.847 0 0   0
2   17.315    4.847 0 0   0
2   17.327    4.769 0 0   0
2   17.327    4.769 0 0   0
2   17.339    4.691 0 0   0
2   17.339    4.691 0 0   0
2   17.350    4.614 0 0   0
2   17.350    4.614 0 0   0
2   17.361    4.536 0 0   0
2   17.361    4.536 0 0   0
2   17.372    4.458 0 0   0
2   17.372    4.458 0 0   0
2   17.382    4.380 0 0   0
2   17.382    4.380 0 0   0
2   17.391    4.302 0 0   0
2   17.391    4.302 0 0   0
2   17.401    4.224 0 0   0
2   17.401    4.224 0 0   0
2   17.409    4.146 0 0   0
2   17.409    4.146 0 0   0
2   17.418    4.068 0 0   0
2   17.418    4.068 0 0   0
2   17.426    3.990 0 0   0
2   17.426    3.990 0 0   0
2   17.433    3.912 0 0   0
2   17.433    3.912 0 0   0
2   17.441    3.833 0 0   0
2   17.441    3.833 0 0   0
2   17.447    3.755 0 0   0
2   17.447    3.755 0 0   0
2   17.454    3.677 0 0   0
2   17.454    3.677 0 0   0
2   17.460    3.599 0 0   0
2   17.460    3.599 0 0   0
2   17.465    3.520 0 0   0
2   17.465    3.520 0 0   0
2   17.470    3.442 0 0   0
2   17.470    3.442 0 0   0
2   17.475    3.363 0 0   0
2   17.475    3.363 0 0   0
2   17.479    3.285 0 0   0
2   17.479    3.285 0 0   0
2   17.483    3.207 0 0   0
2   17.483    3.207 0 0   0
2   17.487    3.128 0 0   0
2   17.487    3.128 0 0   0
2   17.490    3.050 0 0   0
2   17.490    3.050 0 0   0
2   17.493    2.971 0 0   0
2   17.493    2.971 0 0   0
2   17.495    2.893 0 0   0
2   17.495    2.893 0 0   0
2   17.497    2.814 0 0   0
2   17.497    2.814 0 0   0
2   17.498    2.736 0 0   0
2   17.498    2.736 0 0   0
2   17.499    2.657 0 0   0
2   17.499    2.657 0 0   0
2   17.500    2.579 0 0   0
2   17.500    2.579 0 0   0
2   17.500    2.500 0 0   0
3    2.500   15.800 0 0   0
2    2.500   15.800 0 0   0
2    2.571   15.800 0 0   0
2    2.613   15.799 0 0   0
2    2.686   15.799 0 0   0
2    2.727   15.798 0 0   0
2    2.803   15.796 0 0   0
2    2.839   15.796 0 0   0
2    2.917   15.793 0 0   0
2    2.953   15.792 0 0   0
2    3.033   15.789 0 0   0
2    3.066   15.788 0 0   0
2    3.148   15.784 0 0   0
2    3.180   15.783 0 0   0
2    3.264   15.778 0 0   0
2    3.292   15.776 0 0   0
2    3.378   15.771 0 0   0
2    3.405   15.769 0 0   0
2    3.493   15.763 0 0   0
2    3.517   15.761 0 0   0
2    3.607   15.754 0 0   0
2    3.630   15.752 0 0   0
2    3.722   15.744 0 0   0
2    3.742   15.742 0 0   0
2    3.835   15.733 0 0   0
2    3.854   15.731 0 0   0
2    3.950   15.721 0 0   0
2    3.966   15.719 0 0   0
2    4.063   15.708 0 0   0
2    4.078   15.706 0 0   0
2    4.177   15.694 0 0   0
2    4.189   15.692 0 0   0
2    4.290   15.679 0 0   0
2    4.301   15.677 0 0   0
2    4.404   15.663 0 0   0
2    4.412   15.662 0 0   0
2    4.516   15.646 0 0   0
2    4.523   15.645 0 0   0
2    4.629   15.628 0 0   0
2    4.633   15.628 0 0   0
2    4.742   15.610 0 0   0
2    4.744   15.609 0 0   0
2    4.854   15.590 0 0   0
2    4.854   15.590 0 0   0
2    4.875   15.586 0 0   0
2    4.965   15.570 0 0   0
2    4.966   15.569 0 0   0
2    5.074   15.548 0 0   0
2    5.078   15.548 0 0   0
2    5.184   15.526 0 0   0
2    5.189   15.525 0 0   0
2    5.293   15.503 0 0   0
2    5.300   15.502 0 0   0
2    5.403   15.479 0 0   0
2    5.411   15.477 0 0   0
2    5.511   15.455 0 0   0
2    5.522   15.452 0 0   0
2    5.620   15.429 0 0   0
2    5.632   15.426 0 0   0
2    5.728   15.402 0 0   0
2    5.742   15.399 0 0   0
2    5.837   15.375 0 0   0
2    5.852   15.371 0 0   0
2    5.944   15.346 0 0   0
2    5.961   15.342 0 0   0
2    6.052   15.317 0 0   0
2    6.070   15.312 0 0   0
2    6.159   15.287 0 0   0
2    6.179   15.281 0 0   0
2    6.266   15.255 0 0   0
2    6.287   15.249 0 0   0
2    6.372   15.224 0 0   0
2    6.396   15.217 0 0   0
2    6.479   15.191 0 0   0
2    6.503   15.183 0 0   0
2    6.527   15.175 0 0   0
2    6.610   15.149 0 0   0
2    6.637   15.140 0 0   0
2    6.718   15.113 0 0   0
2    6.745   15.104 0 0   0
2    6.824   15.078 0 0   0
2    6.853   15.067 0 0   0
2    6.931   15.040 0 0   0
2    6.960   15.030 0 0   0
2    7.036   15.003 0 0   0
2    7.068   14.991 0 0   0
2    7.142   14.963 0 0   0
2    7.174   14.951 0 0   0
2    7.246   14.924 0 0   0
2    7.282   14.911 0 0   0
2    7.352   14.883 0 0   0
2    7.387   14.870 0 0   0
2    7.456   14.842 0 0   0
2    7.493   14.827 0 0   0
2    7.561   14.800 0 0   0
2    7.598   14.784 0 0   0
2    7.663   14.757 0 0   0
2    7.703   14.740 0 0   0
2    7.767   14.712 0 0   0
2    7.807   14.695 0 0   0
2    7.869   14.668 0 0   0
2    7.911   14.649 0 0   0
2    7.973   14.622 0 0   0
2    8.014   14.603 0 0   0
2    8.074   14.576 0 0   0
2    8.118   14.555 0 0   0
2    8.176   14.528 0 0   0
2    8.219   14.508 0 0   0
2    8.276   14.480 0 0   0
2    8.322   14.458 0 0   0
2    8.378   14.431 0 0   0
2    8.422   14.409 0 0   0
2    8.477   14.381 0 0   0
2    8.524   14.357 0 0   0
2    8.578   14.330 0 0   0
2    8.624   14.306 0 0   0
2    8.676   14.279 0 0   0
2    8.725   14.253 0 0   0
2    8.776   14.226 0 0   0
2    8.823   14.200 0 0   0
2    8.873   14.173 0 0   0
2    8.924   14.146 0 0   0
2    8.972   14.119 0 0   0
2    9.021   14.092 0 0   0
2    9.069   14.065 0 0   0
2    9.120   14.035 0 0   0
2    9.167   14.008 0 0   0
2    9.217   13.979 0 0   0
2    9.262   13.952 0 0   0
2    9.315   13.921 0 0   0
2    9.359   13.895 0 0   0
2    9.410   13.864 0 0   0
2    9.454   13.837 0 0   0
2    9.507   13.804 0 0   0
2    9.550   13.778 0 0   0
2    9.601   13.745 0 0   0
2    9.643   13.719 0 0   0
2    9.697   13.684 0 0   0
2    9.738   13.658 0 0   0
2    9.791   13.624 0 0   0
2    9.831   13.597 0 0   0
2    9.886   13.561 0 0   0
2    9.925   13.535 0 0   0
2    9.978   13.499 0 0   0
2   10.016   13.472 0 0   0
2   10.071   13.434 0 0   0
2   10.109   13.408 0 0   0
2   10.162   13.371 0 0   0
2   10.199   13.345 0 0   0
2   10.255   13.305 0 0   0
2   10.291   13.279 0 0   0
2   10.345   13.240 0 0   0
2   10.399   13.200 0 0   0
2   10.434   13.174 0 0   0
2   10.490   13.132 0 0   0
2   10.525   13.106 0 0   0
2   10.579   13.065 0 0   0
2   10.613   13.039 0 0   0
2   10.669   12.995 0 0   0
2   10.703   12.969 0 0   0
2   10.757   12.927 0 0   0
2   10.790   12.900 0 0   0
2   10.846   12.855 0 0   0
2   10.878   12.829 0 0   0
2   10.932   12.785 0 0   0
2   10.964   12.759 0 0   0
2   11.020   12.713 0 0   0
2   11.051   12.686 0 0   0
2   11.105   12.641 0 0   0
2   11.136   12.615 0 0   0
2   11.191   12.567 0 0   0
2   11.222   12.541 0 0   0
2   11.275   12.494 0 0   0
2   11.305   12.468 0 0   0
2   11.360   12.419 0 0   0
2   11.390   12.392 0 0   0
2   11.443   12.345 0 0   0
2   11.472   12.318 0 0   0
2   11.527   12.268 0 0   0
2   11.556   12.241 0 0   0
2   11.608   12.192 0 0   0
2   11.636   12.165 0 0   0
2   11.690   12.114 0 0   0
2   11.719   12.087 0 0   0
2   11.770   12.037 0 0   0
2   11.798   12.010 0 0   0
2   11.851   11.957 0 0   0
6   11.870   11.911    0.000    0.150   1
2
3   11.851   11.957 0 0   0
2   11.879   11.930 0 0   0
2   11.930   11.879 0 0   0
2   11.957   11.851 0 0   0
2   12.010   11.798 0 0   0
2   12.037   11.770 0 0   0
2   12.087   11.719 0 0   0
2   12.114   11.690 0 0   0
2   12.165   11.636 0 0   0
2   12.192   11.608 0 0   0
2   12.241   11.556 0 0   0
2   12.268   11.527 0 0   0
2   12.318   11.472 0 0   0
2   12.345   11.443 0 0   0
2   12.392   11.390 0 0   0
2   12.419   11.360 0 0   0
2   12.468   11.305 0 0   0
2   12.494   11.275 0 0   0
2   12.541   11.222 0 0   0
2   12.567   11.191 0 0   0
2   12.615   11.136 0 0   0
2   12.641   11.105 0 0   0
2   12.686   11.051 0 0   0
2   12.713   11.020 0 0   0
2   12.759   10.964 0 0   0
2   12.785   10.932 0 0   0
2   12.829   10.878 0 0   0
2   12.855   10.846 0 0   0
2   12.900   10.790 0 0   0
2   12.927   10.757 0 0   0
2   12.969   10.703 0 0   0
2   12.995   10.669 0 0   0
2   13.039   10.613 0 0   0
2   13.065   10.579 0 0   0
2   13.106   10.525 0 0   0
2   13.132   10.490 0 0   0
2   13.174   10.434 0 0   0
2   13.200   10.399 0 0   0
2   13.240   10.345 0 0   0
2   13.279   10.291 0 0   0
2   13.305   10.255 0 0   0
2   13.345   10.199 0 0   0
2   13.371   10.162 0 0   0
2   13.408   10.109 0 0   0
2   13.434   10.071 0 0   0
2   13.472   10.016 0 0   0
2   13.499    9.978 0 0   0
2   13.535    9.925 0 0   0
2   13.561    9.886 0 0   0
2   13.597    9.831 0 0   0
2   13.624    9.791 0 0   0
2   13.658    9.738 0 0   0
2   13.684    9.697 0 0   0
2   13.719    9.643 0 0   0
2   13.745    9.601 0 0   0
2   13.778    9.550 0 0   0
2   13.804    9.507 0 0   0
2   13.837    9.454 0 0   0
2   13.864    9.410 0 0   0
2   13.895    9.359 0 0   0
2   13.921    9.315 0 0   0
2   13.952    9.262 0 0   0
2   13.979    9.217 0 0   0
2   14.008    9.167 0 0   0
2   14.035    9.120 0 0   0
2   14.065    9.069 0 0   0
2   14.092    9.021 0 0   0
2   14.119    8.972 0 0   0
2   14.146    8.924 0 0   0
2   14.173    8.873 0 0   0
2   14.200    8.823 0 0   0
2   14.226    8.776 0 0   0
2   14.253    8.725 0 0   0
2   14.279    8.676 0 0   0
2   14.306    8.624 0 0   0
2   14.330    8.578 0 0   0
2   14.357    8.524 0 0   0
2   14.381    8.477 0 0   0
2   14.409    8.422 0 0   0
2   14.431    8.378 0 0   0
2   14.458    8.322 0 0   0
2   14.480    8.276 0 0   0
2   14.508    8.219 0 0   0
2   14.528    8.176 0 0   0
2   14.555    8.118 0 0   0
2   14.576    8.074 0 0   0
2   14.603    8.014 0 0   0
2   14.622    7.973 0 0   0
2   14.649    7.911 0 0   0
2   14.668    7.869 0 0   0
2   14.695    7.807 0 0   0
2   14.712    7.767 0 0   0
2   14.740    7.703 0 0   0
2   14.757    7.663 0 0   0
2   14.784    7.598 0 0   0
2   14.800    7.561 0 0   0
2   14.827    7.493 0 0   0
2   14.842    7.456 0 0   0
2   14.870    7.387 0 0   0
2   14.883    7.352 0 0   0
2   14.911    7.282 0 0   0
2   14.924    7.246 0 0   0
2   14.951    7.174 0 0   0
2   14.963    7.142 0 0   0
2   14.991    7.068 0 0   0
2   15.003    7.036 0 0   0
2   15.030    6.960 0 0   0
2   15.040    6.931 0 0   0
2   15.067    6.853 0 0   0
2   15.078    6.824 0 0   0
2   15.104    6.745 0 0   0
2   15.113    6.718 0 0   0
2   15.140    6.637 0 0   0
2   15.149    6.610 0 0   0
2   15.175    6.527 0 0   0
2   15.183    6.503 0 0   0
2   15.191    6.479 0 0   0
2   15.217    6.396 0 0   0
2   15.224    6.372 0 0   0
2   15.249    6.287 0 0   0
2   15.255    6.266 0 0   0
2   15.281    6.179 0 0   0
2   15.287    6.159 0 0   0
2   15.312    6.070 0 0   0
2   15.317    6.052 0 0   0
2   15.342    5.961 0 0   0
2   15.346    5.944 0 0   0
2   15.371    5.852 0 0   0
2   15.375    5.837 0 0   0
2   15.399    5.742 0 0   0
2   15.402    5.728 0 0   0
2   15.426    5.632 0 0   0
2   15.429    5.620 0 0   0
2   15.452    5.522 0 0   0
2   15.455    5.511 0 0   0
2   15.477    5.411 0 0   0
2   15.479    5.403 0 0   0
2   15.502    5.300 0 0   0
2   15.503    5.293 0 0   0
2   15.525    5.189 0 0   0
2   15.526    5.184 0 0   0
2   15.548    5.078 0 0   0
2   15.548    5.074 0 0   0
2   15.569    4.966 0 0   0
2   15.570    4.965 0 0   0
2   15.586    4.875 0 0   0
2   15.590    4.854 0 0   0
2   15.590    4.854 0 0   0
2   15.609    4.744 0 0   0
2   15.610    4.742 0 0   0
2   15.628    4.633 0 0   0
2   15.628    4.629 0 0   0
2   15.645    4.523 0 0   0
2   15.646    4.516 0 0   0
2   15.662    4.412 0 0   0
2   15.663    4.404 0 0   0
2   15.677    4.301 0 0   0
2   15.679    4.290 0 0   0
2   15.692    4.189 0 0   0
2   15.694    4.177 0 0   0
2   15.706    4.078 0 0   0
2   15.708    4.063 0 0   0
2   15.719    3.966 0 0   0
2   15.721    3.950 0 0   0
2   15.731    3.854 0 0   0
2   15.733    3.835 0 0   0
2   15.742    3.742 0 0   0
2   15.744    3.722 0 0   0
2   15.752    3.630 0 0   0
2   15.754    3.607 0 0   0
2   15.761    3.517 0 0   0
2   15.763    3.493 0 0   0
2   15.769    3.405 0 0   0
2   15.771    3.378 0 0   0
2   15.776    3.292 0 0   0
2   15.778    3.264 0 0   0
2   15.783    3.180 0 0   0
2   15.784    3.148 0 0   0
2   15.788    3.066 0 0   0
2   15.789    3.033 0 0   0
2   15.792    2.953 0 0   0
2   15.793    2.917 0 0   0
2   15.796    2.839 0 0   0
2   15.796    2.803 0 0   0
2   15.798    2.727 0 0   0
2   15.799    2.686 0 0   0
2   15.799    2.613 0 0   0
2   15.800    2.571 0 0   0
2   15.800    2.500 0 0   0
3    2.500   14.293 0 0   0
2    2.500   14.293 0 0   0
2    2.562   14.292 0 0   0
2    2.640   14.292 0 0   0
2    2.705   14.291 0 0   0
2    2.783   14.289 0 0   0
2    2.850   14.287 0 0   0
2    2.923   14.285 0 0   0
2    2.992   14.282 0 0   0
2    3.066   14.279 0 0   0
2    3.136   14.275 0 0   0
2    3.205   14.271 0 0   0
2    3.278   14.267 0 0   0
2    3.348   14.262 0 0   0
2    3.422   14.256 0 0   0
2    3.487   14.251 0 0   0
2    3.563   14.244 0 0   0
2    3.629   14.238 0 0   0
2    3.707   14.231 0 0   0
2    3.768   14.224 0 0   0
2    3.848   14.215 0 0   0
2    3.909   14.208 0 0   0
2    3.991   14.198 0 0   0
2    4.047   14.191 0 0   0
2    4.131   14.179 0 0   0
2    4.188   14.171 0 0   0
2    4.274   14.158 0 0   0
2    4.326   14.150 0 0   0
2    4.413   14.136 0 0   0
2    4.466   14.127 0 0   0
2    4.555   14.112 0 0   0
2    4.603   14.103 0 0   0
2    4.694   14.087 0 0   0
2    4.743   14.077 0 0   0
2    4.835   14.059 0 0   0
2    4.879   14.050 0 0   0
2    4.973   14.030 0 0   0
2    5.018   14.021 0 0   0
2    5.113   13.999 0 0   0
2    5.154   13.990 0 0   0
2    5.250   13.967 0 0   0
2    5.291   13.957 0 0   0
2    5.389   13.933 0 0   0
2    5.426   13.924 0 0   0
2    5.525   13.898 0 0   0
2    5.563   13.888 0 0   0
2    5.663   13.860 0 0   0
2    5.697   13.851 0 0   0
2    5.798   13.822 0 0   0
2    5.832   13.812 0 0   0
2    5.935   13.781 0 0   0
2    5.965   13.772 0 0   0
2    6.069   13.739 0 0   0
2    6.100   13.730 0 0   0
2    6.205   13.695 0 0   0
2    6.232   13.686 0 0   0
2    6.338   13.650 0 0   0
2    6.365   13.641 0 0   0
2    6.472   13.603 0 0   0
2    6.496   13.595 0 0   0
2    6.604   13.555 0 0   0
2    6.628   13.546 0 0   0
2    6.737   13.505 0 0   0
2    6.758   13.497 0 0   0
2    6.868   13.454 0 0   0
2    6.979   13.409 0 0   0
2    6.998   13.401 0 0   0
2    7.110   13.354 0 0   0
2    7.129   13.346 0 0   0
2    7.241   13.297 0 0   0
2    7.258   13.290 0 0   0
2    7.371   13.240 0 0   0
2    7.387   13.232 0 0   0
2    7.501   13.180 0 0   0
2    7.514   13.173 0 0   0
2    7.628   13.119 0 0   0
2    7.642   13.112 0 0   0
2    7.756   13.056 0 0   0
2    7.768   13.051 0 0   0
2    7.882   12.992 0 0   0
2    7.894   12.987 0 0   0
2    8.009   12.927 0 0   0
2    8.018   12.922 0 0   0
2    8.133   12.860 0 0   0
2    8.142   12.855 0 0   0
2    8.258   12.791 0 0   0
2    8.265   12.787 0 0   0
2    8.381   12.722 0 0   0
2    8.388   12.717 0 0   0
2    8.504   12.650 0 0   0
2    8.509   12.647 0 0   0
2    8.624   12.577 0 0   0
2    8.630   12.574 0 0   0
2    8.745   12.503 0 0   0
2    8.749   12.501 0 0   0
2    8.864   12.428 0 0   0
2    8.868   12.425 0 0   0
2    8.983   12.350 0 0   0
2    8.986   12.349 0 0   0
2    9.101   12.272 0 0   0
2    9.103   12.270 0 0   0
2    9.218   12.192 0 0   0
2    9.219   12.191 0 0   0
2    9.333   12.111 0 0   0
2    9.334   12.110 0 0   0
2    9.448   12.029 0 0   0
2    9.448   12.028 0 0   0
2    9.561   11.945 0 0   0
2    9.561   11.945 0 0   0
2    9.597   11.918 0 0   0
2    9.673   11.860 0 0   0
2    9.674   11.860 0 0   0
2    9.784   11.774 0 0   0
2    9.785   11.773 0 0   0
2    9.894   11.686 0 0   0
2    9.895   11.685 0 0   0
2   10.003   11.597 0 0   0
2   10.005   11.596 0 0   0
2   10.111   11.508 0 0   0
2   10.113   11.506 0 0   0
2   10.218   11.416 0 0   0
2   10.220   11.414 0 0   0
2   10.324   11.324 0 0   0
2   10.326   11.321 0 0   0
2   10.429   11.229 0 0   0
2   10.431   11.227 0 0   0
2   10.532   11.134 0 0   0
2   10.534   11.132 0 0   0
2   10.635   11.037 0 0   0
2   10.637   11.035 0 0   0
2   10.736   10.940 0 0   0
2   10.738   10.937 0 0   0
2   10.837   10.840 0 0   0
6   10.842   10.807    0.000    0.150   1
3
3   10.837   10.840 0 0   0
2   10.839   10.839 0 0   0
2   10.840   10.837 0 0   0
2   10.937   10.738 0 0   0
2   10.940   10.736 0 0   0
2   11.035   10.637 0 0   0
2   11.037   10.635 0 0   0
2   11.132   10.534 0 0   0
2   11.134   10.532 0 0   0
2   11.227   10.431 0 0   0
2   11.229   10.429 0 0   0
2   11.321   10.326 0 0   0
2   11.324   10.324 0 0   0
2   11.414   10.220 0 0   0
2   11.416   10.218 0 0   0
2   11.506   10.113 0 0   0
2   11.508   10.111 0 0   0
2   11.596   10.005 0 0   0
2   11.597   10.003 0 0   0
2   11.685    9.895 0 0   0
2   11.686    9.894 0 0   0
2   11.773    9.785 0 0   0
2   11.774    9.784 0 0   0
2   11.860    9.674 0 0   0
2   11.860    9.673 0 0   0
2   11.918    9.597 0 0   0
2   11.945    9.561 0 0   0
2   11.945    9.561 0 0   0
2   12.028    9.448 0 0   0
2   12.029    9.448 0 0   0
2   12.110    9.334 0 0   0
2   12.111    9.333 0 0   0
2   12.191    9.219 0 0   0
2   12.192    9.218 0 0   0
2   12.270    9.103 0 0   0
2   12.272    9.101 0 0   0
2   12.349    8.986 0 0   0
2   12.350    8.983 0 0   0
2   12.425    8.868 0 0   0
2   12.428    8.864 0 0   0
2   12.501    8.749 0 0   0
2   12.503    8.745 0 0   0
2   12.574    8.630 0 0   0
2   12.577    8.624 0 0   0
2   12.647    8.509 0 0   0
2   12.650    8.504 0 0   0
2   12.717    8.388 0 0   0
2   12.722    8.381 0 0   0
2   12.787    8.265 0 0   0
2   12.791    8.258 0 0   0
2   12.855    8.142 0 0   0
2   12.860    8.133 0 0   0
2   12.922    8.018 0 0   0
2   12.927    8.009 0 0   0
2   12.987    7.894 0 0   0
2   12.992    7.882 0 0   0
2   13.051    7.768 0 0   0
2   13.056    7.756 0 0   0
2   13.112    7.642 0 0   0
2   13.119    7.628 0 0   0
2   13.173    7.514 0 0   0
2   13.180    7.501 0 0   0
2   13.232    7.387 0 0   0
2   13.240    7.371 0 0   0
2   13.290    7.258 0 0   0
2   13.297    7.241 0 0   0
2   13.346    7.129 0 0   0
2   13.354    7.110 0 0   0
2   13.401    6.998 0 0   0
2   13.409    6.979 0 0   0
2   13.454    6.868 0 0   0
2   13.497    6.758 0 0   0
2   13.505    6.737 0 0   0
2   13.546    6.628 0 0   0
2   13.555    6.604 0 0   0
2   13.595    6.496 0 0   0
2   13.603    6.472 0 0   0
2   13.641    6.365 0 0   0
2   13.650    6.338 0 0   0
2   13.686    6.232 0 0   0
2   13.695    6.205 0 0   0
2   13.730    6.100 0 0   0
2   13.739    6.069 0 0   0
2   13.772    5.965 0 0   0
2   13.781    5.935 0 0   0
2   13.812    5.832 0 0   0
2   13.822    5.798 0 0   0
2   13.851    5.697 0 0   0
2   13.860    5.663 0 0   0
2   13.888    5.563 0 0   0
2   13.898    5.525 0 0   0
2   13.924    5.426 0 0   0
2   13.933    5.389 0 0   0
2   13.957    5.291 0 0   0
2   13.967    5.250 0 0   0
2   13.990    5.154 0 0   0
2   13.999    5.113 0 0   0
2   14.021    5.018 0 0   0
2   14.030    4.973 0 0   0
2   14.050    4.879 0 0   0
2   14.059    4.835 0 0   0
2   14.077    4.743 0 0   0
2   14.087    4.694 0 0   0
2   14.103    4.603 0 0   0
2   14.112    4.555 0 0   0
2   14.127    4.466 0 0   0
2   14.136    4.413 0 0   0
2   14.150    4.326 0 0   0
2   14.158    4.274 0 0   0
2   14.171    4.188 0 0   0
2   14.179    4.131 0 0   0
2   14.191    4.047 0 0   0
2   14.198    3.991 0 0   0
2   14.208    3.909 0 0   0
2   14.215    3.848 0 0   0
2   14.224    3.768 0 0   0
2   14.231    3.707 0 0   0
2   14.238    3.629 0 0   0
2   14.244    3.563 0 0   0
2   14.251    3.487 0 0   0
2   14.256    3.422 0 0   0
2   14.262    3.348 0 0   0
2   14.267    3.278 0 0   0
2   14.271    3.205 0 0   0
2   14.275    3.136 0 0   0
2   14.279    3.066 0 0   0
2   14.282    2.992 0 0   0
2   14.285    2.923 0 0   0
2   14.287    2.850 0 0   0
2   14.289    2.783 0 0   0
2   14.291    2.705 0 0   0
2   14.292    2.640 0 0   0
2   14.292    2.562 0 0   0
2   14.293    2.500 0 0   0
3    2.500   12.956 0 0   0
2    2.500   12.956 0 0   0
2    2.595   12.955 0 0   0
2    2.672   12.954 0 0   0
2    2.795   12.952 0 0   0
2    2.870   12.949 0 0   0
2    2.968   12.945 0 0   0
2    3.040   12.942 0 0   0
2    3.167   12.935 0 0   0
2    3.237   12.930 0 0   0
2    3.339   12.922 0 0   0
2    3.406   12.917 0 0   0
2    3.537   12.904 0 0   0
2    3.601   12.898 0 0   0
2    3.707   12.886 0 0   0
2    3.812   12.873 0 0   0
2    3.875   12.865 0 0   0
2    4.010   12.846 0 0   0
2    4.071   12.837 0 0   0
2    4.179   12.820 0 0   0
2    4.238   12.810 0 0   0
2    4.376   12.786 0 0   0
2    4.433   12.776 0 0   0
2    4.543   12.755 0 0   0
2    4.597   12.743 0 0   0
2    4.738   12.714 0 0   0
2    4.790   12.702 0 0   0
2    4.902   12.676 0 0   0
2    4.953   12.664 0 0   0
2    5.095   12.629 0 0   0
2    5.143   12.616 0 0   0
2    5.257   12.586 0 0   0
2    5.371   12.554 0 0   0
2    5.418   12.541 0 0   0
2    5.562   12.498 0 0   0
2    5.608   12.483 0 0   0
2    5.722   12.447 0 0   0
2    5.766   12.433 0 0   0
2    5.911   12.384 0 0   0
2    5.953   12.369 0 0   0
2    6.068   12.328 0 0   0
2    6.110   12.313 0 0   0
2    6.255   12.258 0 0   0
2    6.294   12.243 0 0   0
2    6.409   12.197 0 0   0
2    6.525   12.150 0 0   0
2    6.562   12.135 0 0   0
2    6.708   12.072 0 0   0
2    6.745   12.056 0 0   0
2    6.860   12.004 0 0   0
2    6.895   11.987 0 0   0
2    7.040   11.919 0 0   0
2    7.074   11.902 0 0   0
2    7.189   11.846 0 0   0
2    7.222   11.829 0 0   0
2    7.366   11.755 0 0   0
2    7.397   11.738 0 0   0
2    7.511   11.677 0 0   0
2    7.543   11.660 0 0   0
2    7.685   11.580 0 0   0
2    7.714   11.563 0 0   0
2    7.827   11.497 0 0   0
2    7.939   11.430 0 0   0
2    7.968   11.413 0 0   0
2    8.108   11.325 0 0   0
2    8.136   11.307 0 0   0
2    8.246   11.236 0 0   0
2    8.273   11.217 0 0   0
2    8.412   11.124 0 0   0
2    8.438   11.106 0 0   0
2    8.546   11.031 0 0   0
2    8.572   11.012 0 0   0
2    8.708   10.914 0 0   0
2    8.732   10.896 0 0   0
2    8.838   10.815 0 0   0
2    8.944   10.734 0 0   0
2    8.968   10.716 0 0   0
2    9.099   10.610 0 0   0
2    9.123   10.591 0 0   0
2    9.226   10.506 0 0   0
2    9.249   10.486 0 0   0
2    9.377   10.376 0 0   0
2    9.399   10.357 0 0   0
2    9.499   10.268 0 0   0
2    9.521   10.248 0 0   0
2    9.646   10.133 0 0   0
2    9.667   10.113 0 0   0
2    9.764   10.020 0 0   0
2    9.861    9.926 0 0   0
6    9.876    9.884    0.000    0.150   1
4
3    9.861    9.926 0 0   0
2    9.881    9.906 0 0   0
2    9.999    9.786 0 0   0
2   10.021    9.764 0 0   0
2   10.113    9.667 0 0   0
2   10.133    9.646 0 0   0
2   10.248    9.521 0 0   0
2   10.268    9.499 0 0   0
2   10.357    9.399 0 0   0
2   10.376    9.377 0 0   0
2   10.486    9.249 0 0   0
2   10.506    9.226 0 0   0
2   10.591    9.123 0 0   0
2   10.610    9.099 0 0   0
2   10.716    8.968 0 0   0
2   10.734    8.944 0 0   0
2   10.815    8.838 0 0   0
2   10.896    8.732 0 0   0
2   10.914    8.708 0 0   0
2   11.012    8.572 0 0   0
2   11.031    8.546 0 0   0
2   11.106    8.438 0 0   0
2   11.124    8.412 0 0   0
2   11.217    8.273 0 0   0
2   11.236    8.246 0 0   0
2   11.307    8.136 0 0   0
2   11.325    8.108 0 0   0
2   11.413    7.968 0 0   0
2   11.430    7.939 0 0   0
2   11.497    7.827 0 0   0
2   11.563    7.714 0 0   0
2   11.580    7.685 0 0   0
2   11.660    7.543 0 0   0
2   11.677    7.511 0 0   0
2   11.738    7.397 0 0   0
2   11.755    7.366 0 0   0
2   11.829    7.222 0 0   0
2   11.846    7.189 0 0   0
2   11.902    7.074 0 0   0
2   11.919    7.040 0 0   0
2   11.987    6.895 0 0   0
2   12.004    6.860 0 0   0
2   12.056    6.745 0 0   0
2   12.072    6.708 0 0   0
2   12.135    6.562 0 0   0
2   12.150    6.525 0 0   0
2   12.197    6.409 0 0   0
2   12.243    6.294 0 0   0
2   12.258    6.255 0 0   0
2   12.313    6.110 0 0   0
2   12.328    6.068 0 0   0
2   12.369    5.953 0 0   0
2   12.384    5.911 0 0   0
2   12.433    5.766 0 0   0
2   12.447    5.722 0 0   0
2   12.483    5.608 0 0   0
2   12.498    5.562 0 0   0
2   12.541    5.418 0 0   0
2   12.554    5.371 0 0   0
2   12.586    5.257 0 0   0
2   12.616    5.143 0 0   0
2   12.629    5.095 0 0   0
2   12.664    4.953 0 0   0
2   12.676    4.902 0 0   0
2   12.702    4.790 0 0   0
2   12.714    4.738 0 0   0
2   12.743    4.597 0 0   0
2   12.755    4.543 0 0   0
2   12.776    4.433 0 0   0
2   12.786    4.376 0 0   0
2   12.810    4.238 0 0   0
2   12.820    4.179 0 0   0
2   12.837    4.071 0 0   0
2   12.846    4.010 0 0   0
2   12.865    3.875 0 0   0
2   12.873    3.812 0 0   0
2   12.886    3.707 0 0   0
2   12.898    3.601 0 0   0
2   12.904    3.537 0 0   0
2   12.917    3.406 0 0   0
2   12.922    3.339 0 0   0
2   12.930    3.237 0 0   0
2   12.935    3.167 0 0   0
2   12.942    3.040 0 0   0
2   12.945    2.968 0 0   0
2   12.949    2.870 0 0   0
2   12.952    2.795 0 0   0
2   12.954    2.672 0 0   0
2   12.955    2.595 0 0   0
2   12.956    2.500 0 0   0
3    2.500   11.772 0 0   0
2    2.500   11.772 0 0   0
2    2.675   11.770 0 0   0
2    2.789   11.767 0 0   0
2    2.973   11.759 0 0   0
2    3.106   11.751 0 0   0
2    3.295   11.737 0 0   0
2    3.392   11.728 0 0   0
2    3.588   11.707 0 0   0
2    3.702   11.693 0 0   0
2    3.902   11.665 0 0   0
2    3.985   11.652 0 0   0
2    4.191   11.616 0 0   0
2    4.288   11.597 0 0   0
2    4.497   11.553 0 0   0
2    4.567   11.538 0 0   0
2    4.781   11.485 0 0   0
2    5.002   11.427 0 0   0
2    5.063   11.410 0 0   0
2    5.286   11.342 0 0   0
2    5.357   11.320 0 0   0
2    5.583   11.244 0 0   0
2    5.632   11.226 0 0   0
2    5.859   11.141 0 0   0
2    5.916   11.119 0 0   0
2    6.145   11.025 0 0   0
2    6.183   11.008 0 0   0
2    6.413   10.905 0 0   0
2    6.458   10.884 0 0   0
2    6.687   10.772 0 0   0
2    6.716   10.757 0 0   0
2    6.946   10.634 0 0   0
2    7.179   10.504 0 0   0
2    7.202   10.490 0 0   0
2    7.430   10.351 0 0   0
2    7.459   10.333 0 0   0
2    7.685   10.185 0 0   0
2    7.703   10.173 0 0   0
2    7.925   10.018 0 0   0
2    7.949   10.000 0 0   0
2    8.168    9.837 0 0   0
2    8.182    9.826 0 0   0
2    8.397    9.654 0 0   0
2    8.416    9.638 0 0   0
2    8.625    9.459 0 0   0
2    8.636    9.449 0 0   0
2    8.843    9.262 0 0   0
2    8.858    9.247 0 0   0
6    8.962    9.119    0.000    0.150   1
5
3    8.858    9.247 0 0   0
2    9.057    9.054 0 0   0
2    9.066    9.045 0 0   0
2    9.260    8.841 0 0   0
2    9.449    8.636 0 0   0
2    9.459    8.625 0 0   0
2    9.638    8.416 0 0   0
2    9.654    8.397 0 0   0
2    9.826    8.182 0 0   0
2    9.837    8.168 0 0   0
2   10.000    7.949 0 0   0
2   10.018    7.925 0 0   0
2   10.173    7.703 0 0   0
2   10.185    7.685 0 0   0
2   10.333    7.459 0 0   0
2   10.351    7.430 0 0   0
2   10.490    7.202 0 0   0
2   10.504    7.179 0 0   0
2   10.634    6.946 0 0   0
2   10.757    6.716 0 0   0
2   10.772    6.687 0 0   0
2   10.884    6.458 0 0   0
2   10.905    6.413 0 0   0
2   11.008    6.183 0 0   0
2   11.025    6.145 0 0   0
2   11.119    5.916 0 0   0
2   11.141    5.859 0 0   0
2   11.226    5.632 0 0   0
2   11.244    5.583 0 0   0
2   11.320    5.357 0 0   0
2   11.342    5.286 0 0   0
2   11.410    5.063 0 0   0
2   11.427    5.002 0 0   0
2   11.485    4.781 0 0   0
2   11.538    4.567 0 0   0
2   11.553    4.497 0 0   0
2   11.597    4.288 0 0   0
2   11.616    4.191 0 0   0
2   11.652    3.985 0 0   0
2   11.665    3.902 0 0   0
2   11.693    3.702 0 0   0
2   11.707    3.588 0 0   0
2   11.728    3.392 0 0   0
2   11.737    3.295 0 0   0
2   11.751    3.106 0 0   0
2   11.759    2.973 0 0   0
2   11.767    2.789 0 0   0
2   11.770    2.675 0 0   0
2   11.772    2.500 0 0   0
3    2.500   10.722 0 0   0
2    2.500   10.722 0 0   0
2    2.799   10.715 0 0   0
2    2.864   10.712 0 0   0
2    3.208   10.690 0 0   0
2    3.277   10.684 0 0   0
2    3.575   10.650 0 0   0
2    3.636   10.642 0 0   0
2    3.986   10.585 0 0   0
2    4.045   10.574 0 0   0
2    4.342   10.511 0 0   0
2    4.399   10.498 0 0   0
2    4.747   10.407 0 0   0
2    4.797   10.393 0 0   0
2    5.092   10.301 0 0   0
2    5.143   10.284 0 0   0
2    5.486   10.159 0 0   0
2    5.525   10.143 0 0   0
2    5.817   10.019 0 0   0
2    6.110    9.885 0 0   0
2    6.144    9.868 0 0   0
2    6.475    9.695 0 0   0
2    6.512    9.675 0 0   0
2    6.790    9.512 0 0   0
2    6.822    9.492 0 0   0
2    7.139    9.286 0 0   0
2    7.170    9.265 0 0   0
2    7.433    9.076 0 0   0
2    7.463    9.053 0 0   0
2    7.761    8.816 0 0   0
2    7.785    8.796 0 0   0
2    8.031    8.581 0 0   0
2    8.061    8.554 0 0   0
6    8.201    8.391    0.000    0.150   1
6
3    8.061    8.554 0 0   0
2    8.333    8.292 0 0   0
2    8.352    8.273 0 0   0
2    8.579    8.029 0 0   0
2    8.796    7.785 0 0   0
2    8.816    7.761 0 0   0
2    9.053    7.463 0 0   0
2    9.076    7.433 0 0   0
2    9.265    7.170 0 0   0
2    9.286    7.139 0 0   0
2    9.492    6.822 0 0   0
2    9.512    6.790 0 0   0
2    9.675    6.512 0 0   0
2    9.695    6.475 0 0   0
2    9.868    6.144 0 0   0
2    9.885    6.110 0 0   0
2   10.019    5.817 0 0   0
2   10.143    5.525 0 0   0
2   10.159    5.486 0 0   0
2   10.284    5.143 0 0   0
2   10.301    5.092 0 0   0
2   10.393    4.797 0 0   0
2   10.407    4.747 0 0   0
2   10.498    4.399 0 0   0
2   10.511    4.342 0 0   0
2   10.574    4.045 0 0   0
2   10.585    3.986 0 0   0
2   10.642    3.636 0 0   0
2   10.650    3.575 0 0   0
2   10.684    3.277 0 0   0
2   10.690    3.208 0 0   0
2   10.712    2.864 0 0   0
2   10.715    2.799 0 0   0
2   10.722    2.500 0 0   0
3    2.500    9.791 0 0   0
2    2.500    9.791 0 0   0
2    2.735    9.784 0 0   0
2    2.912    9.777 0 0   0
2    3.164    9.758 0 0   0
2    3.343    9.740 0 0   0
2    3.576    9.709 0 0   0
2    3.750    9.681 0 0   0
2    4.000    9.633 0 0   0
2    4.175    9.594 0 0   0
2    4.401    9.537 0 0   0
2    4.572    9.488 0 0   0
2    4.815    9.411 0 0   0
2    4.984    9.352 0 0   0
2    5.201    9.270 0 0   0
2    5.366    9.202 0 0   0
2    5.600    9.097 0 0   0
2    5.760    9.019 0 0   0
2    5.966    8.912 0 0   0
2    6.122    8.825 0 0   0
2    6.342    8.694 0 0   0
2    6.490    8.599 0 0   0
2    6.684    8.468 0 0   0
2    6.830    8.363 0 0   0
2    7.032    8.208 0 0   0
2    7.168    8.097 0 0   0
2    7.346    7.943 0 0   0
2    7.521    7.782 0 0   0
6    7.588    7.689    0.000    0.150   1
7
3    7.521    7.782 0 0   0
2    7.646    7.660 0 0   0
2    7.822    7.480 0 0   0
2    7.944    7.346 0 0   0
2    8.097    7.168 0 0   0
2    8.208    7.032 0 0   0
2    8.363    6.830 0 0   0
2    8.468    6.684 0 0   0
2    8.599    6.490 0 0   0
2    8.694    6.342 0 0   0
2    8.825    6.122 0 0   0
2    8.912    5.966 0 0   0
2    9.019    5.760 0 0   0
2    9.097    5.600 0 0   0
2    9.202    5.366 0 0   0
2    9.270    5.201 0 0   0
2    9.352    4.984 0 0   0
2    9.411    4.815 0 0   0
2    9.488    4.572 0 0   0
2    9.537    4.401 0 0   0
2    9.594    4.175 0 0   0
2    9.633    4.000 0 0   0
2    9.681    3.750 0 0   0
2    9.709    3.576 0 0   0
2    9.740    3.343 0 0   0
2    9.758    3.164 0 0   0
2    9.777    2.912 0 0   0
2    9.784    2.735 0 0   0
2    9.791    2.500 0 0   0
3    2.500    8.965 0 0   0
2    2.500    8.965 0 0   0
2    2.722    8.958 0 0   0
2    2.928    8.948 0 0   0
2    3.173    8.927 0 0   0
2    3.380    8.902 0 0   0
2    3.599    8.868 0 0   0
2    3.801    8.830 0 0   0
2    4.044    8.775 0 0   0
2    4.244    8.723 0 0   0
2    4.455    8.660 0 0   0
2    4.650    8.594 0 0   0
2    4.884    8.506 0 0   0
2    5.075    8.428 0 0   0
2    5.275    8.336 0 0   0
2    5.460    8.244 0 0   0
2    5.680    8.126 0 0   0
2    5.858    8.022 0 0   0
2    6.044    7.904 0 0   0
2    6.216    7.787 0 0   0
2    6.415    7.641 0 0   0
2    6.577    7.514 0 0   0
2    6.747    7.371 0 0   0
2    6.902    7.230 0 0   0
6    6.994    7.114    0.000    0.150   1
8
3    6.902    7.230 0 0   0
2    7.077    7.061 0 0   0
2    7.219    6.914 0 0   0
2    7.370    6.746 0 0   0
2    7.514    6.577 0 0   0
2    7.641    6.415 0 0   0
2    7.787    6.216 0 0   0
2    7.904    6.044 0 0   0
2    8.022    5.858 0 0   0
2    8.126    5.680 0 0   0
2    8.244    5.460 0 0   0
2    8.336    5.275 0 0   0
2    8.428    5.075 0 0   0
2    8.506    4.884 0 0   0
2    8.594    4.650 0 0   0
2    8.660    4.455 0 0   0
2    8.723    4.244 0 0   0
2    8.775    4.044 0 0   0
2    8.830    3.801 0 0   0
2    8.868    3.599 0 0   0
2    8.902    3.380 0 0   0
2    8.927    3.173 0 0   0
2    8.948    2.928 0 0   0
2    8.958    2.722 0 0   0
2    8.965    2.500 0 0   0
3    2.500    8.233 0 0   0
2    2.500    8.233 0 0   0
2    2.817    8.221 0 0   0
2    2.935    8.213 0 0   0
2    3.234    8.182 0 0   0
2    3.366    8.164 0 0   0
2    3.676    8.108 0 0   0
2    3.792    8.082 0 0   0
2    4.086    8.006 0 0   0
2    4.212    7.968 0 0   0
2    4.508    7.867 0 0   0
2    4.621    7.823 0 0   0
2    4.902    7.703 0 0   0
2    5.019    7.647 0 0   0
2    5.294    7.503 0 0   0
2    5.401    7.441 0 0   0
2    5.661    7.279 0 0   0
2    5.768    7.207 0 0   0
2    6.017    7.024 0 0   0
2    6.115    6.946 0 0   0
2    6.348    6.746 0 0   0
6    6.398    6.672    0.000    0.150   1
9
3    6.348    6.746 0 0   0
2    6.441    6.660 0 0   0
2    6.660    6.441 0 0   0
2    6.746    6.348 0 0   0
2    6.946    6.115 0 0   0
2    7.024    6.017 0 0   0
2    7.207    5.768 0 0   0
2    7.279    5.661 0 0   0
2    7.441    5.401 0 0   0
2    7.503    5.294 0 0   0
2    7.647    5.019 0 0   0
2    7.703    4.902 0 0   0
2    7.823    4.621 0 0   0
2    7.867    4.508 0 0   0
2    7.968    4.212 0 0   0
2    8.006    4.086 0 0   0
2    8.082    3.792 0 0   0
2    8.108    3.676 0 0   0
2    8.164    3.366 0 0   0
2    8.182    3.234 0 0   0
2    8.213    2.935 0 0   0
2    8.221    2.817 0 0   0
2    8.233    2.500 0 0   0
3    2.500    7.582 0 0   0
2    2.500    7.582 0 0   0
2    2.522    7.581 0 0   0
2    2.758    7.574 0 0   0
2    2.775    7.573 0 0   0
2    3.162    7.537 0 0   0
2    3.186    7.534 0 0   0
2    3.413    7.498 0 0   0
2    3.439    7.493 0 0   0
2    3.810    7.409 0 0   0
2    3.834    7.403 0 0   0
2    4.043    7.341 0 0   0
2    4.077    7.331 0 0   0
2    4.112    7.319 0 0   0
2    4.318    7.244 0 0   0
2    4.347    7.233 0 0   0
2    4.682    7.088 0 0   0
2    4.716    7.072 0 0   0
2    4.908    6.974 0 0   0
2    4.942    6.955 0 0   0
2    5.250    6.772 0 0   0
2    5.281    6.752 0 0   0
2    5.453    6.635 0 0   0
2    5.490    6.609 0 0   0
2    5.527    6.581 0 0   0
2    5.691    6.454 0 0   0
2    5.721    6.429 0 0   0
2    5.986    6.196 0 0   0
6    5.931    6.150    0.000    0.150   2
10
3    5.986    6.196 0 0   0
2    6.018    6.166 0 0   0
2    6.166    6.018 0 0   0
2    6.196    5.986 0 0   0
2    6.429    5.721 0 0   0
2    6.454    5.691 0 0   0
2    6.581    5.527 0 0   0
2    6.609    5.490 0 0   0
2    6.635    5.453 0 0   0
2    6.752    5.281 0 0   0
2    6.772    5.250 0 0   0
2    6.955    4.942 0 0   0
2    6.974    4.908 0 0   0
2    7.072    4.716 0 0   0
2    7.088    4.682 0 0   0
2    7.233    4.347 0 0   0
2    7.244    4.318 0 0   0
2    7.319    4.112 0 0   0
2    7.331    4.077 0 0   0
2    7.341    4.043 0 0   0
2    7.403    3.834 0 0   0
2    7.409    3.810 0 0   0
2    7.493    3.439 0 0   0
2    7.498    3.413 0 0   0
2    7.534    3.186 0 0   0
2    7.537    3.162 0 0   0
2    7.573    2.775 0 0   0
2    7.574    2.758 0 0   0
2    7.581    2.522 0 0   0
2    7.582    2.500 0 0   0
3    7.005    2.500 0 0   0
2    7.005    2.500 0 0   0
2    7.002    2.661 0 0   0
2    7.002    2.661 0 0   0
2    6.993    2.821 0 0   0
2    6.993    2.821 0 0   0
2    6.979    2.982 0 0   0
2    6.979    2.982 0 0   0
2    6.959    3.141 0 0   0
2    6.959    3.141 0 0   0
2    6.933    3.300 0 0   0
2    6.933    3.300 0 0   0
2    6.900    3.457 0 0   0
2    6.865    3.614 0 0   0
2    6.865    3.614 0 0   0
2    6.822    3.769 0 0   0
2    6.822    3.769 0 0   0
2    6.774    3.923 0 0   0
2    6.774    3.923 0 0   0
2    6.721    4.074 0 0   0
2    6.721    4.074 0 0   0
2    6.662    4.224 0 0   0
2    6.662    4.224 0 0   0
2    6.596    4.371 0 0   0
2    6.528    4.516 0 0   0
2    6.528    4.516 0 0   0
2    6.454    4.659 0 0   0
2    6.454    4.659 0 0   0
2    6.374    4.799 0 0   0
2    6.374    4.799 0 0   0
2    6.290    4.935 0 0   0
2    6.290    4.935 0 0   0
2    6.200    5.069 0 0   0
2    6.200    5.069 0 0   0
2    6.105    5.199 0 0   0
2    6.007    5.327 0 0   0
2    6.007    5.327 0 0   0
2    5.904    5.450 0 0   0
2    5.904    5.450 0 0   0
2    5.797    5.570 0 0   0
2    5.797    5.570 0 0   0
6    5.672    5.594    0.000    0.150   2
11
3    5.797    5.570 0 0   0
2    5.685    5.685 0 0   0
2    5.685    5.685 0 0   0
2    5.570    5.797 0 0   0
2    5.570    5.797 0 0   0
2    5.450    5.904 0 0   0
2    5.450    5.904 0 0   0
2    5.327    6.007 0 0   0
2    5.327    6.007 0 0   0
2    5.199    6.105 0 0   0
2    5.069    6.200 0 0   0
2    5.069    6.200 0 0   0
2    4.935    6.290 0 0   0
2    4.935    6.290 0 0   0
2    4.799    6.374 0 0   0
2    4.799    6.374 0 0   0
2    4.659    6.454 0 0   0
2    4.659    6.454 0 0   0
2    4.516    6.528 0 0   0
2    4.516    6.528 0 0   0
2    4.371    6.596 0 0   0
2    4.224    6.662 0 0   0
2    4.224    6.662 0 0   0
2    4.074    6.721 0 0   0
2    4.074    6.721 0 0   0
2    3.923    6.774 0 0   0
2    3.923    6.774 0 0   0
2    3.769    6.822 0 0   0
2    3.769    6.822 0 0   0
2    3.614    6.865 0 0   0
2    3.614    6.865 0 0   0
2    3.457    6.900 0 0   0
2    3.300    6.933 0 0   0
2    3.300    6.933 0 0   0
2    3.141    6.959 0 0   0
2    3.141    6.959 0 0   0
2    2.982    6.979 0 0   0
2    2.982    6.979 0 0   0
2    2.821    6.993 0 0   0
2    2.821    6.993 0 0   0
2    2.661    7.002 0 0   0
2    2.661    7.002 0 0   0
2    2.500    7.005 0 0   0
3    7.005    2.500 0 0   0
2    7.002    2.661 0 0   0
2    6.993    2.821 0 0   0
2    6.979    2.982 0 0   0
2    6.959    3.141 0 0   0
2    6.933    3.300 0 0   0
2    6.902    3.458 0 0   0
2    6.865    3.614 0 0   0
2    6.822    3.769 0 0   0
2    6.774    3.923 0 0   0
2    6.721    4.074 0 0   0
2    6.662    4.224 0 0   0
2    6.598    4.371 0 0   0
2    6.528    4.516 0 0   0
2    6.454    4.659 0 0   0
2    6.374    4.799 0 0   0
2    6.290    4.935 0 0   0
2    6.200    5.069 0 0   0
2    6.106    5.200 0 0   0
2    6.007    5.327 0 0   0
2    5.904    5.450 0 0   0
2    5.797    5.570 0 0   0
2    5.685    5.685 0 0   0
2    5.570    5.797 0 0   0
2    5.450    5.904 0 0   0
2    5.327    6.007 0 0   0
2    5.200    6.106 0 0   0
2    5.069    6.200 0 0   0
2    4.935    6.290 0 0   0
2    4.799    6.374 0 0   0
2    4.659    6.454 0 0   0
2    4.516    6.528 0 0   0
2    4.371    6.598 0 0   0
2    4.224    6.662 0 0   0
2    4.074    6.721 0 0   0
2    3.923    6.774 0 0   0
2    3.769    6.822 0 0   0
2    3.614    6.865 0 0   0
2    3.458    6.902 0 0   0
2    3.300    6.933 0 0   0
2    3.141    6.959 0 0   0
2    2.982    6.979 0 0   0
2    2.821    6.993 0 0   0
2    2.661    7.002 0 0   0
2    2.500    7.005 0 0   0
3   17.500    2.500 0 0   0
2   17.500    2.579 0 0   0
2   17.499    2.657 0 0   0
2   17.498    2.736 0 0   0
2   17.497    2.814 0 0   0
2   17.495    2.893 0 0   0
2   17.493    2.971 0 0   0
2   17.490    3.050 0 0   0
2   17.487    3.128 0 0   0
2   17.483    3.207 0 0   0
2   17.479    3.285 0 0   0
2   17.475    3.363 0 0   0
2   17.470    3.442 0 0   0
2   17.465    3.520 0 0   0
2   17.460    3.599 0 0   0
2   17.454    3.677 0 0   0
2   17.447    3.755 0 0   0
2   17.441    3.833 0 0   0
2   17.433    3.912 0 0   0
2   17.426    3.990 0 0   0
2   17.418    4.068 0 0   0
2   17.409    4.146 0 0   0
2   17.401    4.224 0 0   0
2   17.391    4.302 0 0   0
2   17.382    4.380 0 0   0
2   17.372    4.458 0 0   0
2   17.361    4.536 0 0   0
2   17.350    4.614 0 0   0
2   17.339    4.691 0 0   0
2   17.327    4.769 0 0   0
2   17.315    4.847 0 0   0
2   17.303    4.924 0 0   0
2   17.290    5.002 0 0   0
2   17.277    5.079 0 0   0
2   17.263    5.156 0 0   0
2   17.249    5.234 0 0   0
2   17.234    5.311 0 0   0
2   17.219    5.388 0 0   0
2   17.204    5.465 0 0   0
2   17.188    5.542 0 0   0
2   17.172    5.619 0 0   0
2   17.156    5.695 0 0   0
2   17.139    5.772 0 0   0
2   17.121    5.849 0 0   0
2   17.104    5.925 0 0   0
2   17.086    6.002 0 0   0
2   17.067    6.078 0 0   0
2   17.048    6.154 0 0   0
2   17.029    6.230 0 0   0
2   17.009    6.306 0 0   0
2   16.989    6.382 0 0   0
2   16.968    6.458 0 0   0
2   16.947    6.534 0 0   0
2   16.926    6.609 0 0   0
2   16.904    6.685 0 0   0
2   16.882    6.760 0 0   0
2   16.860    6.835 0 0   0
2   16.837    6.911 0 0   0
2   16.814    6.986 0 0   0
2   16.790    7.060 0 0   0
2   16.766    7.135 0 0   0
2   16.741    7.210 0 0   0
2   16.717    7.284 0 0   0
2   16.691    7.359 0 0   0
2   16.666    7.433 0 0   0
2   16.640    7.507 0 0   0
2   16.613    7.581 0 0   0
2   16.586    7.655 0 0   0
2   16.559    7.729 0 0   0
2   16.532    7.802 0 0   0
2   16.504    7.876 0 0   0
2   16.475    7.949 0 0   0
2   16.447    8.022 0 0   0
2   16.418    8.095 0 0   0
2   16.388    8.168 0 0   0
2   16.358    8.240 0 0   0
2   16.328    8.313 0 0   0
2   16.297    8.385 0 0   0
2   16.266    8.457 0 0   0
2   16.235    8.529 0 0   0
2   16.203    8.601 0 0   0
2   16.171    8.673 0 0   0
2   16.139    8.744 0 0   0
2   16.106    8.816 0 0   0
2   16.072    8.887 0 0   0
2   16.039    8.958 0 0   0
2   16.005    9.028 0 0   0
2   15.970    9.099 0 0   0
2   15.936    9.170 0 0   0
2   15.901    9.240 0 0   0
2   15.865    9.310 0 0   0
2   15.829    9.380 0 0   0
2   15.793    9.449 0 0   0
2   15.756    9.519 0 0   0
2   15.720    9.588 0 0   0
2   15.682    9.657 0 0   0
2   15.645    9.726 0 0   0
2   15.607    9.795 0 0   0
2   15.568    9.864 0 0   0
2   15.529    9.932 0 0   0
2   15.490   10.000 0 0   0
2   15.451   10.068 0 0   0
2   15.411   10.136 0 0   0
2   15.371   10.203 0 0   0
2   15.330   10.270 0 0   0
2   15.290   10.337 0 0   0
2   15.248   10.404 0 0   0
2   15.207   10.471 0 0   0
2   15.165   10.537 0 0   0
2   15.123   10.604 0 0   0
2   15.080   10.670 0 0   0
2   15.037   10.735 0 0   0
2   14.994   10.801 0 0   0
2   14.950   10.866 0 0   0
2   14.906   10.931 0 0   0
2   14.862   10.996 0 0   0
2   14.817   11.061 0 0   0
2   14.772   11.125 0 0   0
2   14.727   11.189 0 0   0
2   14.681   11.253 0 0   0
2   14.635   11.317 0 0   0
2   14.589   11.380 0 0   0
2   14.542   11.443 0 0   0
2   14.495   11.506 0 0   0
2   14.448   11.569 0 0   0
2   14.400   11.631 0 0   0
2   14.352   11.694 0 0   0
2   14.304   11.756 0 0   0
2   14.255   11.817 0 0   0
2   14.206   11.879 0 0   0
2   14.157   11.940 0 0   0
2   14.108   12.001 0 0   0
2   14.058   12.061 0 0   0
2   14.007   12.122 0 0   0
2   13.957   12.182 0 0   0
2   13.906   12.242 0 0   0
2   13.855   12.301 0 0   0
2   13.803   12.361 0 0   0
2   13.752   12.420 0 0   0
2   13.700   12.478 0 0   0
2   13.647   12.537 0 0   0
2   13.594   12.595 0 0   0
2   13.541   12.653 0 0   0
2   13.488   12.711 0 0   0
2   13.435   12.768 0 0   0
2   13.381   12.825 0 0   0
2   13.326   12.882 0 0   0
2   13.272   12.939 0 0   0
2   13.217   12.995 0 0   0
2   13.162   13.051 0 0   0
2   13.107   13.107 0 0   0
2   13.051   13.162 0 0   0
2   12.995   13.217 0 0   0
2   12.939   13.272 0 0   0
2   12.882   13.326 0 0   0
2   12.825   13.381 0 0   0
2   12.768   13.435 0 0   0
2   12.711   13.488 0 0   0
2   12.653   13.541 0 0   0
2   12.595   13.594 0 0   0
2   12.537   13.647 0 0   0
2   12.478   13.700 0 0   0
2   12.420   13.752 0 0   0
2   12.361   13.803 0 0   0
2   12.301   13.855 0 0   0
2   12.242   13.906 0 0   0
2   12.182   13.957 0 0   0
2   12.122   14.007 0 0   0
2   12.061   14.058 0 0   0
2   12.001   14.108 0 0   0
2   11.940   14.157 0 0   0
2   11.879   14.206 0 0   0
2   11.817   14.255 0 0   0
2   11.756   14.304 0 0   0
2   11.694   14.352 0 0   0
2   11.631   14.400 0 0   0
2   11.569   14.448 0 0   0
2   11.506   14.495 0 0   0
2   11.443   14.542 0 0   0
2   11.380   14.589 0 0   0
2   11.317   14.635 0 0   0
2   11.253   14.681 0 0   0
2   11.189   14.727 0 0   0
2   11.125   14.772 0 0   0
2   11.061   14.817 0 0   0
2   10.996   14.862 0 0   0
2   10.931   14.906 0 0   0
2   10.866   14.950 0 0   0
2   10.801   14.994 0 0   0
2   10.735   15.037 0 0   0
2   10.670   15.080 0 0   0
2   10.604   15.123 0 0   0
2   10.537   15.165 0 0   0
2   10.471   15.207 0 0   0
2   10.404   15.248 0 0   0
2   10.337   15.290 0 0   0
2   10.270   15.330 0 0   0
2   10.203   15.371 0 0   0
2   10.136   15.411 0 0   0
2   10.068   15.451 0 0   0
2   10.000   15.490 0 0   0
2    9.932   15.529 0 0   0
2    9.864   15.568 0 0   0
2    9.795   15.607 0 0   0
2    9.726   15.645 0 0   0
2    9.657   15.682 0 0   0
2    9.588   15.720 0 0   0
2    9.519   15.756 0 0   0
2    9.449   15.793 0 0   0
2    9.380   15.829 0 0   0
2    9.310   15.865 0 0   0
2    9.240   15.901 0 0   0
2    9.170   15.936 0 0   0
2    9.099   15.970 0 0   0
2    9.028   16.005 0 0   0
2    8.958   16.039 0 0   0
2    8.887   16.072 0 0   0
2    8.816   16.106 0 0   0
2    8.744   16.139 0 0   0
2    8.673   16.171 0 0   0
2    8.601   16.203 0 0   0
2    8.529   16.235 0 0   0
2    8.457   16.266 0 0   0
2    8.385   16.297 0 0   0
2    8.313   16.328 0 0   0
2    8.240   16.358 0 0   0
2    8.168   16.388 0 0   0
2    8.095   16.418 0 0   0
2    8.022   16.447 0 0   0
2    7.949   16.475 0 0   0
2    7.876   16.504 0 0   0
2    7.802   16.532 0 0   0
2    7.729   16.559 0 0   0
2    7.655   16.586 0 0   0
2    7.581   16.613 0 0   0
2    7.507   16.640 0 0   0
2    7.433   16.666 0 0   0
2    7.359   16.691 0 0   0
2    7.284   16.717 0 0   0
2    7.210   16.741 0 0   0
2    7.135   16.766 0 0   0
2    7.060   16.790 0 0   0
2    6.986   16.814 0 0   0
2    6.911   16.837 0 0   0
2    6.835   16.860 0 0   0
2    6.760   16.882 0 0   0
2    6.685   16.904 0 0   0
2    6.609   16.926 0 0   0
2    6.534   16.947 0 0   0
2    6.458   16.968 0 0   0
2    6.382   16.989 0 0   0
2    6.306   17.009 0 0   0
2    6.230   17.029 0 0   0
2    6.154   17.048 0 0   0
2    6.078   17.067 0 0   0
2    6.002   17.086 0 0   0
2    5.925   17.104 0 0   0
2    5.849   17.121 0 0   0
2    5.772   17.139 0 0   0
2    5.695   17.156 0 0   0
2    5.619   17.172 0 0   0
2    5.542   17.188 0 0   0
2    5.465   17.204 0 0   0
2    5.388   17.219 0 0   0
2    5.311   17.234 0 0   0
2    5.234   17.249 0 0   0
2    5.156   17.263 0 0   0
2    5.079   17.277 0 0   0
2    5.002   17.290 0 0   0
2    4.924   17.303 0 0   0
2    4.847   17.315 0 0   0
2    4.769   17.327 0 0   0
2    4.691   17.339 0 0   0
2    4.614   17.350 0 0   0
2    4.536   17.361 0 0   0
2    4.458   17.372 0 0   0
2    4.380   17.382 0 0   0
2    4.302   17.391 0 0   0
2    4.224   17.401 0 0   0
2    4.146   17.409 0 0   0
2    4.068   17.418 0 0   0
2    3.990   17.426 0 0   0
2    3.912   17.433 0 0   0
2    3.833   17.441 0 0   0
2    3.755   17.447 0 0   0
2    3.677   17.454 0 0   0
2    3.599   17.460 0 0   0
2    3.520   17.465 0 0   0
2    3.442   17.470 0 0   0
2    3.363   17.475 0 0   0
2    3.285   17.479 0 0   0
2    3.207   17.483 0 0   0
2    3.128   17.487 0 0   0
2    3.050   17.490 0 0   0
2    2.971   17.493 0 0   0
2    2.893   17.495 0 0   0
2    2.814   17.497 0 0   0
2    2.736   17.498 0 0   0
2    2.657   17.499 0 0   0
2    2.579   17.500 0 0   0
2    2.500   17.500 0 0   0
3    2.500    7.958 0 0   0
2    2.500    7.611 0 0   0
2    2.500    7.265 0 0   0
2    2.500    7.135 0 0   0
2    2.500    7.005 0 0   0
3    2.500   10.372 0 0   0
2    2.500    9.969 0 0   0
2    2.500    9.567 0 0   0
2    2.500    9.165 0 0   0
2    2.500    8.762 0 0   0
2    2.500    8.360 0 0   0
2    2.500    7.958 0 0   0
3    2.500   13.184 0 0   0
2    2.500   13.022 0 0   0
2    2.500   12.860 0 0   0
2    2.500   12.652 0 0   0
2    2.500   12.445 0 0   0
2    2.500   12.180 0 0   0
2    2.500   11.915 0 0   0
2    2.500   11.576 0 0   0
2    2.500   11.237 0 0   0
2    2.500   10.804 0 0   0
2    2.500   10.372 0 0   0
3    2.500   17.500 0 0   0
2    2.500   17.421 0 0   0
2    2.500   17.343 0 0   0
2    2.500   17.261 0 0   0
2    2.500   17.180 0 0   0
2    2.500   17.095 0 0   0
2    2.500   17.010 0 0   0
2    2.500   16.922 0 0   0
2    2.500   16.834 0 0   0
2    2.500   16.742 0 0   0
2    2.500   16.650 0 0   0
2    2.500   16.555 0 0   0
2    2.500   16.460 0 0   0
2    2.500   16.361 0 0   0
2    2.500   16.262 0 0   0
2    2.500   16.159 0 0   0
2    2.500   16.056 0 0   0
2    2.500   15.949 0 0   0
2    2.500   15.843 0 0   0
2    2.500   15.731 0 0   0
2    2.500   15.620 0 0   0
2    2.500   15.505 0 0   0
2    2.500   15.389 0 0   0
2    2.500   15.269 0 0   0
2    2.500   15.150 0 0   0
2    2.500   15.025 0 0   0
2    2.500   14.900 0 0   0
2    2.500   14.771 0 0   0
2    2.500   14.641 0 0   0
2    2.500   14.506 0 0   0
2    2.500   14.372 0 0   0
2    2.500   14.232 0 0   0
2    2.500   14.092 0 0   0
2    2.500   13.946 0 0   0
2    2.500   13.801 0 0   0
2    2.500   13.650 0 0   0
2    2.500   13.498 0 0   0
2    2.500   13.341 0 0   0
2    2.500   13.184 0 0   0
3    7.005    2.500 0 0   0
2    7.135    2.500 0 0   0
2    7.265    2.500 0 0   0
2    7.611    2.500 0 0   0
2    7.958    2.500 0 0   0
3    7.958    2.500 0 0   0
2    8.360    2.500 0 0   0
2    8.762    2.500 0 0   0
2    9.165    2.500 0 0   0
2    9.567    2.500 0 0   0
2    9.969    2.500 0 0   0
2   10.372    2.500 0 0   0
3   10.372    2.500 0 0   0
2   10.804    2.500 0 0   0
2   11.237    2.500 0 0   0
2   11.576    2.500 0 0   0
2   11.915    2.500 0 0   0
2   12.180    2.500 0 0   0
2   12.445    2.500 0 0   0
2   12.652    2.500 0 0   0
2   12.860    2.500 0 0   0
2   13.022    2.500 0 0   0
2   13.184    2.500 0 0   0
3   13.184    2.500 0 0   0
2   13.341    2.500 0 0   0
2   13.498    2.500 0 0   0
2   13.650    2.500 0 0   0
2   13.801    2.500 0 0   0
2   13.946    2.500 0 0   0
2   14.092    2.500 0 0   0
2   14.232    2.500 0 0   0
2   14.372    2.500 0 0   0
2   14.506    2.500 0 0   0
2   14.641    2.500 0 0   0
2   14.771    2.500 0 0   0
2   14.900    2.500 0 0   0
2   15.025    2.500 0 0   0
2   15.150    2.500 0 0   0
2   15.269    2.500 0 0   0
2   15.389    2.500 0 0   0
2   15.505    2.500 0 0   0
2   15.620    2.500 0 0   0
2   15.731    2.500 0 0   0
2   15.843    2.500 0 0   0
2   15.949    2.500 0 0   0
2   16.056    2.500 0 0   0
2   16.159    2.500 0 0   0
2   16.262    2.500 0 0   0
2   16.361    2.500 0 0   0
2   16.460    2.500 0 0   0
2   16.555    2.500 0 0   0
2   16.650    2.500 0 0   0
2   16.742    2.500 0 0   0
2   16.834    2.500 0 0   0
2   16.922    2.500 0 0   0
2   17.010    2.500 0 0   0
2   17.095    2.500 0 0   0
2   17.180    2.500 0 0   0
2   17.261    2.500 0 0   0
2   17.343    2.500 0 0   0
2   17.421    2.500 0 0   0
2   17.500    2.500 0 0   0
3   17.500    2.500 0 0   0
2   17.500    2.579 0 0   0
2   17.499    2.657 0 0   0
2   17.498    2.736 0 0   0
2   17.497    2.814 0 0   0
2   17.495    2.893 0 0   0
2   17.493    2.971 0 0   0
2   17.490    3.050 0 0   0
2   17.487    3.128 0 0   0
2   17.483    3.207 0 0   0
2   17.479    3.285 0 0   0
2   17.475    3.363 0 0   0
2   17.470    3.442 0 0   0
2   17.465    3.520 0 0   0
2   17.460    3.599 0 0   0
2   17.454    3.677 0 0   0
2   17.447    3.755 0 0   0
2   17.441    3.833 0 0   0
2   17.433    3.912 0 0   0
2   17.426    3.990 0 0   0
2   17.418    4.068 0 0   0
2   17.409    4.146 0 0   0
2   17.401    4.224 0 0   0
2   17.391    4.302 0 0   0
2   17.382    4.380 0 0   0
2   17.372    4.458 0 0   0
2   17.361    4.536 0 0   0
2   17.350    4.614 0 0   0
2   17.339    4.691 0 0   0
2   17.327    4.769 0 0   0
2   17.315    4.847 0 0   0
2   17.303    4.924 0 0   0
2   17.290    5.002 0 0   0
2   17.277    5.079 0 0   0
2   17.263    5.156 0 0   0
2   17.249    5.234 0 0   0
2   17.234    5.311 0 0   0
2   17.219    5.388 0 0   0
2   17.204    5.465 0 0   0
2   17.188    5.542 0 0   0
2   17.172    5.619 0 0   0
2   17.156    5.695 0 0   0
2   17.139    5.772 0 0   0
2   17.121    5.849 0 0   0
2   17.104    5.925 0 0   0
2   17.086    6.002 0 0   0
2   17.067    6.078 0 0   0
2   17.048    6.154 0 0   0
2   17.029    6.230 0 0   0
2   17.009    6.306 0 0   0
2   16.989    6.382 0 0   0
2   16.968    6.458 0 0   0
2   16.947    6.534 0 0   0
2   16.926    6.609 0 0   0
2   16.904    6.685 0 0   0
2   16.882    6.760 0 0   0
2   16.860    6.835 0 0   0
2   16.837    6.911 0 0   0
2   16.814    6.986 0 0   0
2   16.790    7.060 0 0   0
2   16.766    7.135 0 0   0
2   16.741    7.210 0 0   0
2   16.717    7.284 0 0   0
2   16.691    7.359 0 0   0
2   16.666    7.433 0 0   0
2   16.640    7.507 0 0   0
2   16.613    7.581 0 0   0
2   16.586    7.655 0 0   0
2   16.559    7.729 0 0   0
2   16.532    7.802 0 0   0
2   16.504    7.876 0 0   0
2   16.475    7.949 0 0   0
2   16.447    8.022 0 0   0
2   16.418    8.095 0 0   0
2   16.388    8.168 0 0   0
2   16.358    8.240 0 0   0
2   16.328    8.313 0 0   0
2   16.297    8.385 0 0   0
2   16.266    8.457 0 0   0
2   16.235    8.529 0 0   0
2   16.203    8.601 0 0   0
2   16.171    8.673 0 0   0
2   16.139    8.744 0 0   0
2   16.106    8.816 0 0   0
2   16.072    8.887 0 0   0
2   16.039    8.958 0 0   0
2   16.005    9.028 0 0   0
2   15.970    9.099 0 0   0
2   15.936    9.170 0 0   0
2   15.901    9.240 0 0   0
2   15.865    9.310 0 0   0
2   15.829    9.380 0 0   0
2   15.793    9.449 0 0   0
2   15.756    9.519 0 0   0
2   15.720    9.588 0 0   0
2   15.682    9.657 0 0   0
2   15.645    9.726 0 0   0
2   15.607    9.795 0 0   0
2   15.568    9.864 0 0   0
2   15.529    9.932 0 0   0
2   15.490   10.000 0 0   0
2   15.451   10.068 0 0   0
2   15.411   10.136 0 0   0
2   15.371   10.203 0 0   0
2   15.330   10.270 0 0   0
2   15.290   10.337 0 0   0
2   15.248   10.404 0 0   0
2   15.207   10.471 0 0   0
2   15.165   10.537 0 0   0
2   15.123   10.604 0 0   0
2   15.080   10.670 0 0   0
2   15.037   10.735 0 0   0
2   14.994   10.801 0 0   0
2   14.950   10.866 0 0   0
2   14.906   10.931 0 0   0
2   14.862   10.996 0 0   0
2   14.817   11.061 0 0   0
2   14.772   11.125 0 0   0
2   14.727   11.189 0 0   0
2   14.681   11.253 0 0   0
2   14.635   11.317 0 0   0
2   14.589   11.380 0 0   0
2   14.542   11.443 0 0   0
2   14.495   11.506 0 0   0
2   14.448   11.569 0 0   0
2   14.400   11.631 0 0   0
2   14.352   11.694 0 0   0
2   14.304   11.756 0 0   0
2   14.255   11.817 0 0   0
2   14.206   11.879 0 0   0
2   14.157   11.940 0 0   0
2   14.108   12.001 0 0   0
2   14.058   12.061 0 0   0
2   14.007   12.122 0 0   0
2   13.957   12.182 0 0   0
2   13.906   12.242 0 0   0
2   13.855   12.301 0 0   0
2   13.803   12.361 0 0   0
2   13.752   12.420 0 0   0
2   13.700   12.478 0 0   0
2   13.647   12.537 0 0   0
2   13.594   12.595 0 0   0
2   13.541   12.653 0 0   0
2   13.488   12.711 0 0   0
2   13.435   12.768 0 0   0
2   13.381   12.825 0 0   0
2   13.326   12.882 0 0   0
2   13.272   12.939 0 0   0
2   13.217   12.995 0 0   0
2   13.162   13.051 0 0   0
2   13.107   13.107 0 0   0
2   13.051   13.162 0 0   0
2   12.995   13.217 0 0   0
2   12.939   13.272 0 0   0
2   12.882   13.326 0 0   0
2   12.825   13.381 0 0   0
2   12.768   13.435 0 0   0
2   12.711   13.488 0 0   0
2   12.653   13.541 0 0   0
2   12.595   13.594 0 0   0
2   12.537   13.647 0 0   0
2   12.478   13.700 0 0   0
2   12.420   13.752 0 0   0
2   12.361   13.803 0 0   0
2   12.301   13.855 0 0   0
2   12.242   13.906 0 0   0
2   12.182   13.957 0 0   0
2   12.122   14.007 0 0   0
2   12.061   14.058 0 0   0
2   12.001   14.108 0 0   0
2   11.940   14.157 0 0   0
2   11.879   14.206 0 0   0
2   11.817   14.255 0 0   0
2   11.756   14.304 0 0   0
2   11.694   14.352 0 0   0
2   11.631   14.400 0 0   0
2   11.569   14.448 0 0   0
2   11.506   14.495 0 0   0
2   11.443   14.542 0 0   0
2   11.380   14.589 0 0   0
2   11.317   14.635 0 0   0
2   11.253   14.681 0 0   0
2   11.189   14.727 0 0   0
2   11.125   14.772 0 0   0
2   11.061   14.817 0 0   0
2   10.996   14.862 0 0   0
2   10.931   14.906 0 0   0
2   10.866   14.950 0 0   0
2   10.801   14.994 0 0   0
2   10.735   15.037 0 0   0
2   10.670   15.080 0 0   0
2   10.604   15.123 0 0   0
2   10.537   15.165 0 0   0
2   10.471   15.207 0 0   0
2   10.404   15.248 0 0   0
2   10.337   15.290 0 0   0
2   10.270   15.330 0 0   0
2   10.203   15.371 0 0   0
2   10.136   15.411 0 0   0
2   10.068   15.451 0 0   0
2   10.000   15.490 0 0   0
2    9.932   15.529 0 0   0
2    9.864   15.568 0 0   0
2    9.795   15.607 0 0   0
2    9.726   15.645 0 0   0
2    9.657   15.682 0 0   0
2    9.588   15.720 0 0   0
2    9.519   15.756 0 0   0
2    9.449   15.793 0 0   0
2    9.380   15.829 0 0   0
2    9.310   15.865 0 0   0
2    9.240   15.901 0 0   0
2    9.170   15.936 0 0   0
2    9.099   15.970 0 0   0
2    9.028   16.005 0 0   0
2    8.958   16.039 0 0   0
2    8.887   16.072 0 0   0
2    8.816   16.106 0 0   0
2    8.744   16.139 0 0   0
2    8.673   16.171 0 0   0
2    8.601   16.203 0 0   0
2    8.529   16.235 0 0   0
2    8.457   16.266 0 0   0
2    8.385   16.297 0 0   0
2    8.313   16.328 0 0   0
2    8.240   16.358 0 0   0
2    8.168   16.388 0 0   0
2    8.095   16.418 0 0   0
2    8.022   16.447 0 0   0
2    7.949   16.475 0 0   0
2    7.876   16.504 0 0   0
2    7.802   16.532 0 0   0
2    7.729   16.559 0 0   0
2    7.655   16.586 0 0   0
2    7.581   16.613 0 0   0
2    7.507   16.640 0 0   0
2    7.433   16.666 0 0   0
2    7.359   16.691 0 0   0
2    7.284   16.717 0 0   0
2    7.210   16.741 0 0   0
2    7.135   16.766 0 0   0
2    7.060   16.790 0 0   0
2    6.986   16.814 0 0   0
2    6.911   16.837 0 0   0
2    6.835   16.860 0 0   0
2    6.760   16.882 0 0   0
2    6.685   16.904 0 0   0
2    6.609   16.926 0 0   0
2    6.534   16.947 0 0   0
2    6.458   16.968 0 0   0
2    6.382   16.989 0 0   0
2    6.306   17.009 0 0   0
2    6.230   17.029 0 0   0
2    6.154   17.048 0 0   0
2    6.078   17.067 0 0   0
2    6.002   17.086 0 0   0
2    5.925   17.104 0 0   0
2    5.849   17.121 0 0   0
2    5.772   17.139 0 0   0
2    5.695   17.156 0 0   0
2    5.619   17.172 0 0   0
2    5.542   17.188 0 0   0
2    5.465   17.204 0 0   0
2    5.388   17.219 0 0   0
2    5.311   17.234 0 0   0
2    5.234   17.249 0 0   0
2    5.156   17.263 0 0   0
2    5.079   17.277 0 0   0
2    5.002   17.290 0 0   0
2    4.924   17.303 0 0   0
2    4.847   17.315 0 0   0
2    4.769   17.327 0 0   0
2    4.691   17.339 0 0   0
2    4.614   17.350 0 0   0
2    4.536   17.361 0 0   0
2    4.458   17.372 0 0   0
2    4.380   17.382 0 0   0
2    4.302   17.391 0 0   0
2    4.224   17.401 0 0   0
2    4.146   17.409 0 0   0
2    4.068   17.418 0 0   0
2    3.990   17.426 0 0   0
2    3.912   17.433 0 0   0
2    3.833   17.441 0 0   0
2    3.755   17.447 0 0   0
2    3.677   17.454 0 0   0
2    3.599   17.460 0 0   0
2    3.520   17.465 0 0   0
2    3.442   17.470 0 0   0
2    3.363   17.475 0 0   0
2    3.285   17.479 0 0   0
2    3.207   17.483 0 0   0
2    3.128   17.487 0 0   0
2    3.050   17.490 0 0   0
2    2.971   17.493 0 0   0
2    2.893   17.495 0 0   0
2    2.814   17.497 0 0   0
2    2.736   17.498 0 0   0
2    2.657   17.499 0 0   0
2    2.579   17.500 0 0   0
2    2.500   17.500 0 0   0
3    7.005    2.500 0 0   0
2    7.002    2.661 0 0   0
2    6.993    2.821 0 0   0
2    6.979    2.982 0 0   0
2    6.959    3.141 0 0   0
2    6.933    3.300 0 0   0
2    6.902    3.458 0 0   0
2    6.865    3.614 0 0   0
2    6.822    3.769 0 0   0
2    6.774    3.923 0 0   0
2    6.721    4.074 0 0   0
2    6.662    4.224 0 0   0
2    6.598    4.371 0 0   0
2    6.528    4.516 0 0   0
2    6.454    4.659 0 0   0
2    6.374    4.799 0 0   0
2    6.290    4.935 0 0   0
2    6.200    5.069 0 0   0
2    6.106    5.200 0 0   0
2    6.007    5.327 0 0   0
2    5.904    5.450 0 0   0
2    5.797    5.570 0 0   0
2    5.685    5.685 0 0   0
2    5.570    5.797 0 0   0
2    5.450    5.904 0 0   0
2    5.327    6.007 0 0   0
2    5.200    6.106 0 0   0
2    5.069    6.200 0 0   0
2    4.935    6.290 0 0   0
2    4.799    6.374 0 0   0
2    4.659    6.454 0 0   0
2    4.516    6.528 0 0   0
2    4.371    6.598 0 0   0
2    4.224    6.662 0 0   0
2    4.074    6.721 0 0   0
2    3.923    6.774 0 0   0
2    3.769    6.822 0 0   0
2    3.614    6.865 0 0   0
2    3.458    6.902 0 0   0
2    3.300    6.933 0 0   0
2    3.141    6.959 0 0   0
2    2.982    6.979 0 0   0
2    2.821    6.993 0 0   0
2    2.661    7.002 0 0   0
2    2.500    7.005 0 0   0
3    7.005    2.500 0 0   0
2    7.135    2.500 0 0   0
2    7.265    2.500 0 0   0
2    7.611    2.500 0 0   0
2    7.958    2.500 0 0   0
2    7.958    2.500 0 0   0
2    8.360    2.500 0 0   0
2    8.762    2.500 0 0   0
2    9.165    2.500 0 0   0
2    9.567    2.500 0 0   0
2    9.969    2.500 0 0   0
2   10.372    2.500 0 0   0
2   10.372    2.500 0 0   0
2   10.804    2.500 0 0   0
2   11.237    2.500 0 0   0
2   11.576    2.500 0 0   0
2   11.915    2.500 0 0   0
2   12.180    2.500 0 0   0
2   12.445    2.500 0 0   0
2   12.652    2.500 0 0   0
2   12.860    2.500 0 0   0
2   13.022    2.500 0 0   0
2   13.184    2.500 0 0   0
2   13.184    2.500 0 0   0
2   13.341    2.500 0 0   0
2   13.498    2.500 0 0   0
2   13.650    2.500 0 0   0
2   13.801    2.500 0 0   0
2   13.946    2.500 0 0   0
2   14.092    2.500 0 0   0
2   14.232    2.500 0 0   0
2   14.372    2.500 0 0   0
2   14.506    2.500 0 0   0
2   14.641    2.500 0 0   0
2   14.771    2.500 0 0   0
2   14.900    2.500 0 0   0
2   15.025    2.500 0 0   0
2   15.150    2.500 0 0   0
2   15.269    2.500 0 0   0
2   15.389    2.500 0 0   0
2   15.505    2.500 0 0   0
2   15.620    2.500 0 0   0
2   15.731    2.500 0 0   0
2   15.843    2.500 0 0   0
2   15.949    2.500 0 0   0
2   16.056    2.500 0 0   0
2   16.159    2.500 0 0   0
2   16.262    2.500 0 0   0
2   16.361    2.500 0 0   0
2   16.460    2.500 0 0   0
2   16.555    2.500 0 0   0
2   16.650    2.500 0 0   0
2   16.742    2.500 0 0   0
2   16.834    2.500 0 0   0
2   16.922    2.500 0 0   0
2   17.010    2.500 0 0   0
2   17.095    2.500 0 0   0
2   17.180    2.500 0 0   0
2   17.261    2.500 0 0   0
2   17.343    2.500 0 0   0
2   17.421    2.500 0 0   0
2   17.500    2.500 0 0   0
3    2.500   13.184 0 0   0
2    2.658   13.183 0 0   0
2    2.817   13.180 0 0   0
2    2.975   13.174 0 0   0
2    3.133   13.166 0 0   0
2    3.291   13.155 0 0   0
2    3.449   13.142 0 0   0
2    3.606   13.127 0 0   0
2    3.764   13.109 0 0   0
2    3.921   13.089 0 0   0
2    4.077   13.067 0 0   0
2    4.234   13.043 0 0   0
2    4.390   13.016 0 0   0
2    4.546   12.987 0 0   0
2    4.701   12.955 0 0   0
2    4.855   12.921 0 0   0
2    5.010   12.885 0 0   0
2    5.163   12.847 0 0   0
2    5.316   12.806 0 0   0
2    5.469   12.764 0 0   0
2    5.620   12.718 0 0   0
2    5.771   12.671 0 0   0
2    5.922   12.622 0 0   0
2    6.071   12.570 0 0   0
2    6.220   12.516 0 0   0
2    6.368   12.459 0 0   0
2    6.515   12.401 0 0   0
2    6.662   12.340 0 0   0
2    6.807   12.278 0 0   0
2    6.952   12.213 0 0   0
2    7.095   12.146 0 0   0
2    7.237   12.077 0 0   0
2    7.379   12.005 0 0   0
2    7.519   11.932 0 0   0
2    7.658   11.857 0 0   0
2    7.796   11.779 0 0   0
2    7.933   11.700 0 0   0
2    8.069   11.618 0 0   0
2    8.204   11.535 0 0   0
2    8.337   11.449 0 0   0
2    8.469   11.362 0 0   0
2    8.599   11.272 0 0   0
2    8.729   11.181 0 0   0
2    8.857   11.088 0 0   0
2    8.983   10.992 0 0   0
2    9.108   10.895 0 0   0
2    9.232   10.797 0 0   0
2    9.354   10.696 0 0   0
2    9.475   10.593 0 0   0
2    9.594   10.489 0 0   0
2    9.712   10.383 0 0   0
2    9.828   10.276 0 0   0
2    9.942   10.166 0 0   0
2   10.055   10.055 0 0   0
2   10.166    9.942 0 0   0
2   10.276    9.828 0 0   0
2   10.383    9.712 0 0   0
2   10.489    9.594 0 0   0
2   10.593    9.475 0 0   0
2   10.696    9.354 0 0   0
2   10.797    9.232 0 0   0
2   10.895    9.108 0 0   0
2   10.992    8.983 0 0   0
2   11.088    8.857 0 0   0
2   11.181    8.729 0 0   0
2   11.272    8.599 0 0   0
2   11.362    8.469 0 0   0
2   11.449    8.337 0 0   0
2   11.535    8.204 0 0   0
2   11.618    8.069 0 0   0
2   11.700    7.933 0 0   0
2   11.779    7.796 0 0   0
2   11.857    7.658 0 0   0
2   11.932    7.519 0 0   0
2   12.005    7.379 0 0   0
2   12.077    7.237 0 0   0
2   12.146    7.095 0 0   0
2   12.213    6.952 0 0   0
2   12.278    6.807 0 0   0
2   12.340    6.662 0 0   0
2   12.401    6.515 0 0   0
2   12.459    6.368 0 0   0
2   12.516    6.220 0 0   0
2   12.570    6.071 0 0   0
2   12.622    5.922 0 0   0
2   12.671    5.771 0 0   0
2   12.718    5.620 0 0   0
2   12.764    5.469 0 0   0
2   12.806    5.316 0 0   0
2   12.847    5.163 0 0   0
2   12.885    5.010 0 0   0
2   12.921    4.855 0 0   0
2   12.955    4.701 0 0   0
2   12.987    4.546 0 0   0
2   13.016    4.390 0 0   0
2   13.043    4.234 0 0   0
2   13.067    4.077 0 0   0
2   13.089    3.921 0 0   0
2   13.109    3.764 0 0   0
2   13.127    3.606 0 0   0
2   13.142    3.449 0 0   0
2   13.155    3.291 0 0   0
2   13.166    3.133 0 0   0
2   13.174    2.975 0 0   0
2   13.180    2.817 0 0   0
2   13.183    2.658 0 0   0
2   13.184    2.500 0 0   0
3    2.500   17.500 0 0   0
2    2.500   17.421 0 0   0
2    2.500   17.343 0 0   0
2    2.500   17.261 0 0   0
2    2.500   17.180 0 0   0
2    2.500   17.095 0 0   0
2    2.500   17.010 0 0   0
2    2.500   16.922 0 0   0
2    2.500   16.834 0 0   0
2    2.500   16.742 0 0   0
2    2.500   16.650 0 0   0
2    2.500   16.555 0 0   0
2    2.500   16.460 0 0   0
2    2.500   16.361 0 0   0
2    2.500   16.262 0 0   0
2    2.500   16.159 0 0   0
2    2.500   16.056 0 0   0
2    2.500   15.949 0 0   0
2    2.500   15.843 0 0   0
2    2.500   15.731 0 0   0
2    2.500   15.620 0 0   0
2    2.500   15.505 0 0   0
2    2.500   15.389 0 0   0
2    2.500   15.269 0 0   0
2    2.500   15.150 0 0   0
2    2.500   15.025 0 0   0
2    2.500   14.900 0 0   0
2    2.500   14.771 0 0   0
2    2.500   14.641 0 0   0
2    2.500   14.506 0 0   0
2    2.500   14.372 0 0   0
2    2.500   14.232 0 0   0
2    2.500   14.092 0 0   0
2    2.500   13.946 0 0   0
2    2.500   13.801 0 0   0
2    2.500   13.650 0 0   0
2    2.500   13.498 0 0   0
2    2.500   13.341 0 0   0
2    2.500   13.184 0 0   0
2    2.500   13.184 0 0   0
2    2.500   13.022 0 0   0
2    2.500   12.860 0 0   0
2    2.500   12.652 0 0   0
2    2.500   12.445 0 0   0
2    2.500   12.180 0 0   0
2    2.500   11.915 0 0   0
2    2.500   11.576 0 0   0
2    2.500   11.237 0 0   0
2    2.500   10.804 0 0   0
2    2.500   10.372 0 0   0
2    2.500   10.372 0 0   0
2    2.500    9.969 0 0   0
2    2.500    9.567 0 0   0
2    2.500    9.165 0 0   0
2    2.500    8.762 0 0   0
2    2.500    8.360 0 0   0
2    2.500    7.958 0 0   0
2    2.500    7.958 0 0   0
2    2.500    7.611 0 0   0
2    2.500    7.265 0 0   0
2    2.500    7.135 0 0   0
2    2.500    7.005 0 0   0
3    7.005    2.500 0 0   0
2    7.002    2.661 0 0   0
2    6.993    2.821 0 0   0
2    6.979    2.982 0 0   0
2    6.959    3.141 0 0   0
2    6.933    3.300 0 0   0
2    6.902    3.458 0 0   0
2    6.865    3.614 0 0   0
2    6.822    3.769 0 0   0
2    6.774    3.923 0 0   0
2    6.721    4.074 0 0   0
2    6.662    4.224 0 0   0
2    6.598    4.371 0 0   0
2    6.528    4.516 0 0   0
2    6.454    4.659 0 0   0
2    6.374    4.799 0 0   0
2    6.290    4.935 0 0   0
2    6.200    5.069 0 0   0
2    6.106    5.200 0 0   0
2    6.007    5.327 0 0   0
2    5.904    5.450 0 0   0
2    5.797    5.570 0 0   0
2    5.685    5.685 0 0   0
2    5.570    5.797 0 0   0
2    5.450    5.904 0 0   0
2    5.327    6.007 0 0   0
2    5.200    6.106 0 0   0
2    5.069    6.200 0 0   0
2    4.935    6.290 0 0   0
2    4.799    6.374 0 0   0
2    4.659    6.454 0 0   0
2    4.516    6.528 0 0   0
2    4.371    6.598 0 0   0
2    4.224    6.662 0 0   0
2    4.074    6.721 0 0   0
2    3.923    6.774 0 0   0
2    3.769    6.822 0 0   0
2    3.614    6.865 0 0   0
2    3.458    6.902 0 0   0
2    3.300    6.933 0 0   0
2    3.141    6.959 0 0   0
2    2.982    6.979 0 0   0
2    2.821    6.993 0 0   0
2    2.661    7.002 0 0   0
2    2.500    7.005 0 0   0
2    2.500    7.005 0 0   0
2    2.500    7.135 0 0   0
2    2.500    7.265 0 0   0
2    2.500    7.611 0 0   0
2    2.500    7.958 0 0   0
2    2.500    7.958 0 0   0
2    2.500    8.360 0 0   0
2    2.500    8.762 0 0   0
2    2.500    9.165 0 0   0
2    2.500    9.567 0 0   0
2    2.500    9.969 0 0   0
2    2.500   10.372 0 0   0
2    2.500   10.372 0 0   0
2    2.500   10.804 0 0   0
2    2.500   11.237 0 0   0
2    2.500   11.576 0 0   0
2    2.500   11.915 0 0   0
2    2.500   12.180 0 0   0
2    2.500   12.445 0 0   0
2    2.500   12.652 0 0   0
2    2.500   12.860 0 0   0
2    2.500   13.022 0 0   0
2    2.500   13.184 0 0   0
2    2.500   13.184 0 0   0
2    2.500   13.341 0 0   0
2    2.500   13.498 0 0   0
2    2.500   13.650 0 0   0
2    2.500   13.801 0 0   0
2    2.500   13.946 0 0   0
2    2.500   14.092 0 0   0
2    2.500   14.232 0 0   0
2    2.500   14.372 0 0   0
2    2.500   14.506 0 0   0
2    2.500   14.641 0 0   0
2    2.500   14.771 0 0   0
2    2.500   14.900 0 0   0
2    2.500   15.025 0 0   0
2    2.500   15.150 0 0   0
2    2.500   15.269 0 0   0
2    2.500   15.389 0 0   0
2    2.500   15.505 0 0   0
2    2.500   15.620 0 0   0
2    2.500   15.731 0 0   0
2    2.500   15.843 0 0   0
2    2.500   15.949 0 0   0
2    2.500   16.056 0 0   0
2    2.500   16.159 0 0   0
2    2.500   16.262 0 0   0
2    2.500   16.361 0 0   0
2    2.500   16.460 0 0   0
2    2.500   16.555 0 0   0
2    2.500   16.650 0 0   0
2    2.500   16.742 0 0   0
2    2.500   16.834 0 0   0
2    2.500   16.922 0 0   0
2    2.500   17.010 0 0   0
2    2.500   17.095 0 0   0
2    2.500   17.180 0 0   0
2    2.500   17.261 0 0   0
2    2.500   17.343 0 0   0
2    2.500   17.421 0 0   0
2    2.500   17.500 0 0   0
2    2.500   17.500 0 0   0
2    2.579   17.500 0 0   0
2    2.657   17.499 0 0   0
2    2.736   17.498 0 0   0
2    2.814   17.497 0 0   0
2    2.893   17.495 0 0   0
2    2.971   17.493 0 0   0
2    3.050   17.490 0 0   0
2    3.128   17.487 0 0   0
2    3.207   17.483 0 0   0
2    3.285   17.479 0 0   0
2    3.363   17.475 0 0   0
2    3.442   17.470 0 0   0
2    3.520   17.465 0 0   0
2    3.599   17.460 0 0   0
2    3.677   17.454 0 0   0
2    3.755   17.447 0 0   0
2    3.833   17.441 0 0   0
2    3.912   17.433 0 0   0
2    3.990   17.426 0 0   0
2    4.068   17.418 0 0   0
2    4.146   17.409 0 0   0
2    4.224   17.401 0 0   0
2    4.302   17.391 0 0   0
2    4.380   17.382 0 0   0
2    4.458   17.372 0 0   0
2    4.536   17.361 0 0   0
2    4.614   17.350 0 0   0
2    4.691   17.339 0 0   0
2    4.769   17.327 0 0   0
2    4.847   17.315 0 0   0
2    4.924   17.303 0 0   0
2    5.002   17.290 0 0   0
2    5.079   17.277 0 0   0
2    5.156   17.263 0 0   0
2    5.234   17.249 0 0   0
2    5.311   17.234 0 0   0
2    5.388   17.219 0 0   0
2    5.465   17.204 0 0   0
2    5.542   17.188 0 0   0
2    5.619   17.172 0 0   0
2    5.695   17.156 0 0   0
2    5.772   17.139 0 0   0
2    5.849   17.121 0 0   0
2    5.925   17.104 0 0   0
2    6.002   17.086 0 0   0
2    6.078   17.067 0 0   0
2    6.154   17.048 0 0   0
2    6.230   17.029 0 0   0
2    6.306   17.009 0 0   0
2    6.382   16.989 0 0   0
2    6.458   16.968 0 0   0
2    6.534   16.947 0 0   0
2    6.609   16.926 0 0   0
2    6.685   16.904 0 0   0
2    6.760   16.882 0 0   0
2    6.835   16.860 0 0   0
2    6.911   16.837 0 0   0
2    6.986   16.814 0 0   0
2    7.060   16.790 0 0   0
2    7.135   16.766 0 0   0
2    7.210   16.741 0 0   0
2    7.284   16.717 0 0   0
2    7.359   16.691 0 0   0
2    7.433   16.666 0 0   0
2    7.507   16.640 0 0   0
2    7.581   16.613 0 0   0
2    7.655   16.586 0 0   0
2    7.729   16.559 0 0   0
2    7.802   16.532 0 0   0
2    7.876   16.504 0 0   0
2    7.949   16.475 0 0   0
2    8.022   16.447 0 0   0
2    8.095   16.418 0 0   0
2    8.168   16.388 0 0   0
2    8.240   16.358 0 0   0
2    8.313   16.328 0 0   0
2    8.385   16.297 0 0   0
2    8.457   16.266 0 0   0
2    8.529   16.235 0 0   0
2    8.601   16.203 0 0   0
2    8.673   16.171 0 0   0
2    8.744   16.139 0 0   0
2    8.816   16.106 0 0   0
2    8.887   16.072 0 0   0
2    8.958   16.039 0 0   0
2    9.028   16.005 0 0   0
2    9.099   15.970 0 0   0
2    9.170   15.936 0 0   0
2    9.240   15.901 0 0   0
2    9.310   15.865 0 0   0
2    9.380   15.829 0 0   0
2    9.449   15.793 0 0   0
2    9.519   15.756 0 0   0
2    9.588   15.720 0 0   0
2    9.657   15.682 0 0   0
2    9.726   15.645 0 0   0
2    9.795   15.607 0 0   0
2    9.864   15.568 0 0   0
2    9.932   15.529 0 0   0
2   10.000   15.490 0 0   0
2   10.068   15.451 0 0   0
2   10.136   15.411 0 0   0
2   10.203   15.371 0 0   0
2   10.270   15.330 0 0   0
2   10.337   15.290 0 0   0
2   10.404   15.248 0 0   0
2   10.471   15.207 0 0   0
2   10.537   15.165 0 0   0
2   10.604   15.123 0 0   0
2   10.670   15.080 0 0   0
2   10.735   15.037 0 0   0
2   10.801   14.994 0 0   0
2   10.866   14.950 0 0   0
2   10.931   14.906 0 0   0
2   10.996   14.862 0 0   0
2   11.061   14.817 0 0   0
2   11.125   14.772 0 0   0
2   11.189   14.727 0 0   0
2   11.253   14.681 0 0   0
2   11.317   14.635 0 0   0
2   11.380   14.589 0 0   0
2   11.443   14.542 0 0   0
2   11.506   14.495 0 0   0
2   11.569   14.448 0 0   0
2   11.631   14.400 0 0   0
2   11.694   14.352 0 0   0
2   11.756   14.304 0 0   0
2   11.817   14.255 0 0   0
2   11.879   14.206 0 0   0
2   11.940   14.157 0 0   0
2   12.001   14.108 0 0   0
2   12.061   14.058 0 0   0
2   12.122   14.007 0 0   0
2   12.182   13.957 0 0   0
2   12.242   13.906 0 0   0
2   12.301   13.855 0 0   0
2   12.361   13.803 0 0   0
2   12.420   13.752 0 0   0
2   12.478   13.700 0 0   0
2   12.537   13.647 0 0   0
2   12.595   13.594 0 0   0
2   12.653   13.541 0 0   0
2   12.711   13.488 0 0   0
2   12.768   13.435 0 0   0
2   12.825   13.381 0 0   0
2   12.882   13.326 0 0   0
2   12.939   13.272 0 0   0
2   12.995   13.217 0 0   0
2   13.051   13.162 0 0   0
2   13.107   13.107 0 0   0
2   13.162   13.051 0 0   0
2   13.217   12.995 0 0   0
2   13.272   12.939 0 0   0
2   13.326   12.882 0 0   0
2   13.381   12.825 0 0   0
2   13.435   12.768 0 0   0
2   13.488   12.711 0 0   0
2   13.541   12.653 0 0   0
2   13.594   12.595 0 0   0
2   13.647   12.537 0 0   0
2   13.700   12.478 0 0   0
2   13.752   12.420 0 0   0
2   13.803   12.361 0 0   0
2   13.855   12.301 0 0   0
2   13.906   12.242 0 0   0
2   13.957   12.182 0 0   0
2   14.007   12.122 0 0   0
2   14.058   12.061 0 0   0
2   14.108   12.001 0 0   0
2   14.157   11.940 0 0   0
2   14.206   11.879 0 0   0
2   14.255   11.817 0 0   0
2   14.304   11.756 0 0   0
2   14.352   11.694 0 0   0
2   14.400   11.631 0 0   0
2   14.448   11.569 0 0   0
2   14.495   11.506 0 0   0
2   14.542   11.443 0 0   0
2   14.589   11.380 0 0   0
2   14.635   11.317 0 0   0
2   14.681   11.253 0 0   0
2   14.727   11.189 0 0   0
2   14.772   11.125 0 0   0
2   14.817   11.061 0 0   0
2   14.862   10.996 0 0   0
2   14.906   10.931 0 0   0
2   14.950   10.866 0 0   0
2   14.994   10.801 0 0   0
2   15.037   10.735 0 0   0
2   15.080   10.670 0 0   0
2   15.123   10.604 0 0   0
2   15.165   10.537 0 0   0
2   15.207   10.471 0 0   0
2   15.248   10.404 0 0   0
2   15.290   10.337 0 0   0
2   15.330   10.270 0 0   0
2   15.371   10.203 0 0   0
2   15.411   10.136 0 0   0
2   15.451   10.068 0 0   0
2   15.490   10.000 0 0   0
2   15.529    9.932 0 0   0
2   15.568    9.864 0 0   0
2   15.607    9.795 0 0   0
2   15.645    9.726 0 0   0
2   15.682    9.657 0 0   0
2   15.720    9.588 0 0   0
2   15.756    9.519 0 0   0
2   15.793    9.449 0 0   0
2   15.829    9.380 0 0   0
2   15.865    9.310 0 0   0
2   15.901    9.240 0 0   0
2   15.936    9.170 0 0   0
2   15.970    9.099 0 0   0
2   16.005    9.028 0 0   0
2   16.039    8.958 0 0   0
2   16.072    8.887 0 0   0
2   16.106    8.816 0 0   0
2   16.139    8.744 0 0   0
2   16.171    8.673 0 0   0
2   16.203    8.601 0 0   0
2   16.235    8.529 0 0   0
2   16.266    8.457 0 0   0
2   16.297    8.385 0 0   0
2   16.328    8.313 0 0   0
2   16.358    8.240 0 0   0
2   16.388    8.168 0 0   0
2   16.418    8.095 0 0   0
2   16.447    8.022 0 0   0
2   16.475    7.949 0 0   0
2   16.504    7.876 0 0   0
2   16.532    7.802 0 0   0
2   16.559    7.729 0 0   0
2   16.586    7.655 0 0   0
2   16.613    7.581 0 0   0
2   16.640    7.507 0 0   0
2   16.666    7.433 0 0   0
2   16.691    7.359 0 0   0
2   16.717    7.284 0 0   0
2   16.741    7.210 0 0   0
2   16.766    7.135 0 0   0
2   16.790    7.060 0 0   0
2   16.814    6.986 0 0   0
2   16.837    6.911 0 0   0
2   16.860    6.835 0 0   0
2   16.882    6.760 0 0   0
2   16.904    6.685 0 0   0
2   16.926    6.609 0 0   0
2   16.947    6.534 0 0   0
2   16.968    6.458 0 0   0
2   16.989    6.382 0 0   0
2   17.009    6.306 0 0   0
2   17.029    6.230 0 0   0
2   17.048    6.154 0 0   0
2   17.067    6.078 0 0   0
2   17.086    6.002 0 0   0
2   17.104    5.925 0 0   0
2   17.121    5.849 0 0   0
2   17.139    5.772 0 0   0
2   17.156    5.695 0 0   0
2   17.172    5.619 0 0   0
2   17.188    5.542 0 0   0
2   17.204    5.465 0 0   0
2   17.219    5.388 0 0   0
2   17.234    5.311 0 0   0
2   17.249    5.234 0 0   0
2   17.263    5.156 0 0   0
2   17.277    5.079 0 0   0
2   17.290    5.002 0 0   0
2   17.303    4.924 0 0   0
2   17.315    4.847 0 0   0
2   17.327    4.769 0 0   0
2   17.339    4.691 0 0   0
2   17.350    4.614 0 0   0
2   17.361    4.536 0 0   0
2   17.372    4.458 0 0   0
2   17.382    4.380 0 0   0
2   17.391    4.302 0 0   0
2   17.401    4.224 0 0   0
2   17.409    4.146 0 0   0
2   17.418    4.068 0 0   0
2   17.426    3.990 0 0   0
2   17.433    3.912 0 0   0
2   17.441    3.833 0 0   0
2   17.447    3.755 0 0   0
2   17.454    3.677 0 0   0
2   17.460    3.599 0 0   0
2   17.465    3.520 0 0   0
2   17.470    3.442 0 0   0
2   17.475    3.363 0 0   0
2   17.479    3.285 0 0   0
2   17.483    3.207 0 0   0
2   17.487    3.128 0 0   0
2   17.490    3.050 0 0   0
2   17.493    2.971 0 0   0
2   17.495    2.893 0 0   0
2   17.497    2.814 0 0   0
2   17.498    2.736 0 0   0
2   17.499    2.657 0 0   0
2   17.500    2.579 0 0   0
2   17.500    2.500 0 0   0
2   17.500    2.500 0 0   0
2   17.421    2.500 0 0   0
2   17.343    2.500 0 0   0
2   17.261    2.500 0 0   0
2   17.180    2.500 0 0   0
2   17.095    2.500 0 0   0
2   17.010    2.500 0 0   0
2   16.922    2.500 0 0   0
2   16.834    2.500 0 0   0
2   16.742    2.500 0 0   0
2   16.650    2.500 0 0   0
2   16.555    2.500 0 0   0
2   16.460    2.500 0 0   0
2   16.361    2.500 0 0   0
2   16.262    2.500 0 0   0
2   16.159    2.500 0 0   0
2   16.056    2.500 0 0   0
2   15.949    2.500 0 0   0
2   15.843    2.500 0 0   0
2   15.731    2.500 0 0   0
2   15.620    2.500 0 0   0
2   15.505    2.500 0 0   0
2   15.389    2.500 0 0   0
2   15.269    2.500 0 0   0
2   15.150    2.500 0 0   0
2   15.025    2.500 0 0   0
2   14.900    2.500 0 0   0
2   14.771    2.500 0 0   0
2   14.641    2.500 0 0   0
2   14.506    2.500 0 0   0
2   14.372    2.500 0 0   0
2   14.232    2.500 0 0   0
2   14.092    2.500 0 0   0
2   13.946    2.500 0 0   0
2   13.801    2.500 0 0   0
2   13.650    2.500 0 0   0
2   13.498    2.500 0 0   0
2   13.341    2.500 0 0   0
2   13.184    2.500 0 0   0
2   13.184    2.500 0 0   0
2   13.022    2.500 0 0   0
2   12.860    2.500 0 0   0
2   12.652    2.500 0 0   0
2   12.445    2.500 0 0   0
2   12.180    2.500 0 0   0
2   11.915    2.500 0 0   0
2   11.576    2.500 0 0   0
2   11.237    2.500 0 0   0
2   10.804    2.500 0 0   0
2   10.372    2.500 0 0   0
2   10.372    2.500 0 0   0
2    9.969    2.500 0 0   0
2    9.567    2.500 0 0   0
2    9.165    2.500 0 0   0
2    8.762    2.500 0 0   0
2    8.360    2.500 0 0   0
2    7.958    2.500 0 0   0
2    7.958    2.500 0 0   0
2    7.611    2.500 0 0   0
2    7.265    2.500 0 0   0
2    7.135    2.500 0 0   0
2    7.005    2.500 0 0   0
5    0.000    0.000 0 0   0
