1    1.000   18.000 0 0   0
6    3.500    0.750    0.000    0.250  80
x                                                                               
3   23.750    0.875 0 0   0
2   24.500    0.875 0 0   0
2   24.250    1.000 0 0   0
2   24.250    0.750 0 0   0
2   24.500    0.875 0 0   0
6    0.875    3.500   90.000    0.250  80
y                                                                               
3    0.750   23.750 0 0   0
2    0.750   24.500 0 0   0
2    0.625   24.250 0 0   0
2    0.875   24.250 0 0   0
2    0.750   24.500 0 0   0
3   12.440    3.597 0 0   0
2   12.440    3.597 0 0   0
2   12.440    3.597 0 0   0
2   12.440    3.597 0 0   0
2   12.440    3.597 0 0   0
3    2.500   10.598 0 0   0
2    2.500   10.598 0 0   0
2    2.504   10.598 0 0   0
2    2.590   10.598 0 0   0
2    2.596   10.598 0 0   0
2    2.680   10.597 0 0   0
2    2.688   10.597 0 0   0
2    2.769   10.596 0 0   0
2    2.781   10.596 0 0   0
2    2.859   10.594 0 0   0
2    2.873   10.594 0 0   0
2    2.947   10.592 0 0   0
2    2.967   10.591 0 0   0
2    3.037   10.589 0 0   0
2    3.060   10.588 0 0   0
2    3.125   10.586 0 0   0
2    3.155   10.585 0 0   0
2    3.214   10.582 0 0   0
2    3.248   10.581 0 0   0
2    3.301   10.578 0 0   0
2    3.343   10.576 0 0   0
2    3.390   10.574 0 0   0
2    3.436   10.571 0 0   0
2    3.476   10.569 0 0   0
2    3.532   10.565 0 0   0
2    3.564   10.563 0 0   0
2    3.625   10.559 0 0   0
2    3.649   10.557 0 0   0
2    3.721   10.552 0 0   0
2    3.736   10.551 0 0   0
2    3.813   10.544 0 0   0
2    3.820   10.544 0 0   0
2    3.885   10.538 0 0   0
2    3.907   10.536 0 0   0
2    3.909   10.536 0 0   0
2    3.989   10.529 0 0   0
2    4.001   10.527 0 0   0
2    4.075   10.520 0 0   0
2    4.096   10.518 0 0   0
2    4.157   10.512 0 0   0
2    4.188   10.508 0 0   0
2    4.240   10.502 0 0   0
2    4.282   10.497 0 0   0
2    4.322   10.493 0 0   0
2    4.373   10.486 0 0   0
2    4.404   10.482 0 0   0
2    4.466   10.474 0 0   0
2    4.484   10.472 0 0   0
2    4.557   10.462 0 0   0
2    4.565   10.461 0 0   0
2    4.620   10.453 0 0   0
2    4.644   10.449 0 0   0
2    4.648   10.449 0 0   0
2    4.724   10.437 0 0   0
2    4.738   10.435 0 0   0
2    4.802   10.425 0 0   0
2    4.829   10.421 0 0   0
2    4.880   10.412 0 0   0
2    4.918   10.406 0 0   0
2    4.956   10.399 0 0   0
2    5.008   10.390 0 0   0
2    5.034   10.386 0 0   0
2    5.095   10.374 0 0   0
2    5.109   10.372 0 0   0
2    5.184   10.357 0 0   0
2    5.185   10.357 0 0   0
2    5.194   10.355 0 0   0
2    5.259   10.342 0 0   0
2    5.269   10.340 0 0   0
2    5.334   10.327 0 0   0
2    5.357   10.322 0 0   0
2    5.407   10.311 0 0   0
2    5.441   10.304 0 0   0
2    5.480   10.295 0 0   0
2    5.526   10.284 0 0   0
2    5.552   10.278 0 0   0
2    5.609   10.265 0 0   0
2    5.689   10.245 0 0   0
2    5.693   10.244 0 0   0
2    5.711   10.240 0 0   0
2    5.775   10.223 0 0   0
2    5.788   10.220 0 0   0
2    5.857   10.202 0 0   0
2    5.887   10.194 0 0   0
2    5.938   10.180 0 0   0
2    5.983   10.167 0 0   0
2    6.017   10.158 0 0   0
2    6.080   10.139 0 0   0
2    6.098   10.134 0 0   0
2    6.174   10.111 0 0   0
2    6.175   10.111 0 0   0
2    6.182   10.109 0 0   0
2    6.255   10.086 0 0   0
2    6.269   10.082 0 0   0
2    6.331   10.062 0 0   0
2    6.361   10.052 0 0   0
2    6.409   10.036 0 0   0
2    6.453   10.021 0 0   0
2    6.484   10.010 0 0   0
2    6.543    9.990 0 0   0
2    6.560    9.984 0 0   0
2    6.633    9.957 0 0   0
2    6.634    9.957 0 0   0
2    6.643    9.954 0 0   0
2    6.705    9.930 0 0   0
2    6.716    9.926 0 0   0
2    6.774    9.904 0 0   0
2    6.799    9.894 0 0   0
2    6.843    9.877 0 0   0
2    6.878    9.863 0 0   0
2    6.910    9.850 0 0   0
2    6.959    9.830 0 0   0
2    6.978    9.822 0 0   0
2    7.036    9.797 0 0   0
2    7.044    9.794 0 0   0
2    7.086    9.775 0 0   0
2    7.111    9.765 0 0   0
2    7.115    9.763 0 0   0
2    7.175    9.736 0 0   0
2    7.190    9.729 0 0   0
2    7.241    9.706 0 0   0
2    7.266    9.694 0 0   0
2    7.304    9.677 0 0   0
2    7.339    9.660 0 0   0
2    7.368    9.646 0 0   0
2    7.413    9.624 0 0   0
2    7.430    9.616 0 0   0
2    7.485    9.588 0 0   0
2    7.492    9.585 0 0   0
2    7.537    9.562 0 0   0
2    7.553    9.553 0 0   0
2    7.556    9.552 0 0   0
2    7.614    9.521 0 0   0
2    7.626    9.515 0 0   0
2    7.642    9.507 0 0   0
2    7.695    9.478 0 0   0
2    7.724    9.462 0 0   0
2    7.764    9.440 0 0   0
2    7.803    9.418 0 0   0
2    7.831    9.403 0 0   0
2    7.883    9.372 0 0   0
2    7.899    9.363 0 0   0
2    7.959    9.328 0 0   0
2    7.963    9.325 0 0   0
2    7.986    9.311 0 0   0
2    8.030    9.285 0 0   0
2    8.036    9.281 0 0   0
2    8.093    9.246 0 0   0
2    8.110    9.236 0 0   0
2    8.157    9.205 0 0   0
2    8.184    9.188 0 0   0
2    8.219    9.165 0 0   0
2    8.255    9.142 0 0   0
2    8.282    9.124 0 0   0
2    8.326    9.094 0 0   0
2    8.343    9.083 0 0   0
2    8.396    9.047 0 0   0
2    8.404    9.041 0 0   0
2    8.456    9.004 0 0   0
2    8.463    8.999 0 0   0
2    8.464    8.998 0 0   0
2    8.522    8.957 0 0   0
2    8.531    8.950 0 0   0
2    8.580    8.914 0 0   0
2    8.598    8.901 0 0   0
2    8.639    8.871 0 0   0
2    8.662    8.853 0 0   0
2    8.695    8.828 0 0   0
2    8.727    8.803 0 0   0
2    8.752    8.784 0 0   0
2    8.790    8.754 0 0   0
2    8.807    8.740 0 0   0
2    8.853    8.703 0 0   0
2    8.863    8.695 0 0   0
2    8.913    8.654 0 0   0
2    8.916    8.651 0 0   0
2    8.941    8.630 0 0   0
2    8.971    8.605 0 0   0
2    8.974    8.602 0 0   0
2    9.023    8.560 0 0   0
2    9.032    8.552 0 0   0
2    9.076    8.514 0 0   0
2    9.091    8.500 0 0   0
2    9.127    8.468 0 0   0
2    9.148    8.450 0 0   0
2    9.179    8.421 0 0   0
2    9.205    8.398 0 0   0
2    9.229    8.375 0 0   0
2    9.260    8.346 0 0   0
6    9.260    8.291    0.000    0.150   1
2
3    9.260    8.346 0 0   0
2    9.280    8.328 0 0   0
2    9.316    8.294 0 0   0
2    9.329    8.281 0 0   0
2    9.369    8.241 0 0   0
2    9.378    8.233 0 0   0
2    9.423    8.188 0 0   0
2    9.426    8.185 0 0   0
2    9.465    8.146 0 0   0
2    9.474    8.136 0 0   0
2    9.475    8.136 0 0   0
2    9.521    8.088 0 0   0
2    9.527    8.082 0 0   0
2    9.568    8.039 0 0   0
2    9.578    8.029 0 0   0
2    9.614    7.990 0 0   0
2    9.629    7.975 0 0   0
2    9.660    7.940 0 0   0
2    9.678    7.921 0 0   0
2    9.705    7.891 0 0   0
2    9.727    7.866 0 0   0
2    9.750    7.840 0 0   0
2    9.774    7.812 0 0   0
2    9.803    7.779 0 0   0
2    9.821    7.758 0 0   0
2    9.855    7.719 0 0   0
2    9.868    7.702 0 0   0
2    9.904    7.659 0 0   0
2    9.914    7.648 0 0   0
2    9.954    7.598 0 0   0
2    9.960    7.592 0 0   0
2   10.002    7.539 0 0   0
2   10.004    7.537 0 0   0
2   10.024    7.511 0 0   0
2   10.048    7.480 0 0   0
2   10.050    7.478 0 0   0
2   10.091    7.425 0 0   0
2   10.096    7.418 0 0   0
2   10.135    7.367 0 0   0
2   10.143    7.356 0 0   0
2   10.176    7.311 0 0   0
2   10.187    7.296 0 0   0
2   10.218    7.254 0 0   0
2   10.232    7.234 0 0   0
2   10.258    7.197 0 0   0
2   10.275    7.174 0 0   0
2   10.299    7.139 0 0   0
2   10.318    7.112 0 0   0
2   10.338    7.082 0 0   0
2   10.359    7.051 0 0   0
2   10.378    7.024 0 0   0
2   10.401    6.989 0 0   0
2   10.416    6.966 0 0   0
2   10.441    6.928 0 0   0
2   10.454    6.907 0 0   0
2   10.481    6.865 0 0   0
2   10.491    6.849 0 0   0
2   10.519    6.804 0 0   0
2   10.528    6.790 0 0   0
2   10.558    6.741 0 0   0
2   10.563    6.732 0 0   0
2   10.595    6.679 0 0   0
2   10.599    6.672 0 0   0
2   10.632    6.616 0 0   0
2   10.634    6.613 0 0   0
2   10.668    6.554 0 0   0
2   10.668    6.554 0 0   0
2   10.671    6.549 0 0   0
2   10.702    6.493 0 0   0
2   10.704    6.490 0 0   0
2   10.736    6.432 0 0   0
2   10.739    6.427 0 0   0
2   10.769    6.372 0 0   0
2   10.774    6.362 0 0   0
2   10.801    6.310 0 0   0
2   10.807    6.299 0 0   0
2   10.833    6.249 0 0   0
2   10.841    6.234 0 0   0
2   10.864    6.188 0 0   0
2   10.873    6.171 0 0   0
2   10.895    6.127 0 0   0
2   10.905    6.106 0 0   0
2   10.925    6.064 0 0   0
2   10.936    6.042 0 0   0
2   10.954    6.003 0 0   0
2   10.966    5.977 0 0   0
2   10.984    5.940 0 0   0
2   10.996    5.914 0 0   0
2   11.012    5.879 0 0   0
2   11.025    5.848 0 0   0
2   11.040    5.816 0 0   0
2   11.054    5.784 0 0   0
2   11.067    5.754 0 0   0
2   11.082    5.719 0 0   0
2   11.094    5.690 0 0   0
2   11.109    5.655 0 0   0
2   11.120    5.628 0 0   0
2   11.136    5.589 0 0   0
2   11.145    5.564 0 0   0
2   11.161    5.525 0 0   0
2   11.170    5.502 0 0   0
2   11.187    5.458 0 0   0
2   11.195    5.438 0 0   0
2   11.211    5.394 0 0   0
2   11.219    5.375 0 0   0
2   11.236    5.328 0 0   0
2   11.242    5.311 0 0   0
2   11.259    5.264 0 0   0
2   11.265    5.248 0 0   0
2   11.283    5.197 0 0   0
2   11.287    5.183 0 0   0
2   11.305    5.132 0 0   0
2   11.309    5.119 0 0   0
2   11.327    5.065 0 0   0
2   11.330    5.054 0 0   0
2   11.348    5.001 0 0   0
2   11.351    4.991 0 0   0
2   11.369    4.933 0 0   0
2   11.371    4.925 0 0   0
2   11.388    4.869 0 0   0
2   11.405    4.811 0 0   0
2   11.407    4.804 0 0   0
2   11.425    4.742 0 0   0
2   11.427    4.736 0 0   0
2   11.443    4.676 0 0   0
2   11.444    4.672 0 0   0
2   11.462    4.607 0 0   0
2   11.463    4.604 0 0   0
2   11.479    4.541 0 0   0
2   11.479    4.539 0 0   0
2   11.496    4.472 0 0   0
2   11.496    4.470 0 0   0
2   11.512    4.406 0 0   0
2   11.512    4.405 0 0   0
2   11.528    4.337 0 0   0
2   11.528    4.337 0 0   0
2   11.535    4.304 0 0   0
2   11.543    4.271 0 0   0
2   11.543    4.271 0 0   0
2   11.557    4.203 0 0   0
2   11.557    4.202 0 0   0
2   11.571    4.137 0 0   0
2   11.571    4.136 0 0   0
2   11.584    4.068 0 0   0
2   11.585    4.067 0 0   0
2   11.597    4.003 0 0   0
2   11.597    4.000 0 0   0
2   11.609    3.934 0 0   0
2   11.610    3.931 0 0   0
2   11.620    3.867 0 0   0
2   11.621    3.865 0 0   0
2   11.632    3.798 0 0   0
2   11.632    3.796 0 0   0
2   11.642    3.732 0 0   0
2   11.642    3.729 0 0   0
2   11.652    3.663 0 0   0
2   11.652    3.660 0 0   0
2   11.661    3.596 0 0   0
2   11.662    3.593 0 0   0
2   11.670    3.526 0 0   0
2   11.670    3.524 0 0   0
2   11.678    3.460 0 0   0
2   11.678    3.457 0 0   0
2   11.686    3.390 0 0   0
2   11.686    3.388 0 0   0
2   11.693    3.323 0 0   0
2   11.693    3.321 0 0   0
2   11.700    3.253 0 0   0
2   11.700    3.251 0 0   0
2   11.705    3.186 0 0   0
2   11.706    3.185 0 0   0
2   11.711    3.115 0 0   0
2   11.711    3.115 0 0   0
2   11.715    3.057 0 0   0
2   11.716    3.048 0 0   0
2   11.716    3.048 0 0   0
2   11.720    2.978 0 0   0
2   11.720    2.978 0 0   0
2   11.724    2.911 0 0   0
2   11.724    2.910 0 0   0
2   11.727    2.841 0 0   0
2   11.727    2.839 0 0   0
2   11.729    2.774 0 0   0
2   11.729    2.771 0 0   0
2   11.731    2.704 0 0   0
2   11.731    2.700 0 0   0
2   11.733    2.637 0 0   0
2   11.733    2.632 0 0   0
2   11.733    2.567 0 0   0
2   11.734    2.561 0 0   0
2   11.734    2.500 0 0   0
3    2.500    9.491 0 0   0
2    2.500    9.491 0 0   0
2    2.583    9.491 0 0   0
2    2.609    9.491 0 0   0
2    2.718    9.489 0 0   0
2    2.741    9.489 0 0   0
2    2.830    9.487 0 0   0
2    2.849    9.487 0 0   0
2    2.965    9.483 0 0   0
2    2.978    9.483 0 0   0
2    3.075    9.479 0 0   0
2    3.082    9.479 0 0   0
2    3.188    9.474 0 0   0
2    3.208    9.473 0 0   0
2    3.210    9.473 0 0   0
2    3.310    9.468 0 0   0
2    3.315    9.468 0 0   0
2    3.322    9.467 0 0   0
2    3.421    9.461 0 0   0
2    3.436    9.460 0 0   0
2    3.549    9.452 0 0   0
2    3.573    9.451 0 0   0
2    3.653    9.444 0 0   0
2    3.686    9.442 0 0   0
2    3.774    9.434 0 0   0
2    3.816    9.430 0 0   0
2    3.875    9.424 0 0   0
2    3.927    9.419 0 0   0
2    3.987    9.413 0 0   0
2    4.049    9.406 0 0   0
2    4.086    9.402 0 0   0
2    4.157    9.393 0 0   0
2    4.190    9.389 0 0   0
2    4.270    9.379 0 0   0
2    4.286    9.377 0 0   0
2    4.376    9.364 0 0   0
2    4.428    9.357 0 0   0
2    4.477    9.350 0 0   0
2    4.485    9.349 0 0   0
2    4.575    9.335 0 0   0
2    4.597    9.332 0 0   0
2    4.670    9.320 0 0   0
2    4.709    9.313 0 0   0
2    4.766    9.304 0 0   0
2    4.819    9.294 0 0   0
2    4.860    9.287 0 0   0
2    4.931    9.274 0 0   0
2    4.954    9.270 0 0   0
2    5.039    9.253 0 0   0
2    5.046    9.252 0 0   0
2    5.079    9.245 0 0   0
2    5.139    9.233 0 0   0
2    5.150    9.231 0 0   0
2    5.228    9.214 0 0   0
2    5.257    9.208 0 0   0
2    5.319    9.194 0 0   0
2    5.365    9.184 0 0   0
2    5.407    9.174 0 0   0
2    5.470    9.159 0 0   0
2    5.496    9.152 0 0   0
2    5.576    9.132 0 0   0
2    5.582    9.131 0 0   0
2    5.615    9.122 0 0   0
2    5.669    9.108 0 0   0
2    5.680    9.106 0 0   0
2    5.753    9.086 0 0   0
2    5.784    9.078 0 0   0
2    5.838    9.062 0 0   0
2    5.885    9.049 0 0   0
2    5.921    9.039 0 0   0
2    5.987    9.019 0 0   0
2    6.004    9.014 0 0   0
2    6.080    8.990 0 0   0
2    6.085    8.989 0 0   0
2    6.086    8.988 0 0   0
2    6.087    8.988 0 0   0
2    6.183    8.957 0 0   0
2    6.214    8.947 0 0   0
2    6.282    8.924 0 0   0
2    6.340    8.905 0 0   0
2    6.378    8.891 0 0   0
2    6.462    8.861 0 0   0
2    6.473    8.857 0 0   0
2    6.509    8.844 0 0   0
2    6.567    8.822 0 0   0
2    6.585    8.816 0 0   0
2    6.660    8.786 0 0   0
2    6.703    8.769 0 0   0
2    6.751    8.750 0 0   0
2    6.822    8.721 0 0   0
2    6.842    8.712 0 0   0
2    6.907    8.684 0 0   0
2    6.930    8.675 0 0   0
2    6.936    8.672 0 0   0
2    7.019    8.635 0 0   0
2    7.050    8.621 0 0   0
2    7.105    8.595 0 0   0
2    7.160    8.569 0 0   0
2    7.191    8.554 0 0   0
2    7.269    8.516 0 0   0
2    7.275    8.513 0 0   0
2    7.298    8.502 0 0   0
2    7.354    8.474 0 0   0
2    7.367    8.467 0 0   0
2    7.428    8.435 0 0   0
2    7.461    8.418 0 0   0
2    7.503    8.395 0 0   0
2    7.551    8.369 0 0   0
2    7.575    8.355 0 0   0
2    7.642    8.317 0 0   0
2    7.648    8.314 0 0   0
2    7.673    8.300 0 0   0
2    7.718    8.274 0 0   0
2    7.727    8.268 0 0   0
2    7.788    8.232 0 0   0
2    7.814    8.216 0 0   0
2    7.856    8.190 0 0   0
2    7.897    8.165 0 0   0
2    7.925    8.147 0 0   0
2    7.979    8.112 0 0   0
2    7.991    8.104 0 0   0
2    8.052    8.064 0 0   0
2    8.058    8.060 0 0   0
2    8.059    8.059 0 0   0
2    8.061    8.058 0 0   0
2    8.137    8.006 0 0   0
2    8.161    7.989 0 0   0
2    8.215    7.951 0 0   0
2    8.256    7.922 0 0   0
2    8.289    7.897 0 0   0
2    8.350    7.852 0 0   0
2    8.365    7.841 0 0   0
2    8.420    7.799 0 0   0
2    8.436    7.787 0 0   0
2    8.439    7.784 0 0   0
2    8.509    7.729 0 0   0
2    8.528    7.714 0 0   0
2    8.577    7.674 0 0   0
2    8.612    7.645 0 0   0
2    8.647    7.616 0 0   0
6    8.660    7.550    0.000    0.150   1
3
3    8.647    7.616 0 0   0
2    8.695    7.574 0 0   0
2    8.714    7.559 0 0   0
2    8.775    7.505 0 0   0
2    8.780    7.500 0 0   0
2    8.803    7.480 0 0   0
2    8.844    7.442 0 0   0
2    8.853    7.434 0 0   0
2    8.908    7.383 0 0   0
2    8.928    7.364 0 0   0
2    8.970    7.324 0 0   0
2    9.002    7.292 0 0   0
2    9.031    7.263 0 0   0
2    9.073    7.222 0 0   0
2    9.090    7.204 0 0   0
2    9.144    7.149 0 0   0
2    9.150    7.142 0 0   0
2    9.186    7.104 0 0   0
2    9.207    7.082 0 0   0
2    9.210    7.079 0 0   0
2    9.264    7.019 0 0   0
2    9.277    7.006 0 0   0
2    9.319    6.958 0 0   0
2    9.340    6.935 0 0   0
2    9.374    6.895 0 0   0
2    9.403    6.861 0 0   0
2    9.427    6.833 0 0   0
2    9.463    6.790 0 0   0
2    9.480    6.769 0 0   0
2    9.522    6.716 0 0   0
2    9.531    6.706 0 0   0
2    9.580    6.644 0 0   0
2    9.581    6.642 0 0   0
2    9.593    6.627 0 0   0
2    9.630    6.577 0 0   0
2    9.636    6.570 0 0   0
2    9.679    6.512 0 0   0
2    9.690    6.497 0 0   0
2    9.726    6.448 0 0   0
2    9.744    6.423 0 0   0
2    9.773    6.381 0 0   0
2    9.795    6.350 0 0   0
2    9.818    6.316 0 0   0
2    9.846    6.275 0 0   0
2    9.863    6.249 0 0   0
2    9.894    6.202 0 0   0
2    9.907    6.183 0 0   0
2    9.943    6.126 0 0   0
2    9.950    6.115 0 0   0
2    9.989    6.052 0 0   0
2    9.991    6.048 0 0   0
2   10.014    6.010 0 0   0
2   10.033    5.979 0 0   0
2   10.035    5.976 0 0   0
2   10.073    5.912 0 0   0
2   10.078    5.902 0 0   0
2   10.112    5.842 0 0   0
2   10.122    5.826 0 0   0
2   10.150    5.774 0 0   0
2   10.162    5.752 0 0   0
2   10.188    5.704 0 0   0
2   10.203    5.675 0 0   0
2   10.224    5.634 0 0   0
2   10.242    5.600 0 0   0
2   10.263    5.559 0 0   0
2   10.280    5.524 0 0   0
2   10.303    5.477 0 0   0
2   10.318    5.447 0 0   0
2   10.343    5.393 0 0   0
2   10.353    5.371 0 0   0
2   10.381    5.311 0 0   0
2   10.389    5.294 0 0   0
2   10.418    5.228 0 0   0
2   10.422    5.217 0 0   0
2   10.453    5.146 0 0   0
2   10.455    5.140 0 0   0
2   10.487    5.063 0 0   0
2   10.487    5.062 0 0   0
2   10.490    5.055 0 0   0
2   10.518    4.985 0 0   0
2   10.519    4.981 0 0   0
2   10.547    4.907 0 0   0
2   10.551    4.898 0 0   0
2   10.576    4.829 0 0   0
2   10.581    4.816 0 0   0
2   10.604    4.751 0 0   0
2   10.610    4.733 0 0   0
2   10.630    4.672 0 0   0
2   10.637    4.651 0 0   0
2   10.656    4.593 0 0   0
2   10.664    4.568 0 0   0
2   10.681    4.514 0 0   0
2   10.689    4.486 0 0   0
2   10.704    4.435 0 0   0
2   10.714    4.403 0 0   0
2   10.727    4.355 0 0   0
2   10.737    4.321 0 0   0
2   10.749    4.276 0 0   0
2   10.759    4.238 0 0   0
2   10.770    4.196 0 0   0
2   10.780    4.156 0 0   0
2   10.789    4.117 0 0   0
2   10.800    4.072 0 0   0
2   10.808    4.035 0 0   0
2   10.818    3.991 0 0   0
2   10.826    3.956 0 0   0
2   10.836    3.907 0 0   0
2   10.843    3.874 0 0   0
2   10.853    3.826 0 0   0
2   10.859    3.794 0 0   0
2   10.869    3.742 0 0   0
2   10.874    3.712 0 0   0
2   10.883    3.661 0 0   0
2   10.888    3.632 0 0   0
2   10.897    3.577 0 0   0
2   10.901    3.549 0 0   0
2   10.909    3.495 0 0   0
2   10.913    3.468 0 0   0
2   10.921    3.411 0 0   0
2   10.924    3.385 0 0   0
2   10.931    3.330 0 0   0
2   10.934    3.303 0 0   0
2   10.941    3.246 0 0   0
2   10.943    3.220 0 0   0
2   10.949    3.164 0 0   0
2   10.951    3.138 0 0   0
2   10.957    3.080 0 0   0
2   10.959    3.054 0 0   0
2   10.963    2.998 0 0   0
2   10.965    2.971 0 0   0
2   10.968    2.914 0 0   0
2   10.970    2.887 0 0   0
2   10.973    2.832 0 0   0
2   10.974    2.804 0 0   0
2   10.976    2.748 0 0   0
2   10.977    2.719 0 0   0
2   10.979    2.666 0 0   0
2   10.980    2.635 0 0   0
2   10.980    2.582 0 0   0
2   10.981    2.550 0 0   0
2   10.981    2.500 0 0   0
3    2.500    8.690 0 0   0
2    2.500    8.690 0 0   0
2    2.625    8.689 0 0   0
2    2.693    8.688 0 0   0
2    2.826    8.684 0 0   0
2    2.901    8.682 0 0   0
2    3.043    8.676 0 0   0
2    3.091    8.674 0 0   0
2    3.244    8.664 0 0   0
2    3.290    8.661 0 0   0
2    3.454    8.648 0 0   0
2    3.474    8.646 0 0   0
2    3.654    8.629 0 0   0
2    3.661    8.628 0 0   0
2    3.711    8.623 0 0   0
2    3.834    8.609 0 0   0
2    3.853    8.607 0 0   0
2    4.009    8.587 0 0   0
2    4.042    8.583 0 0   0
2    4.083    8.577 0 0   0
2    4.220    8.556 0 0   0
2    4.303    8.543 0 0   0
2    4.406    8.526 0 0   0
2    4.498    8.509 0 0   0
2    4.567    8.496 0 0   0
2    4.712    8.468 0 0   0
2    4.744    8.461 0 0   0
2    4.886    8.430 0 0   0
2    4.889    8.429 0 0   0
2    4.904    8.426 0 0   0
2    5.056    8.391 0 0   0
2    5.084    8.384 0 0   0
2    5.194    8.357 0 0   0
2    5.244    8.344 0 0   0
2    5.316    8.324 0 0   0
2    5.403    8.300 0 0   0
2    5.511    8.269 0 0   0
2    5.571    8.251 0 0   0
2    5.710    8.208 0 0   0
2    5.721    8.204 0 0   0
2    5.773    8.187 0 0   0
2    5.859    8.159 0 0   0
2    5.874    8.154 0 0   0
2    5.897    8.146 0 0   0
2    6.017    8.104 0 0   0
2    6.088    8.078 0 0   0
2    6.163    8.050 0 0   0
2    6.249    8.016 0 0   0
2    6.285    8.002 0 0   0
2    6.411    7.950 0 0   0
2    6.422    7.946 0 0   0
2    6.425    7.944 0 0   0
2    6.532    7.899 0 0   0
2    6.558    7.887 0 0   0
2    6.656    7.843 0 0   0
2    6.707    7.819 0 0   0
2    6.759    7.795 0 0   0
2    6.830    7.760 0 0   0
2    6.938    7.706 0 0   0
2    6.953    7.698 0 0   0
2    7.010    7.668 0 0   0
2    7.068    7.638 0 0   0
2    7.079    7.631 0 0   0
2    7.168    7.583 0 0   0
2    7.209    7.559 0 0   0
2    7.270    7.525 0 0   0
2    7.320    7.495 0 0   0
2    7.394    7.450 0 0   0
2    7.419    7.435 0 0   0
2    7.503    7.382 0 0   0
2    7.531    7.364 0 0   0
2    7.537    7.360 0 0   0
2    7.619    7.307 0 0   0
2    7.645    7.290 0 0   0
2    7.718    7.239 0 0   0
2    7.762    7.209 0 0   0
2    7.800    7.182 0 0   0
2    7.859    7.138 0 0   0
2    7.885    7.119 0 0   0
2    7.956    7.065 0 0   0
2    7.961    7.062 0 0   0
2    7.987    7.042 0 0   0
2    8.035    7.004 0 0   0
2    8.047    6.994 0 0   0
2    8.107    6.946 0 0   0
2    8.138    6.921 0 0   0
2    8.178    6.888 0 0   0
2    8.224    6.848 0 0   0
2    8.246    6.829 0 0   0
2    8.311    6.772 0 0   0
2    8.315    6.768 0 0   0
2    8.335    6.751 0 0   0
2    8.381    6.708 0 0   0
2    8.392    6.698 0 0   0
2    8.447    6.646 0 0   0
6    8.450    6.588    0.000    0.150   1
4
3    8.447    6.646 0 0   0
2    8.473    6.622 0 0   0
2    8.511    6.584 0 0   0
2    8.549    6.546 0 0   0
2    8.575    6.521 0 0   0
2    8.625    6.469 0 0   0
2    8.636    6.458 0 0   0
2    8.690    6.401 0 0   0
2    8.697    6.393 0 0   0
2    8.699    6.392 0 0   0
2    8.756    6.329 0 0   0
2    8.770    6.313 0 0   0
2    8.815    6.263 0 0   0
2    8.839    6.235 0 0   0
2    8.871    6.197 0 0   0
2    8.907    6.155 0 0   0
2    8.928    6.130 0 0   0
2    8.971    6.076 0 0   0
2    9.033    5.998 0 0   0
2    9.034    5.997 0 0   0
2    9.036    5.994 0 0   0
2    9.096    5.914 0 0   0
2    9.108    5.899 0 0   0
2    9.155    5.834 0 0   0
2    9.178    5.802 0 0   0
2    9.214    5.751 0 0   0
2    9.246    5.704 0 0   0
2    9.269    5.669 0 0   0
2    9.310    5.607 0 0   0
2    9.324    5.586 0 0   0
2    9.372    5.509 0 0   0
2    9.376    5.503 0 0   0
2    9.402    5.461 0 0   0
2    9.427    5.419 0 0   0
2    9.431    5.412 0 0   0
2    9.476    5.335 0 0   0
2    9.487    5.314 0 0   0
2    9.523    5.249 0 0   0
2    9.541    5.218 0 0   0
2    9.569    5.165 0 0   0
2    9.592    5.119 0 0   0
2    9.613    5.078 0 0   0
2    9.641    5.023 0 0   0
2    9.655    4.993 0 0   0
2    9.688    4.925 0 0   0
2    9.697    4.905 0 0   0
2    9.732    4.829 0 0   0
2    9.736    4.820 0 0   0
2    9.773    4.733 0 0   0
2    9.774    4.731 0 0   0
2    9.774    4.730 0 0   0
2    9.810    4.644 0 0   0
2    9.813    4.635 0 0   0
2    9.845    4.554 0 0   0
2    9.852    4.537 0 0   0
2    9.878    4.466 0 0   0
2    9.887    4.441 0 0   0
2    9.910    4.376 0 0   0
2    9.921    4.343 0 0   0
2    9.940    4.287 0 0   0
2    9.953    4.247 0 0   0
2    9.969    4.196 0 0   0
2    9.983    4.149 0 0   0
2    9.996    4.106 0 0   0
2   10.011    4.053 0 0   0
2   10.021    4.014 0 0   0
2   10.037    3.955 0 0   0
2   10.045    3.923 0 0   0
2   10.061    3.859 0 0   0
2   10.068    3.830 0 0   0
2   10.084    3.761 0 0   0
2   10.089    3.739 0 0   0
2   10.105    3.665 0 0   0
2   10.109    3.645 0 0   0
2   10.124    3.568 0 0   0
2   10.127    3.553 0 0   0
2   10.142    3.471 0 0   0
2   10.144    3.458 0 0   0
2   10.157    3.374 0 0   0
2   10.159    3.365 0 0   0
2   10.171    3.277 0 0   0
2   10.172    3.269 0 0   0
2   10.184    3.180 0 0   0
2   10.184    3.175 0 0   0
2   10.194    3.083 0 0   0
2   10.195    3.079 0 0   0
2   10.203    2.986 0 0   0
2   10.204    2.983 0 0   0
2   10.211    2.889 0 0   0
2   10.211    2.887 0 0   0
2   10.217    2.792 0 0   0
2   10.217    2.790 0 0   0
2   10.221    2.694 0 0   0
2   10.221    2.692 0 0   0
2   10.223    2.597 0 0   0
2   10.223    2.595 0 0   0
2   10.224    2.500 0 0   0
3    2.500    8.041 0 0   0
2    2.500    8.041 0 0   0
2    2.504    8.041 0 0   0
2    2.737    8.038 0 0   0
2    2.752    8.038 0 0   0
2    3.009    8.027 0 0   0
2    3.029    8.026 0 0   0
2    3.241    8.011 0 0   0
2    3.276    8.008 0 0   0
2    3.505    7.986 0 0   0
2    3.555    7.980 0 0   0
2    3.731    7.958 0 0   0
2    3.799    7.949 0 0   0
2    3.978    7.921 0 0   0
2    4.070    7.905 0 0   0
2    4.195    7.882 0 0   0
2    4.309    7.860 0 0   0
2    4.423    7.835 0 0   0
2    4.562    7.804 0 0   0
2    4.629    7.787 0 0   0
2    4.793    7.744 0 0   0
2    5.012    7.684 0 0   0
2    5.022    7.681 0 0   0
2    5.078    7.663 0 0   0
2    5.232    7.616 0 0   0
2    5.257    7.608 0 0   0
2    5.292    7.597 0 0   0
2    5.474    7.534 0 0   0
2    5.580    7.495 0 0   0
2    5.697    7.451 0 0   0
2    5.823    7.400 0 0   0
2    5.880    7.377 0 0   0
2    6.078    7.290 0 0   0
2    6.087    7.286 0 0   0
2    6.089    7.285 0 0   0
2    6.250    7.210 0 0   0
2    6.289    7.191 0 0   0
2    6.433    7.118 0 0   0
2    6.510    7.078 0 0   0
2    6.583    7.038 0 0   0
2    6.691    6.977 0 0   0
2    6.739    6.949 0 0   0
2    6.871    6.870 0 0   0
2    6.878    6.866 0 0   0
2    6.910    6.845 0 0   0
2    7.026    6.771 0 0   0
2    7.051    6.755 0 0   0
2    7.162    6.680 0 0   0
2    7.232    6.631 0 0   0
2    7.301    6.581 0 0   0
2    7.382    6.520 0 0   0
2    7.505    6.425 0 0   0
2    7.515    6.416 0 0   0
2    7.549    6.388 0 0   0
2    7.666    6.290 0 0   0
2    7.692    6.268 0 0   0
2    7.784    6.185 0 0   0
2    7.837    6.137 0 0   0
2    7.911    6.066 0 0   0
2    7.986    5.992 0 0   0
6    7.993    5.929    0.000    0.150   1
5
3    7.986    5.992 0 0   0
2    8.018    5.959 0 0   0
2    8.112    5.861 0 0   0
2    8.125    5.846 0 0   0
2    8.179    5.786 0 0   0
2    8.227    5.733 0 0   0
2    8.239    5.719 0 0   0
2    8.330    5.611 0 0   0
2    8.357    5.577 0 0   0
2    8.420    5.497 0 0   0
2    8.473    5.427 0 0   0
2    8.513    5.374 0 0   0
2    8.566    5.299 0 0   0
2    8.588    5.268 0 0   0
2    8.665    5.151 0 0   0
2    8.670    5.143 0 0   0
2    8.700    5.096 0 0   0
2    8.735    5.041 0 0   0
2    8.739    5.034 0 0   0
2    8.807    4.918 0 0   0
2    8.821    4.894 0 0   0
2    8.865    4.815 0 0   0
2    8.884    4.779 0 0   0
2    8.908    4.732 0 0   0
2    8.944    4.661 0 0   0
2    8.974    4.599 0 0   0
2    9.006    4.531 0 0   0
2    9.041    4.455 0 0   0
2    9.059    4.414 0 0   0
2    9.096    4.326 0 0   0
2    9.110    4.289 0 0   0
2    9.149    4.190 0 0   0
2    9.155    4.172 0 0   0
2    9.194    4.062 0 0   0
2    9.198    4.051 0 0   0
2    9.229    3.955 0 0   0
2    9.236    3.934 0 0   0
2    9.237    3.931 0 0   0
2    9.272    3.811 0 0   0
2    9.275    3.802 0 0   0
2    9.304    3.693 0 0   0
2    9.309    3.671 0 0   0
2    9.334    3.569 0 0   0
2    9.339    3.546 0 0   0
2    9.358    3.453 0 0   0
2    9.366    3.416 0 0   0
2    9.382    3.329 0 0   0
2    9.387    3.295 0 0   0
2    9.393    3.258 0 0   0
2    9.406    3.176 0 0   0
2    9.413    3.124 0 0   0
2    9.422    3.046 0 0   0
2    9.427    3.003 0 0   0
2    9.434    2.928 0 0   0
2    9.439    2.870 0 0   0
2    9.444    2.797 0 0   0
2    9.447    2.751 0 0   0
2    9.450    2.679 0 0   0
2    9.452    2.619 0 0   0
2    9.453    2.546 0 0   0
2    9.453    2.500 0 0   0
3    2.500    7.490 0 0   0
2    2.500    7.490 0 0   0
2    2.511    7.490 0 0   0
2    2.769    7.486 0 0   0
2    2.795    7.485 0 0   0
2    3.057    7.469 0 0   0
2    3.083    7.467 0 0   0
2    3.323    7.445 0 0   0
2    3.370    7.439 0 0   0
2    3.605    7.407 0 0   0
2    3.665    7.398 0 0   0
2    3.866    7.363 0 0   0
2    3.951    7.347 0 0   0
2    4.137    7.307 0 0   0
2    4.247    7.281 0 0   0
2    4.389    7.244 0 0   0
2    4.530    7.206 0 0   0
2    4.645    7.171 0 0   0
2    4.817    7.116 0 0   0
2    4.888    7.092 0 0   0
2    5.093    7.018 0 0   0
2    5.127    7.005 0 0   0
2    5.310    6.931 0 0   0
2    5.359    6.911 0 0   0
2    5.369    6.907 0 0   0
2    5.591    6.808 0 0   0
2    5.642    6.784 0 0   0
2    5.805    6.703 0 0   0
2    5.911    6.648 0 0   0
2    6.019    6.589 0 0   0
2    6.146    6.517 0 0   0
2    6.208    6.479 0 0   0
2    6.392    6.364 0 0   0
2    6.401    6.358 0 0   0
2    6.450    6.325 0 0   0
2    6.571    6.243 0 0   0
2    6.591    6.230 0 0   0
2    6.620    6.209 0 0   0
2    6.780    6.089 0 0   0
2    6.857    6.030 0 0   0
6    6.906    5.935    0.000    0.150   1
6
3    6.857    6.030 0 0   0
2    6.979    5.929 0 0   0
2    7.093    5.832 0 0   0
2    7.150    5.780 0 0   0
2    7.293    5.645 0 0   0
2    7.318    5.620 0 0   0
2    7.411    5.524 0 0   0
2    7.465    5.468 0 0   0
2    7.479    5.452 0 0   0
2    7.602    5.312 0 0   0
2    7.635    5.274 0 0   0
2    7.679    5.220 0 0   0
2    7.769    5.105 0 0   0
2    7.853    4.992 0 0   0
2    7.905    4.917 0 0   0
2    7.985    4.797 0 0   0
2    8.011    4.756 0 0   0
2    8.122    4.569 0 0   0
2    8.126    4.563 0 0   0
2    8.150    4.519 0 0   0
2    8.211    4.403 0 0   0
2    8.218    4.390 0 0   0
2    8.303    4.209 0 0   0
2    8.320    4.172 0 0   0
2    8.374    4.043 0 0   0
2    8.394    3.992 0 0   0
2    8.416    3.932 0 0   0
2    8.458    3.810 0 0   0
2    8.483    3.732 0 0   0
2    8.522    3.599 0 0   0
2    8.546    3.509 0 0   0
2    8.569    3.415 0 0   0
2    8.590    3.315 0 0   0
2    8.611    3.205 0 0   0
2    8.628    3.099 0 0   0
2    8.639    3.016 0 0   0
2    8.651    2.907 0 0   0
2    8.660    2.804 0 0   0
2    8.667    2.693 0 0   0
2    8.670    2.608 0 0   0
2    8.673    2.500 0 0   0
3    2.500    7.009 0 0   0
2    2.500    7.009 0 0   0
2    2.572    7.007 0 0   0
2    2.779    7.001 0 0   0
2    2.865    6.997 0 0   0
2    3.077    6.980 0 0   0
2    3.165    6.971 0 0   0
2    3.351    6.947 0 0   0
2    3.457    6.931 0 0   0
2    3.642    6.899 0 0   0
2    3.762    6.875 0 0   0
2    3.908    6.842 0 0   0
2    4.050    6.806 0 0   0
2    4.184    6.768 0 0   0
2    4.349    6.718 0 0   0
2    4.438    6.689 0 0   0
2    4.629    6.621 0 0   0
2    4.696    6.595 0 0   0
2    4.913    6.506 0 0   0
2    4.935    6.496 0 0   0
2    5.118    6.410 0 0   0
2    5.175    6.384 0 0   0
2    5.181    6.381 0 0   0
2    5.395    6.270 0 0   0
2    5.447    6.242 0 0   0
2    5.617    6.143 0 0   0
2    5.696    6.095 0 0   0
2    5.809    6.022 0 0   0
2    5.930    5.939 0 0   0
2    6.098    5.819 0 0   0
6    6.118    5.750    0.000    0.150   1
7
3    6.098    5.819 0 0   0
2    6.164    5.767 0 0   0
2    6.364    5.605 0 0   0
2    6.372    5.598 0 0   0
2    6.414    5.560 0 0   0
2    6.583    5.405 0 0   0
2    6.615    5.375 0 0   0
2    6.768    5.218 0 0   0
2    6.841    5.139 0 0   0
2    6.949    5.013 0 0   0
2    7.048    4.890 0 0   0
2    7.109    4.809 0 0   0
2    7.229    4.640 0 0   0
2    7.259    4.593 0 0   0
2    7.390    4.381 0 0   0
2    7.393    4.374 0 0   0
2    7.418    4.328 0 0   0
2    7.519    4.136 0 0   0
2    7.532    4.108 0 0   0
2    7.625    3.897 0 0   0
2    7.652    3.829 0 0   0
2    7.716    3.646 0 0   0
2    7.743    3.564 0 0   0
2    7.786    3.406 0 0   0
2    7.815    3.286 0 0   0
2    7.843    3.146 0 0   0
2    7.862    3.030 0 0   0
2    7.878    2.899 0 0   0
2    7.892    2.754 0 0   0
2    7.898    2.631 0 0   0
2    7.903    2.500 0 0   0
3    2.500    6.577 0 0   0
2    2.500    6.577 0 0   0
2    2.698    6.571 0 0   0
2    2.795    6.566 0 0   0
2    2.997    6.550 0 0   0
2    3.090    6.540 0 0   0
2    3.302    6.511 0 0   0
2    3.380    6.497 0 0   0
2    3.601    6.453 0 0   0
2    3.669    6.437 0 0   0
2    3.908    6.373 0 0   0
2    3.950    6.361 0 0   0
2    4.202    6.278 0 0   0
2    4.229    6.268 0 0   0
2    4.437    6.185 0 0   0
2    4.494    6.162 0 0   0
2    4.502    6.159 0 0   0
2    4.753    6.042 0 0   0
2    4.778    6.029 0 0   0
2    4.987    5.916 0 0   0
2    5.052    5.879 0 0   0
2    5.224    5.773 0 0   0
2    5.303    5.720 0 0   0
2    5.436    5.627 0 0   0
2    5.553    5.541 0 0   0
6    5.586    5.460    0.000    0.150   1
8
3    5.553    5.541 0 0   0
2    5.646    5.467 0 0   0
2    5.774    5.359 0 0   0
2    5.940    5.210 0 0   0
2    5.979    5.172 0 0   0
2    6.179    4.964 0 0   0
2    6.185    4.957 0 0   0
2    6.218    4.917 0 0   0
2    6.358    4.751 0 0   0
2    6.384    4.718 0 0   0
2    6.529    4.518 0 0   0
2    6.577    4.448 0 0   0
2    6.671    4.294 0 0   0
2    6.733    4.187 0 0   0
2    6.805    4.048 0 0   0
2    6.872    3.905 0 0   0
2    6.913    3.809 0 0   0
2    6.980    3.634 0 0   0
2    7.008    3.550 0 0   0
2    7.068    3.348 0 0   0
2    7.081    3.296 0 0   0
2    7.128    3.070 0 0   0
2    7.135    3.023 0 0   0
2    7.165    2.783 0 0   0
2    7.167    2.754 0 0   0
2    7.178    2.500 0 0   0
3    2.500    6.185 0 0   0
2    2.500    6.185 0 0   0
2    2.554    6.184 0 0   0
2    2.787    6.174 0 0   0
2    2.840    6.170 0 0   0
2    3.071    6.145 0 0   0
2    3.133    6.136 0 0   0
2    3.353    6.097 0 0   0
2    3.420    6.082 0 0   0
2    3.631    6.029 0 0   0
2    3.709    6.006 0 0   0
2    3.902    5.943 0 0   0
2    3.990    5.911 0 0   0
2    4.166    5.840 0 0   0
2    4.270    5.794 0 0   0
2    4.421    5.720 0 0   0
2    4.538    5.657 0 0   0
2    4.667    5.583 0 0   0
2    4.800    5.500 0 0   0
2    4.902    5.430 0 0   0
2    5.047    5.325 0 0   0
2    5.125    5.264 0 0   0
6    5.193    5.152    0.000    0.150   1
9
3    5.125    5.264 0 0   0
2    5.284    5.130 0 0   0
2    5.337    5.082 0 0   0
2    5.503    4.920 0 0   0
2    5.532    4.889 0 0   0
2    5.707    4.693 0 0   0
2    5.717    4.681 0 0   0
2    5.798    4.575 0 0   0
2    5.881    4.466 0 0   0
2    5.892    4.451 0 0   0
2    6.034    4.233 0 0   0
2    6.055    4.197 0 0   0
2    6.165    3.996 0 0   0
2    6.197    3.931 0 0   0
2    6.281    3.742 0 0   0
2    6.315    3.657 0 0   0
2    6.375    3.485 0 0   0
2    6.408    3.374 0 0   0
2    6.449    3.211 0 0   0
2    6.475    3.086 0 0   0
2    6.499    2.935 0 0   0
2    6.515    2.794 0 0   0
2    6.526    2.643 0 0   0
2    6.532    2.500 0 0   0
3    2.500    5.830 0 0   0
2    2.500    5.830 0 0   0
2    2.557    5.828 0 0   0
2    2.671    5.825 0 0   0
2    2.727    5.821 0 0   0
2    2.913    5.804 0 0   0
2    2.970    5.798 0 0   0
2    3.080    5.781 0 0   0
2    3.139    5.771 0 0   0
2    3.320    5.732 0 0   0
2    3.375    5.719 0 0   0
2    3.480    5.691 0 0   0
2    3.537    5.674 0 0   0
2    3.595    5.655 0 0   0
2    3.698    5.620 0 0   0
2    3.751    5.600 0 0   0
2    3.924    5.530 0 0   0
2    3.974    5.507 0 0   0
2    4.078    5.458 0 0   0
2    4.125    5.434 0 0   0
2    4.300    5.337 0 0   0
2    4.339    5.314 0 0   0
2    4.443    5.248 0 0   0
2    4.482    5.223 0 0   0
2    4.519    5.197 0 0   0
2    4.619    5.124 0 0   0
2    4.648    5.102 0 0   0
6    4.647    4.988    0.000    0.150   2
10
3    4.648    5.102 0 0   0
2    4.820    4.962 0 0   0
2    4.844    4.941 0 0   0
2    4.947    4.847 0 0   0
2    4.966    4.828 0 0   0
2    5.139    4.647 0 0   0
2    5.148    4.637 0 0   0
2    5.249    4.517 0 0   0
2    5.258    4.506 0 0   0
2    5.265    4.496 0 0   0
2    5.360    4.371 0 0   0
2    5.360    4.371 0 0   0
2    5.363    4.366 0 0   0
2    5.511    4.142 0 0   0
2    5.516    4.132 0 0   0
2    5.595    3.993 0 0   0
2    5.606    3.973 0 0   0
2    5.714    3.746 0 0   0
2    5.732    3.704 0 0   0
2    5.783    3.570 0 0   0
2    5.826    3.445 0 0   0
2    5.845    3.384 0 0   0
2    5.898    3.176 0 0   0
2    5.914    3.108 0 0   0
2    5.936    2.984 0 0   0
2    5.946    2.906 0 0   0
2    5.966    2.707 0 0   0
2    5.972    2.619 0 0   0
2    5.975    2.500 0 0   0
3    5.473    2.927 0 0   0
2    5.473    2.927 0 0   0
2    5.473    2.927 0 0   0
2    5.473    2.927 0 0   0
2    5.472    2.927 0 0   0
3    5.503    2.500 0 0   0
2    5.501    2.607 0 0   0
2    5.495    2.714 0 0   0
2    5.486    2.821 0 0   0
2    5.473    2.927 0 0   0
2    5.455    3.033 0 0   0
2    5.434    3.138 0 0   0
2    5.410    3.243 0 0   0
2    5.381    3.346 0 0   0
2    5.349    3.448 0 0   0
2    5.314    3.549 0 0   0
2    5.274    3.649 0 0   0
2    5.232    3.748 0 0   0
2    5.185    3.844 0 0   0
2    5.136    3.939 0 0   0
2    5.083    4.032 0 0   0
2    5.026    4.124 0 0   0
2    4.967    4.213 0 0   0
2    4.904    4.300 0 0   0
2    4.838    4.384 0 0   0
2    4.770    4.467 0 0   0
2    4.698    4.546 0 0   0
2    4.623    4.623 0 0   0
2    4.546    4.698 0 0   0
2    4.467    4.770 0 0   0
2    4.384    4.838 0 0   0
2    4.300    4.904 0 0   0
2    4.213    4.967 0 0   0
2    4.124    5.026 0 0   0
2    4.032    5.083 0 0   0
2    3.939    5.136 0 0   0
2    3.844    5.185 0 0   0
2    3.748    5.232 0 0   0
2    3.649    5.274 0 0   0
2    3.549    5.314 0 0   0
2    3.448    5.349 0 0   0
2    3.346    5.381 0 0   0
2    3.243    5.410 0 0   0
2    3.138    5.434 0 0   0
2    3.033    5.455 0 0   0
2    2.927    5.473 0 0   0
2    2.821    5.486 0 0   0
2    2.714    5.495 0 0   0
2    2.607    5.501 0 0   0
2    2.500    5.503 0 0   0
3   12.500    2.500 0 0   0
2   12.500    2.552 0 0   0
2   12.499    2.605 0 0   0
2   12.499    2.657 0 0   0
2   12.498    2.709 0 0   0
2   12.497    2.762 0 0   0
2   12.495    2.814 0 0   0
2   12.493    2.866 0 0   0
2   12.491    2.919 0 0   0
2   12.489    2.971 0 0   0
2   12.486    3.023 0 0   0
2   12.483    3.076 0 0   0
2   12.480    3.128 0 0   0
2   12.477    3.180 0 0   0
2   12.473    3.232 0 0   0
2   12.469    3.285 0 0   0
2   12.465    3.337 0 0   0
2   12.460    3.389 0 0   0
2   12.456    3.441 0 0   0
2   12.451    3.493 0 0   0
2   12.445    3.545 0 0   0
2   12.440    3.597 0 0   0
2   12.434    3.649 0 0   0
2   12.428    3.701 0 0   0
2   12.421    3.753 0 0   0
2   12.414    3.805 0 0   0
2   12.407    3.857 0 0   0
2   12.400    3.909 0 0   0
2   12.393    3.961 0 0   0
2   12.385    4.013 0 0   0
2   12.377    4.064 0 0   0
2   12.369    4.116 0 0   0
2   12.360    4.168 0 0   0
2   12.351    4.219 0 0   0
2   12.342    4.271 0 0   0
2   12.333    4.322 0 0   0
2   12.323    4.374 0 0   0
2   12.313    4.425 0 0   0
2   12.303    4.477 0 0   0
2   12.292    4.528 0 0   0
2   12.281    4.579 0 0   0
2   12.270    4.630 0 0   0
2   12.259    4.681 0 0   0
2   12.248    4.733 0 0   0
2   12.236    4.784 0 0   0
2   12.224    4.834 0 0   0
2   12.211    4.885 0 0   0
2   12.199    4.936 0 0   0
2   12.186    4.987 0 0   0
2   12.173    5.038 0 0   0
2   12.159    5.088 0 0   0
2   12.146    5.139 0 0   0
2   12.132    5.189 0 0   0
2   12.117    5.240 0 0   0
2   12.103    5.290 0 0   0
2   12.088    5.340 0 0   0
2   12.073    5.390 0 0   0
2   12.058    5.440 0 0   0
2   12.042    5.490 0 0   0
2   12.027    5.540 0 0   0
2   12.011    5.590 0 0   0
2   11.994    5.640 0 0   0
2   11.978    5.690 0 0   0
2   11.961    5.739 0 0   0
2   11.944    5.789 0 0   0
2   11.926    5.838 0 0   0
2   11.909    5.887 0 0   0
2   11.891    5.937 0 0   0
2   11.873    5.986 0 0   0
2   11.854    6.035 0 0   0
2   11.836    6.084 0 0   0
2   11.817    6.133 0 0   0
2   11.798    6.181 0 0   0
2   11.778    6.230 0 0   0
2   11.759    6.278 0 0   0
2   11.739    6.327 0 0   0
2   11.719    6.375 0 0   0
2   11.698    6.423 0 0   0
2   11.678    6.471 0 0   0
2   11.657    6.519 0 0   0
2   11.635    6.567 0 0   0
2   11.614    6.615 0 0   0
2   11.592    6.663 0 0   0
2   11.570    6.710 0 0   0
2   11.548    6.758 0 0   0
2   11.526    6.805 0 0   0
2   11.503    6.852 0 0   0
2   11.480    6.899 0 0   0
2   11.457    6.946 0 0   0
2   11.434    6.993 0 0   0
2   11.410    7.040 0 0   0
2   11.386    7.086 0 0   0
2   11.362    7.133 0 0   0
2   11.338    7.179 0 0   0
2   11.313    7.226 0 0   0
2   11.288    7.272 0 0   0
2   11.263    7.318 0 0   0
2   11.238    7.363 0 0   0
2   11.212    7.409 0 0   0
2   11.186    7.455 0 0   0
2   11.160    7.500 0 0   0
2   11.134    7.545 0 0   0
2   11.107    7.590 0 0   0
2   11.081    7.635 0 0   0
2   11.054    7.680 0 0   0
2   11.026    7.725 0 0   0
2   10.999    7.770 0 0   0
2   10.971    7.814 0 0   0
2   10.943    7.858 0 0   0
2   10.915    7.902 0 0   0
2   10.887    7.946 0 0   0
2   10.858    7.990 0 0   0
2   10.829    8.034 0 0   0
2   10.800    8.077 0 0   0
2   10.771    8.121 0 0   0
2   10.741    8.164 0 0   0
2   10.711    8.207 0 0   0
2   10.681    8.250 0 0   0
2   10.651    8.293 0 0   0
2   10.621    8.335 0 0   0
2   10.590    8.378 0 0   0
2   10.559    8.420 0 0   0
2   10.528    8.462 0 0   0
2   10.497    8.504 0 0   0
2   10.465    8.546 0 0   0
2   10.434    8.588 0 0   0
2   10.402    8.629 0 0   0
2   10.369    8.670 0 0   0
2   10.337    8.711 0 0   0
2   10.304    8.752 0 0   0
2   10.271    8.793 0 0   0
2   10.238    8.834 0 0   0
2   10.205    8.874 0 0   0
2   10.172    8.914 0 0   0
2   10.138    8.955 0 0   0
2   10.104    8.994 0 0   0
2   10.070    9.034 0 0   0
2   10.036    9.074 0 0   0
2   10.001    9.113 0 0   0
2    9.966    9.152 0 0   0
2    9.931    9.191 0 0   0
2    9.896    9.230 0 0   0
2    9.861    9.269 0 0   0
2    9.825    9.307 0 0   0
2    9.790    9.345 0 0   0
2    9.754    9.384 0 0   0
2    9.718    9.421 0 0   0
2    9.681    9.459 0 0   0
2    9.645    9.497 0 0   0
2    9.608    9.534 0 0   0
2    9.571    9.571 0 0   0
2    9.534    9.608 0 0   0
2    9.497    9.645 0 0   0
2    9.459    9.681 0 0   0
2    9.421    9.718 0 0   0
2    9.384    9.754 0 0   0
2    9.345    9.790 0 0   0
2    9.307    9.825 0 0   0
2    9.269    9.861 0 0   0
2    9.230    9.896 0 0   0
2    9.191    9.931 0 0   0
2    9.152    9.966 0 0   0
2    9.113   10.001 0 0   0
2    9.074   10.036 0 0   0
2    9.034   10.070 0 0   0
2    8.994   10.104 0 0   0
2    8.955   10.138 0 0   0
2    8.914   10.172 0 0   0
2    8.874   10.205 0 0   0
2    8.834   10.238 0 0   0
2    8.793   10.271 0 0   0
2    8.752   10.304 0 0   0
2    8.711   10.337 0 0   0
2    8.670   10.369 0 0   0
2    8.629   10.402 0 0   0
2    8.588   10.434 0 0   0
2    8.546   10.465 0 0   0
2    8.504   10.497 0 0   0
2    8.462   10.528 0 0   0
2    8.420   10.559 0 0   0
2    8.378   10.590 0 0   0
2    8.335   10.621 0 0   0
2    8.293   10.651 0 0   0
2    8.250   10.681 0 0   0
2    8.207   10.711 0 0   0
2    8.164   10.741 0 0   0
2    8.121   10.771 0 0   0
2    8.077   10.800 0 0   0
2    8.034   10.829 0 0   0
2    7.990   10.858 0 0   0
2    7.946   10.887 0 0   0
2    7.902   10.915 0 0   0
2    7.858   10.943 0 0   0
2    7.814   10.971 0 0   0
2    7.770   10.999 0 0   0
2    7.725   11.026 0 0   0
2    7.680   11.054 0 0   0
2    7.635   11.081 0 0   0
2    7.590   11.107 0 0   0
2    7.545   11.134 0 0   0
2    7.500   11.160 0 0   0
2    7.455   11.186 0 0   0
2    7.409   11.212 0 0   0
2    7.363   11.238 0 0   0
2    7.318   11.263 0 0   0
2    7.272   11.288 0 0   0
2    7.226   11.313 0 0   0
2    7.179   11.338 0 0   0
2    7.133   11.362 0 0   0
2    7.086   11.386 0 0   0
2    7.040   11.410 0 0   0
2    6.993   11.434 0 0   0
2    6.946   11.457 0 0   0
2    6.899   11.480 0 0   0
2    6.852   11.503 0 0   0
2    6.805   11.526 0 0   0
2    6.758   11.548 0 0   0
2    6.710   11.570 0 0   0
2    6.663   11.592 0 0   0
2    6.615   11.614 0 0   0
2    6.567   11.635 0 0   0
2    6.519   11.657 0 0   0
2    6.471   11.678 0 0   0
2    6.423   11.698 0 0   0
2    6.375   11.719 0 0   0
2    6.327   11.739 0 0   0
2    6.278   11.759 0 0   0
2    6.230   11.778 0 0   0
2    6.181   11.798 0 0   0
2    6.133   11.817 0 0   0
2    6.084   11.836 0 0   0
2    6.035   11.854 0 0   0
2    5.986   11.873 0 0   0
2    5.937   11.891 0 0   0
2    5.887   11.909 0 0   0
2    5.838   11.926 0 0   0
2    5.789   11.944 0 0   0
2    5.739   11.961 0 0   0
2    5.690   11.978 0 0   0
2    5.640   11.994 0 0   0
2    5.590   12.011 0 0   0
2    5.540   12.027 0 0   0
2    5.490   12.042 0 0   0
2    5.440   12.058 0 0   0
2    5.390   12.073 0 0   0
2    5.340   12.088 0 0   0
2    5.290   12.103 0 0   0
2    5.240   12.117 0 0   0
2    5.189   12.132 0 0   0
2    5.139   12.146 0 0   0
2    5.088   12.159 0 0   0
2    5.038   12.173 0 0   0
2    4.987   12.186 0 0   0
2    4.936   12.199 0 0   0
2    4.885   12.211 0 0   0
2    4.834   12.224 0 0   0
2    4.784   12.236 0 0   0
2    4.733   12.248 0 0   0
2    4.681   12.259 0 0   0
2    4.630   12.270 0 0   0
2    4.579   12.281 0 0   0
2    4.528   12.292 0 0   0
2    4.477   12.303 0 0   0
2    4.425   12.313 0 0   0
2    4.374   12.323 0 0   0
2    4.322   12.333 0 0   0
2    4.271   12.342 0 0   0
2    4.219   12.351 0 0   0
2    4.168   12.360 0 0   0
2    4.116   12.369 0 0   0
2    4.064   12.377 0 0   0
2    4.013   12.385 0 0   0
2    3.961   12.393 0 0   0
2    3.909   12.400 0 0   0
2    3.857   12.407 0 0   0
2    3.805   12.414 0 0   0
2    3.753   12.421 0 0   0
2    3.701   12.428 0 0   0
2    3.649   12.434 0 0   0
2    3.597   12.440 0 0   0
2    3.545   12.445 0 0   0
2    3.493   12.451 0 0   0
2    3.441   12.456 0 0   0
2    3.389   12.460 0 0   0
2    3.337   12.465 0 0   0
2    3.285   12.469 0 0   0
2    3.232   12.473 0 0   0
2    3.180   12.477 0 0   0
2    3.128   12.480 0 0   0
2    3.076   12.483 0 0   0
2    3.023   12.486 0 0   0
2    2.971   12.489 0 0   0
2    2.919   12.491 0 0   0
2    2.866   12.493 0 0   0
2    2.814   12.495 0 0   0
2    2.762   12.497 0 0   0
2    2.709   12.498 0 0   0
2    2.657   12.499 0 0   0
2    2.605   12.499 0 0   0
2    2.552   12.500 0 0   0
2    2.500   12.500 0 0   0
3    2.500    6.138 0 0   0
2    2.500    5.907 0 0   0
2    2.500    5.676 0 0   0
2    2.500    5.590 0 0   0
2    2.500    5.503 0 0   0
3    2.500    7.748 0 0   0
2    2.500    7.479 0 0   0
2    2.500    7.211 0 0   0
2    2.500    6.943 0 0   0
2    2.500    6.675 0 0   0
2    2.500    6.407 0 0   0
2    2.500    6.138 0 0   0
3    2.500    9.623 0 0   0
2    2.500    9.515 0 0   0
2    2.500    9.406 0 0   0
2    2.500    9.268 0 0   0
2    2.500    9.130 0 0   0
2    2.500    8.953 0 0   0
2    2.500    8.776 0 0   0
2    2.500    8.551 0 0   0
2    2.500    8.325 0 0   0
2    2.500    8.036 0 0   0
2    2.500    7.748 0 0   0
3    2.500   12.500 0 0   0
2    2.500   12.448 0 0   0
2    2.500   12.395 0 0   0
2    2.500   12.341 0 0   0
2    2.500   12.286 0 0   0
2    2.500   12.230 0 0   0
2    2.500   12.173 0 0   0
2    2.500   12.115 0 0   0
2    2.500   12.056 0 0   0
2    2.500   11.995 0 0   0
2    2.500   11.934 0 0   0
2    2.500   11.870 0 0   0
2    2.500   11.807 0 0   0
2    2.500   11.741 0 0   0
2    2.500   11.675 0 0   0
2    2.500   11.606 0 0   0
2    2.500   11.538 0 0   0
2    2.500   11.466 0 0   0
2    2.500   11.395 0 0   0
2    2.500   11.321 0 0   0
2    2.500   11.247 0 0   0
2    2.500   11.170 0 0   0
2    2.500   11.093 0 0   0
2    2.500   11.013 0 0   0
2    2.500   10.933 0 0   0
2    2.500   10.850 0 0   0
2    2.500   10.767 0 0   0
2    2.500   10.680 0 0   0
2    2.500   10.594 0 0   0
2    2.500   10.504 0 0   0
2    2.500   10.414 0 0   0
2    2.500   10.321 0 0   0
2    2.500   10.228 0 0   0
2    2.500   10.131 0 0   0
2    2.500   10.034 0 0   0
2    2.500    9.933 0 0   0
2    2.500    9.832 0 0   0
2    2.500    9.728 0 0   0
2    2.500    9.623 0 0   0
3    5.503    2.500 0 0   0
2    5.590    2.500 0 0   0
2    5.676    2.500 0 0   0
2    5.907    2.500 0 0   0
2    6.138    2.500 0 0   0
3    6.138    2.500 0 0   0
2    6.407    2.500 0 0   0
2    6.675    2.500 0 0   0
2    6.943    2.500 0 0   0
2    7.211    2.500 0 0   0
2    7.479    2.500 0 0   0
2    7.748    2.500 0 0   0
3    7.748    2.500 0 0   0
2    8.036    2.500 0 0   0
2    8.325    2.500 0 0   0
2    8.551    2.500 0 0   0
2    8.776    2.500 0 0   0
2    8.953    2.500 0 0   0
2    9.130    2.500 0 0   0
2    9.268    2.500 0 0   0
2    9.406    2.500 0 0   0
2    9.515    2.500 0 0   0
2    9.623    2.500 0 0   0
3    9.623    2.500 0 0   0
2    9.728    2.500 0 0   0
2    9.832    2.500 0 0   0
2    9.933    2.500 0 0   0
2   10.034    2.500 0 0   0
2   10.131    2.500 0 0   0
2   10.228    2.500 0 0   0
2   10.321    2.500 0 0   0
2   10.414    2.500 0 0   0
2   10.504    2.500 0 0   0
2   10.594    2.500 0 0   0
2   10.680    2.500 0 0   0
2   10.767    2.500 0 0   0
2   10.850    2.500 0 0   0
2   10.933    2.500 0 0   0
2   11.013    2.500 0 0   0
2   11.093    2.500 0 0   0
2   11.170    2.500 0 0   0
2   11.247    2.500 0 0   0
2   11.321    2.500 0 0   0
2   11.395    2.500 0 0   0
2   11.466    2.500 0 0   0
2   11.538    2.500 0 0   0
2   11.606    2.500 0 0   0
2   11.675    2.500 0 0   0
2   11.741    2.500 0 0   0
2   11.807    2.500 0 0   0
2   11.870    2.500 0 0   0
2   11.934    2.500 0 0   0
2   11.995    2.500 0 0   0
2   12.056    2.500 0 0   0
2   12.115    2.500 0 0   0
2   12.173    2.500 0 0   0
2   12.230    2.500 0 0   0
2   12.286    2.500 0 0   0
2   12.341    2.500 0 0   0
2   12.395    2.500 0 0   0
2   12.448    2.500 0 0   0
2   12.500    2.500 0 0   0
3   12.500    2.500 0 0   0
2   12.500    2.552 0 0   0
2   12.499    2.605 0 0   0
2   12.499    2.657 0 0   0
2   12.498    2.709 0 0   0
2   12.497    2.762 0 0   0
2   12.495    2.814 0 0   0
2   12.493    2.866 0 0   0
2   12.491    2.919 0 0   0
2   12.489    2.971 0 0   0
2   12.486    3.023 0 0   0
2   12.483    3.076 0 0   0
2   12.480    3.128 0 0   0
2   12.477    3.180 0 0   0
2   12.473    3.232 0 0   0
2   12.469    3.285 0 0   0
2   12.465    3.337 0 0   0
2   12.460    3.389 0 0   0
2   12.456    3.441 0 0   0
2   12.451    3.493 0 0   0
2   12.445    3.545 0 0   0
2   12.440    3.597 0 0   0
2   12.434    3.649 0 0   0
2   12.428    3.701 0 0   0
2   12.421    3.753 0 0   0
2   12.414    3.805 0 0   0
2   12.407    3.857 0 0   0
2   12.400    3.909 0 0   0
2   12.393    3.961 0 0   0
2   12.385    4.013 0 0   0
2   12.377    4.064 0 0   0
2   12.369    4.116 0 0   0
2   12.360    4.168 0 0   0
2   12.351    4.219 0 0   0
2   12.342    4.271 0 0   0
2   12.333    4.322 0 0   0
2   12.323    4.374 0 0   0
2   12.313    4.425 0 0   0
2   12.303    4.477 0 0   0
2   12.292    4.528 0 0   0
2   12.281    4.579 0 0   0
2   12.270    4.630 0 0   0
2   12.259    4.681 0 0   0
2   12.248    4.733 0 0   0
2   12.236    4.784 0 0   0
2   12.224    4.834 0 0   0
2   12.211    4.885 0 0   0
2   12.199    4.936 0 0   0
2   12.186    4.987 0 0   0
2   12.173    5.038 0 0   0
2   12.159    5.088 0 0   0
2   12.146    5.139 0 0   0
2   12.132    5.189 0 0   0
2   12.117    5.240 0 0   0
2   12.103    5.290 0 0   0
2   12.088    5.340 0 0   0
2   12.073    5.390 0 0   0
2   12.058    5.440 0 0   0
2   12.042    5.490 0 0   0
2   12.027    5.540 0 0   0
2   12.011    5.590 0 0   0
2   11.994    5.640 0 0   0
2   11.978    5.690 0 0   0
2   11.961    5.739 0 0   0
2   11.944    5.789 0 0   0
2   11.926    5.838 0 0   0
2   11.909    5.887 0 0   0
2   11.891    5.937 0 0   0
2   11.873    5.986 0 0   0
2   11.854    6.035 0 0   0
2   11.836    6.084 0 0   0
2   11.817    6.133 0 0   0
2   11.798    6.181 0 0   0
2   11.778    6.230 0 0   0
2   11.759    6.278 0 0   0
2   11.739    6.327 0 0   0
2   11.719    6.375 0 0   0
2   11.698    6.423 0 0   0
2   11.678    6.471 0 0   0
2   11.657    6.519 0 0   0
2   11.635    6.567 0 0   0
2   11.614    6.615 0 0   0
2   11.592    6.663 0 0   0
2   11.570    6.710 0 0   0
2   11.548    6.758 0 0   0
2   11.526    6.805 0 0   0
2   11.503    6.852 0 0   0
2   11.480    6.899 0 0   0
2   11.457    6.946 0 0   0
2   11.434    6.993 0 0   0
2   11.410    7.040 0 0   0
2   11.386    7.086 0 0   0
2   11.362    7.133 0 0   0
2   11.338    7.179 0 0   0
2   11.313    7.226 0 0   0
2   11.288    7.272 0 0   0
2   11.263    7.318 0 0   0
2   11.238    7.363 0 0   0
2   11.212    7.409 0 0   0
2   11.186    7.455 0 0   0
2   11.160    7.500 0 0   0
2   11.134    7.545 0 0   0
2   11.107    7.590 0 0   0
2   11.081    7.635 0 0   0
2   11.054    7.680 0 0   0
2   11.026    7.725 0 0   0
2   10.999    7.770 0 0   0
2   10.971    7.814 0 0   0
2   10.943    7.858 0 0   0
2   10.915    7.902 0 0   0
2   10.887    7.946 0 0   0
2   10.858    7.990 0 0   0
2   10.829    8.034 0 0   0
2   10.800    8.077 0 0   0
2   10.771    8.121 0 0   0
2   10.741    8.164 0 0   0
2   10.711    8.207 0 0   0
2   10.681    8.250 0 0   0
2   10.651    8.293 0 0   0
2   10.621    8.335 0 0   0
2   10.590    8.378 0 0   0
2   10.559    8.420 0 0   0
2   10.528    8.462 0 0   0
2   10.497    8.504 0 0   0
2   10.465    8.546 0 0   0
2   10.434    8.588 0 0   0
2   10.402    8.629 0 0   0
2   10.369    8.670 0 0   0
2   10.337    8.711 0 0   0
2   10.304    8.752 0 0   0
2   10.271    8.793 0 0   0
2   10.238    8.834 0 0   0
2   10.205    8.874 0 0   0
2   10.172    8.914 0 0   0
2   10.138    8.955 0 0   0
2   10.104    8.994 0 0   0
2   10.070    9.034 0 0   0
2   10.036    9.074 0 0   0
2   10.001    9.113 0 0   0
2    9.966    9.152 0 0   0
2    9.931    9.191 0 0   0
2    9.896    9.230 0 0   0
2    9.861    9.269 0 0   0
2    9.825    9.307 0 0   0
2    9.790    9.345 0 0   0
2    9.754    9.384 0 0   0
2    9.718    9.421 0 0   0
2    9.681    9.459 0 0   0
2    9.645    9.497 0 0   0
2    9.608    9.534 0 0   0
2    9.571    9.571 0 0   0
2    9.534    9.608 0 0   0
2    9.497    9.645 0 0   0
2    9.459    9.681 0 0   0
2    9.421    9.718 0 0   0
2    9.384    9.754 0 0   0
2    9.345    9.790 0 0   0
2    9.307    9.825 0 0   0
2    9.269    9.861 0 0   0
2    9.230    9.896 0 0   0
2    9.191    9.931 0 0   0
2    9.152    9.966 0 0   0
2    9.113   10.001 0 0   0
2    9.074   10.036 0 0   0
2    9.034   10.070 0 0   0
2    8.994   10.104 0 0   0
2    8.955   10.138 0 0   0
2    8.914   10.172 0 0   0
2    8.874   10.205 0 0   0
2    8.834   10.238 0 0   0
2    8.793   10.271 0 0   0
2    8.752   10.304 0 0   0
2    8.711   10.337 0 0   0
2    8.670   10.369 0 0   0
2    8.629   10.402 0 0   0
2    8.588   10.434 0 0   0
2    8.546   10.465 0 0   0
2    8.504   10.497 0 0   0
2    8.462   10.528 0 0   0
2    8.420   10.559 0 0   0
2    8.378   10.590 0 0   0
2    8.335   10.621 0 0   0
2    8.293   10.651 0 0   0
2    8.250   10.681 0 0   0
2    8.207   10.711 0 0   0
2    8.164   10.741 0 0   0
2    8.121   10.771 0 0   0
2    8.077   10.800 0 0   0
2    8.034   10.829 0 0   0
2    7.990   10.858 0 0   0
2    7.946   10.887 0 0   0
2    7.902   10.915 0 0   0
2    7.858   10.943 0 0   0
2    7.814   10.971 0 0   0
2    7.770   10.999 0 0   0
2    7.725   11.026 0 0   0
2    7.680   11.054 0 0   0
2    7.635   11.081 0 0   0
2    7.590   11.107 0 0   0
2    7.545   11.134 0 0   0
2    7.500   11.160 0 0   0
2    7.455   11.186 0 0   0
2    7.409   11.212 0 0   0
2    7.363   11.238 0 0   0
2    7.318   11.263 0 0   0
2    7.272   11.288 0 0   0
2    7.226   11.313 0 0   0
2    7.179   11.338 0 0   0
2    7.133   11.362 0 0   0
2    7.086   11.386 0 0   0
2    7.040   11.410 0 0   0
2    6.993   11.434 0 0   0
2    6.946   11.457 0 0   0
2    6.899   11.480 0 0   0
2    6.852   11.503 0 0   0
2    6.805   11.526 0 0   0
2    6.758   11.548 0 0   0
2    6.710   11.570 0 0   0
2    6.663   11.592 0 0   0
2    6.615   11.614 0 0   0
2    6.567   11.635 0 0   0
2    6.519   11.657 0 0   0
2    6.471   11.678 0 0   0
2    6.423   11.698 0 0   0
2    6.375   11.719 0 0   0
2    6.327   11.739 0 0   0
2    6.278   11.759 0 0   0
2    6.230   11.778 0 0   0
2    6.181   11.798 0 0   0
2    6.133   11.817 0 0   0
2    6.084   11.836 0 0   0
2    6.035   11.854 0 0   0
2    5.986   11.873 0 0   0
2    5.937   11.891 0 0   0
2    5.887   11.909 0 0   0
2    5.838   11.926 0 0   0
2    5.789   11.944 0 0   0
2    5.739   11.961 0 0   0
2    5.690   11.978 0 0   0
2    5.640   11.994 0 0   0
2    5.590   12.011 0 0   0
2    5.540   12.027 0 0   0
2    5.490   12.042 0 0   0
2    5.440   12.058 0 0   0
2    5.390   12.073 0 0   0
2    5.340   12.088 0 0   0
2    5.290   12.103 0 0   0
2    5.240   12.117 0 0   0
2    5.189   12.132 0 0   0
2    5.139   12.146 0 0   0
2    5.088   12.159 0 0   0
2    5.038   12.173 0 0   0
2    4.987   12.186 0 0   0
2    4.936   12.199 0 0   0
2    4.885   12.211 0 0   0
2    4.834   12.224 0 0   0
2    4.784   12.236 0 0   0
2    4.733   12.248 0 0   0
2    4.681   12.259 0 0   0
2    4.630   12.270 0 0   0
2    4.579   12.281 0 0   0
2    4.528   12.292 0 0   0
2    4.477   12.303 0 0   0
2    4.425   12.313 0 0   0
2    4.374   12.323 0 0   0
2    4.322   12.333 0 0   0
2    4.271   12.342 0 0   0
2    4.219   12.351 0 0   0
2    4.168   12.360 0 0   0
2    4.116   12.369 0 0   0
2    4.064   12.377 0 0   0
2    4.013   12.385 0 0   0
2    3.961   12.393 0 0   0
2    3.909   12.400 0 0   0
2    3.857   12.407 0 0   0
2    3.805   12.414 0 0   0
2    3.753   12.421 0 0   0
2    3.701   12.428 0 0   0
2    3.649   12.434 0 0   0
2    3.597   12.440 0 0   0
2    3.545   12.445 0 0   0
2    3.493   12.451 0 0   0
2    3.441   12.456 0 0   0
2    3.389   12.460 0 0   0
2    3.337   12.465 0 0   0
2    3.285   12.469 0 0   0
2    3.232   12.473 0 0   0
2    3.180   12.477 0 0   0
2    3.128   12.480 0 0   0
2    3.076   12.483 0 0   0
2    3.023   12.486 0 0   0
2    2.971   12.489 0 0   0
2    2.919   12.491 0 0   0
2    2.866   12.493 0 0   0
2    2.814   12.495 0 0   0
2    2.762   12.497 0 0   0
2    2.709   12.498 0 0   0
2    2.657   12.499 0 0   0
2    2.605   12.499 0 0   0
2    2.552   12.500 0 0   0
2    2.500   12.500 0 0   0
3    5.503    2.500 0 0   0
2    5.501    2.607 0 0   0
2    5.495    2.714 0 0   0
2    5.486    2.821 0 0   0
2    5.473    2.927 0 0   0
2    5.455    3.033 0 0   0
2    5.434    3.138 0 0   0
2    5.410    3.243 0 0   0
2    5.381    3.346 0 0   0
2    5.349    3.448 0 0   0
2    5.314    3.549 0 0   0
2    5.274    3.649 0 0   0
2    5.232    3.748 0 0   0
2    5.185    3.844 0 0   0
2    5.136    3.939 0 0   0
2    5.083    4.032 0 0   0
2    5.026    4.124 0 0   0
2    4.967    4.213 0 0   0
2    4.904    4.300 0 0   0
2    4.838    4.384 0 0   0
2    4.770    4.467 0 0   0
2    4.698    4.546 0 0   0
2    4.623    4.623 0 0   0
2    4.546    4.698 0 0   0
2    4.467    4.770 0 0   0
2    4.384    4.838 0 0   0
2    4.300    4.904 0 0   0
2    4.213    4.967 0 0   0
2    4.124    5.026 0 0   0
2    4.032    5.083 0 0   0
2    3.939    5.136 0 0   0
2    3.844    5.185 0 0   0
2    3.748    5.232 0 0   0
2    3.649    5.274 0 0   0
2    3.549    5.314 0 0   0
2    3.448    5.349 0 0   0
2    3.346    5.381 0 0   0
2    3.243    5.410 0 0   0
2    3.138    5.434 0 0   0
2    3.033    5.455 0 0   0
2    2.927    5.473 0 0   0
2    2.821    5.486 0 0   0
2    2.714    5.495 0 0   0
2    2.607    5.501 0 0   0
2    2.500    5.503 0 0   0
3    5.503    2.500 0 0   0
2    5.590    2.500 0 0   0
2    5.676    2.500 0 0   0
2    5.907    2.500 0 0   0
2    6.138    2.500 0 0   0
2    6.138    2.500 0 0   0
2    6.407    2.500 0 0   0
2    6.675    2.500 0 0   0
2    6.943    2.500 0 0   0
2    7.211    2.500 0 0   0
2    7.479    2.500 0 0   0
2    7.748    2.500 0 0   0
2    7.748    2.500 0 0   0
2    8.036    2.500 0 0   0
2    8.325    2.500 0 0   0
2    8.551    2.500 0 0   0
2    8.776    2.500 0 0   0
2    8.953    2.500 0 0   0
2    9.130    2.500 0 0   0
2    9.268    2.500 0 0   0
2    9.406    2.500 0 0   0
2    9.515    2.500 0 0   0
2    9.623    2.500 0 0   0
2    9.623    2.500 0 0   0
2    9.728    2.500 0 0   0
2    9.832    2.500 0 0   0
2    9.933    2.500 0 0   0
2   10.034    2.500 0 0   0
2   10.131    2.500 0 0   0
2   10.228    2.500 0 0   0
2   10.321    2.500 0 0   0
2   10.414    2.500 0 0   0
2   10.504    2.500 0 0   0
2   10.594    2.500 0 0   0
2   10.680    2.500 0 0   0
2   10.767    2.500 0 0   0
2   10.850    2.500 0 0   0
2   10.933    2.500 0 0   0
2   11.013    2.500 0 0   0
2   11.093    2.500 0 0   0
2   11.170    2.500 0 0   0
2   11.247    2.500 0 0   0
2   11.321    2.500 0 0   0
2   11.395    2.500 0 0   0
2   11.466    2.500 0 0   0
2   11.538    2.500 0 0   0
2   11.606    2.500 0 0   0
2   11.675    2.500 0 0   0
2   11.741    2.500 0 0   0
2   11.807    2.500 0 0   0
2   11.870    2.500 0 0   0
2   11.934    2.500 0 0   0
2   11.995    2.500 0 0   0
2   12.056    2.500 0 0   0
2   12.115    2.500 0 0   0
2   12.173    2.500 0 0   0
2   12.230    2.500 0 0   0
2   12.286    2.500 0 0   0
2   12.341    2.500 0 0   0
2   12.395    2.500 0 0   0
2   12.448    2.500 0 0   0
2   12.500    2.500 0 0   0
3    2.500    9.623 0 0   0
2    2.606    9.622 0 0   0
2    2.711    9.620 0 0   0
2    2.817    9.616 0 0   0
2    2.922    9.610 0 0   0
2    3.027    9.603 0 0   0
2    3.132    9.595 0 0   0
2    3.238    9.585 0 0   0
2    3.342    9.573 0 0   0
2    3.447    9.560 0 0   0
2    3.552    9.545 0 0   0
2    3.656    9.528 0 0   0
2    3.760    9.511 0 0   0
2    3.864    9.491 0 0   0
2    3.967    9.470 0 0   0
2    4.070    9.448 0 0   0
2    4.173    9.424 0 0   0
2    4.275    9.398 0 0   0
2    4.377    9.371 0 0   0
2    4.479    9.342 0 0   0
2    4.580    9.312 0 0   0
2    4.681    9.281 0 0   0
2    4.781    9.248 0 0   0
2    4.881    9.213 0 0   0
2    4.980    9.177 0 0   0
2    5.079    9.140 0 0   0
2    5.177    9.101 0 0   0
2    5.274    9.060 0 0   0
2    5.371    9.018 0 0   0
2    5.468    8.975 0 0   0
2    5.563    8.931 0 0   0
2    5.658    8.884 0 0   0
2    5.753    8.837 0 0   0
2    5.846    8.788 0 0   0
2    5.939    8.738 0 0   0
2    6.031    8.686 0 0   0
2    6.122    8.633 0 0   0
2    6.213    8.579 0 0   0
2    6.302    8.523 0 0   0
2    6.391    8.466 0 0   0
2    6.479    8.408 0 0   0
2    6.566    8.348 0 0   0
2    6.652    8.287 0 0   0
2    6.738    8.225 0 0   0
2    6.822    8.162 0 0   0
2    6.906    8.097 0 0   0
2    6.988    8.031 0 0   0
2    7.069    7.964 0 0   0
2    7.150    7.896 0 0   0
2    7.229    7.826 0 0   0
2    7.308    7.755 0 0   0
2    7.385    7.684 0 0   0
2    7.461    7.611 0 0   0
2    7.537    7.537 0 0   0
2    7.611    7.461 0 0   0
2    7.684    7.385 0 0   0
2    7.755    7.308 0 0   0
2    7.826    7.229 0 0   0
2    7.896    7.150 0 0   0
2    7.964    7.069 0 0   0
2    8.031    6.988 0 0   0
2    8.097    6.906 0 0   0
2    8.162    6.822 0 0   0
2    8.225    6.738 0 0   0
2    8.287    6.652 0 0   0
2    8.348    6.566 0 0   0
2    8.408    6.479 0 0   0
2    8.466    6.391 0 0   0
2    8.523    6.302 0 0   0
2    8.579    6.213 0 0   0
2    8.633    6.122 0 0   0
2    8.686    6.031 0 0   0
2    8.738    5.939 0 0   0
2    8.788    5.846 0 0   0
2    8.837    5.753 0 0   0
2    8.884    5.658 0 0   0
2    8.931    5.563 0 0   0
2    8.975    5.468 0 0   0
2    9.018    5.371 0 0   0
2    9.060    5.274 0 0   0
2    9.101    5.177 0 0   0
2    9.140    5.079 0 0   0
2    9.177    4.980 0 0   0
2    9.213    4.881 0 0   0
2    9.248    4.781 0 0   0
2    9.281    4.681 0 0   0
2    9.312    4.580 0 0   0
2    9.342    4.479 0 0   0
2    9.371    4.377 0 0   0
2    9.398    4.275 0 0   0
2    9.424    4.173 0 0   0
2    9.448    4.070 0 0   0
2    9.470    3.967 0 0   0
2    9.491    3.864 0 0   0
2    9.511    3.760 0 0   0
2    9.528    3.656 0 0   0
2    9.545    3.552 0 0   0
2    9.560    3.447 0 0   0
2    9.573    3.342 0 0   0
2    9.585    3.238 0 0   0
2    9.595    3.132 0 0   0
2    9.603    3.027 0 0   0
2    9.610    2.922 0 0   0
2    9.616    2.817 0 0   0
2    9.620    2.711 0 0   0
2    9.622    2.606 0 0   0
2    9.623    2.500 0 0   0
3    2.500   12.500 0 0   0
2    2.500   12.448 0 0   0
2    2.500   12.395 0 0   0
2    2.500   12.341 0 0   0
2    2.500   12.286 0 0   0
2    2.500   12.230 0 0   0
2    2.500   12.173 0 0   0
2    2.500   12.115 0 0   0
2    2.500   12.056 0 0   0
2    2.500   11.995 0 0   0
2    2.500   11.934 0 0   0
2    2.500   11.870 0 0   0
2    2.500   11.807 0 0   0
2    2.500   11.741 0 0   0
2    2.500   11.675 0 0   0
2    2.500   11.606 0 0   0
2    2.500   11.538 0 0   0
2    2.500   11.466 0 0   0
2    2.500   11.395 0 0   0
2    2.500   11.321 0 0   0
2    2.500   11.247 0 0   0
2    2.500   11.170 0 0   0
2    2.500   11.093 0 0   0
2    2.500   11.013 0 0   0
2    2.500   10.933 0 0   0
2    2.500   10.850 0 0   0
2    2.500   10.767 0 0   0
2    2.500   10.680 0 0   0
2    2.500   10.594 0 0   0
2    2.500   10.504 0 0   0
2    2.500   10.414 0 0   0
2    2.500   10.321 0 0   0
2    2.500   10.228 0 0   0
2    2.500   10.131 0 0   0
2    2.500   10.034 0 0   0
2    2.500    9.933 0 0   0
2    2.500    9.832 0 0   0
2    2.500    9.728 0 0   0
2    2.500    9.623 0 0   0
2    2.500    9.623 0 0   0
2    2.500    9.515 0 0   0
2    2.500    9.406 0 0   0
2    2.500    9.268 0 0   0
2    2.500    9.130 0 0   0
2    2.500    8.953 0 0   0
2    2.500    8.776 0 0   0
2    2.500    8.551 0 0   0
2    2.500    8.325 0 0   0
2    2.500    8.036 0 0   0
2    2.500    7.748 0 0   0
2    2.500    7.748 0 0   0
2    2.500    7.479 0 0   0
2    2.500    7.211 0 0   0
2    2.500    6.943 0 0   0
2    2.500    6.675 0 0   0
2    2.500    6.407 0 0   0
2    2.500    6.138 0 0   0
2    2.500    6.138 0 0   0
2    2.500    5.907 0 0   0
2    2.500    5.676 0 0   0
2    2.500    5.590 0 0   0
2    2.500    5.503 0 0   0
3    5.503    2.500 0 0   0
2    5.501    2.607 0 0   0
2    5.495    2.714 0 0   0
2    5.486    2.821 0 0   0
2    5.473    2.927 0 0   0
2    5.455    3.033 0 0   0
2    5.434    3.138 0 0   0
2    5.410    3.243 0 0   0
2    5.381    3.346 0 0   0
2    5.349    3.448 0 0   0
2    5.314    3.549 0 0   0
2    5.274    3.649 0 0   0
2    5.232    3.748 0 0   0
2    5.185    3.844 0 0   0
2    5.136    3.939 0 0   0
2    5.083    4.032 0 0   0
2    5.026    4.124 0 0   0
2    4.967    4.213 0 0   0
2    4.904    4.300 0 0   0
2    4.838    4.384 0 0   0
2    4.770    4.467 0 0   0
2    4.698    4.546 0 0   0
2    4.623    4.623 0 0   0
2    4.546    4.698 0 0   0
2    4.467    4.770 0 0   0
2    4.384    4.838 0 0   0
2    4.300    4.904 0 0   0
2    4.213    4.967 0 0   0
2    4.124    5.026 0 0   0
2    4.032    5.083 0 0   0
2    3.939    5.136 0 0   0
2    3.844    5.185 0 0   0
2    3.748    5.232 0 0   0
2    3.649    5.274 0 0   0
2    3.549    5.314 0 0   0
2    3.448    5.349 0 0   0
2    3.346    5.381 0 0   0
2    3.243    5.410 0 0   0
2    3.138    5.434 0 0   0
2    3.033    5.455 0 0   0
2    2.927    5.473 0 0   0
2    2.821    5.486 0 0   0
2    2.714    5.495 0 0   0
2    2.607    5.501 0 0   0
2    2.500    5.503 0 0   0
2    2.500    5.503 0 0   0
2    2.500    5.590 0 0   0
2    2.500    5.676 0 0   0
2    2.500    5.907 0 0   0
2    2.500    6.138 0 0   0
2    2.500    6.138 0 0   0
2    2.500    6.407 0 0   0
2    2.500    6.675 0 0   0
2    2.500    6.943 0 0   0
2    2.500    7.211 0 0   0
2    2.500    7.479 0 0   0
2    2.500    7.748 0 0   0
2    2.500    7.748 0 0   0
2    2.500    8.036 0 0   0
2    2.500    8.325 0 0   0
2    2.500    8.551 0 0   0
2    2.500    8.776 0 0   0
2    2.500    8.953 0 0   0
2    2.500    9.130 0 0   0
2    2.500    9.268 0 0   0
2    2.500    9.406 0 0   0
2    2.500    9.515 0 0   0
2    2.500    9.623 0 0   0
2    2.500    9.623 0 0   0
2    2.500    9.728 0 0   0
2    2.500    9.832 0 0   0
2    2.500    9.933 0 0   0
2    2.500   10.034 0 0   0
2    2.500   10.131 0 0   0
2    2.500   10.228 0 0   0
2    2.500   10.321 0 0   0
2    2.500   10.414 0 0   0
2    2.500   10.504 0 0   0
2    2.500   10.594 0 0   0
2    2.500   10.680 0 0   0
2    2.500   10.767 0 0   0
2    2.500   10.850 0 0   0
2    2.500   10.933 0 0   0
2    2.500   11.013 0 0   0
2    2.500   11.093 0 0   0
2    2.500   11.170 0 0   0
2    2.500   11.247 0 0   0
2    2.500   11.321 0 0   0
2    2.500   11.395 0 0   0
2    2.500   11.466 0 0   0
2    2.500   11.538 0 0   0
2    2.500   11.606 0 0   0
2    2.500   11.675 0 0   0
2    2.500   11.741 0 0   0
2    2.500   11.807 0 0   0
2    2.500   11.870 0 0   0
2    2.500   11.934 0 0   0
2    2.500   11.995 0 0   0
2    2.500   12.056 0 0   0
2    2.500   12.115 0 0   0
2    2.500   12.173 0 0   0
2    2.500   12.230 0 0   0
2    2.500   12.286 0 0   0
2    2.500   12.341 0 0   0
2    2.500   12.395 0 0   0
2    2.500   12.448 0 0   0
2    2.500   12.500 0 0   0
2    2.500   12.500 0 0   0
2    2.552   12.500 0 0   0
2    2.605   12.499 0 0   0
2    2.657   12.499 0 0   0
2    2.709   12.498 0 0   0
2    2.762   12.497 0 0   0
2    2.814   12.495 0 0   0
2    2.866   12.493 0 0   0
2    2.919   12.491 0 0   0
2    2.971   12.489 0 0   0
2    3.023   12.486 0 0   0
2    3.076   12.483 0 0   0
2    3.128   12.480 0 0   0
2    3.180   12.477 0 0   0
2    3.232   12.473 0 0   0
2    3.285   12.469 0 0   0
2    3.337   12.465 0 0   0
2    3.389   12.460 0 0   0
2    3.441   12.456 0 0   0
2    3.493   12.451 0 0   0
2    3.545   12.445 0 0   0
2    3.597   12.440 0 0   0
2    3.649   12.434 0 0   0
2    3.701   12.428 0 0   0
2    3.753   12.421 0 0   0
2    3.805   12.414 0 0   0
2    3.857   12.407 0 0   0
2    3.909   12.400 0 0   0
2    3.961   12.393 0 0   0
2    4.013   12.385 0 0   0
2    4.064   12.377 0 0   0
2    4.116   12.369 0 0   0
2    4.168   12.360 0 0   0
2    4.219   12.351 0 0   0
2    4.271   12.342 0 0   0
2    4.322   12.333 0 0   0
2    4.374   12.323 0 0   0
2    4.425   12.313 0 0   0
2    4.477   12.303 0 0   0
2    4.528   12.292 0 0   0
2    4.579   12.281 0 0   0
2    4.630   12.270 0 0   0
2    4.681   12.259 0 0   0
2    4.733   12.248 0 0   0
2    4.784   12.236 0 0   0
2    4.834   12.224 0 0   0
2    4.885   12.211 0 0   0
2    4.936   12.199 0 0   0
2    4.987   12.186 0 0   0
2    5.038   12.173 0 0   0
2    5.088   12.159 0 0   0
2    5.139   12.146 0 0   0
2    5.189   12.132 0 0   0
2    5.240   12.117 0 0   0
2    5.290   12.103 0 0   0
2    5.340   12.088 0 0   0
2    5.390   12.073 0 0   0
2    5.440   12.058 0 0   0
2    5.490   12.042 0 0   0
2    5.540   12.027 0 0   0
2    5.590   12.011 0 0   0
2    5.640   11.994 0 0   0
2    5.690   11.978 0 0   0
2    5.739   11.961 0 0   0
2    5.789   11.944 0 0   0
2    5.838   11.926 0 0   0
2    5.887   11.909 0 0   0
2    5.937   11.891 0 0   0
2    5.986   11.873 0 0   0
2    6.035   11.854 0 0   0
2    6.084   11.836 0 0   0
2    6.133   11.817 0 0   0
2    6.181   11.798 0 0   0
2    6.230   11.778 0 0   0
2    6.278   11.759 0 0   0
2    6.327   11.739 0 0   0
2    6.375   11.719 0 0   0
2    6.423   11.698 0 0   0
2    6.471   11.678 0 0   0
2    6.519   11.657 0 0   0
2    6.567   11.635 0 0   0
2    6.615   11.614 0 0   0
2    6.663   11.592 0 0   0
2    6.710   11.570 0 0   0
2    6.758   11.548 0 0   0
2    6.805   11.526 0 0   0
2    6.852   11.503 0 0   0
2    6.899   11.480 0 0   0
2    6.946   11.457 0 0   0
2    6.993   11.434 0 0   0
2    7.040   11.410 0 0   0
2    7.086   11.386 0 0   0
2    7.133   11.362 0 0   0
2    7.179   11.338 0 0   0
2    7.226   11.313 0 0   0
2    7.272   11.288 0 0   0
2    7.318   11.263 0 0   0
2    7.363   11.238 0 0   0
2    7.409   11.212 0 0   0
2    7.455   11.186 0 0   0
2    7.500   11.160 0 0   0
2    7.545   11.134 0 0   0
2    7.590   11.107 0 0   0
2    7.635   11.081 0 0   0
2    7.680   11.054 0 0   0
2    7.725   11.026 0 0   0
2    7.770   10.999 0 0   0
2    7.814   10.971 0 0   0
2    7.858   10.943 0 0   0
2    7.902   10.915 0 0   0
2    7.946   10.887 0 0   0
2    7.990   10.858 0 0   0
2    8.034   10.829 0 0   0
2    8.077   10.800 0 0   0
2    8.121   10.771 0 0   0
2    8.164   10.741 0 0   0
2    8.207   10.711 0 0   0
2    8.250   10.681 0 0   0
2    8.293   10.651 0 0   0
2    8.335   10.621 0 0   0
2    8.378   10.590 0 0   0
2    8.420   10.559 0 0   0
2    8.462   10.528 0 0   0
2    8.504   10.497 0 0   0
2    8.546   10.465 0 0   0
2    8.588   10.434 0 0   0
2    8.629   10.402 0 0   0
2    8.670   10.369 0 0   0
2    8.711   10.337 0 0   0
2    8.752   10.304 0 0   0
2    8.793   10.271 0 0   0
2    8.834   10.238 0 0   0
2    8.874   10.205 0 0   0
2    8.914   10.172 0 0   0
2    8.955   10.138 0 0   0
2    8.994   10.104 0 0   0
2    9.034   10.070 0 0   0
2    9.074   10.036 0 0   0
2    9.113   10.001 0 0   0
2    9.152    9.966 0 0   0
2    9.191    9.931 0 0   0
2    9.230    9.896 0 0   0
2    9.269    9.861 0 0   0
2    9.307    9.825 0 0   0
2    9.345    9.790 0 0   0
2    9.384    9.754 0 0   0
2    9.421    9.718 0 0   0
2    9.459    9.681 0 0   0
2    9.497    9.645 0 0   0
2    9.534    9.608 0 0   0
2    9.571    9.571 0 0   0
2    9.608    9.534 0 0   0
2    9.645    9.497 0 0   0
2    9.681    9.459 0 0   0
2    9.718    9.421 0 0   0
2    9.754    9.384 0 0   0
2    9.790    9.345 0 0   0
2    9.825    9.307 0 0   0
2    9.861    9.269 0 0   0
2    9.896    9.230 0 0   0
2    9.931    9.191 0 0   0
2    9.966    9.152 0 0   0
2   10.001    9.113 0 0   0
2   10.036    9.074 0 0   0
2   10.070    9.034 0 0   0
2   10.104    8.994 0 0   0
2   10.138    8.955 0 0   0
2   10.172    8.914 0 0   0
2   10.205    8.874 0 0   0
2   10.238    8.834 0 0   0
2   10.271    8.793 0 0   0
2   10.304    8.752 0 0   0
2   10.337    8.711 0 0   0
2   10.369    8.670 0 0   0
2   10.402    8.629 0 0   0
2   10.434    8.588 0 0   0
2   10.465    8.546 0 0   0
2   10.497    8.504 0 0   0
2   10.528    8.462 0 0   0
2   10.559    8.420 0 0   0
2   10.590    8.378 0 0   0
2   10.621    8.335 0 0   0
2   10.651    8.293 0 0   0
2   10.681    8.250 0 0   0
2   10.711    8.207 0 0   0
2   10.741    8.164 0 0   0
2   10.771    8.121 0 0   0
2   10.800    8.077 0 0   0
2   10.829    8.034 0 0   0
2   10.858    7.990 0 0   0
2   10.887    7.946 0 0   0
2   10.915    7.902 0 0   0
2   10.943    7.858 0 0   0
2   10.971    7.814 0 0   0
2   10.999    7.770 0 0   0
2   11.026    7.725 0 0   0
2   11.054    7.680 0 0   0
2   11.081    7.635 0 0   0
2   11.107    7.590 0 0   0
2   11.134    7.545 0 0   0
2   11.160    7.500 0 0   0
2   11.186    7.455 0 0   0
2   11.212    7.409 0 0   0
2   11.238    7.363 0 0   0
2   11.263    7.318 0 0   0
2   11.288    7.272 0 0   0
2   11.313    7.226 0 0   0
2   11.338    7.179 0 0   0
2   11.362    7.133 0 0   0
2   11.386    7.086 0 0   0
2   11.410    7.040 0 0   0
2   11.434    6.993 0 0   0
2   11.457    6.946 0 0   0
2   11.480    6.899 0 0   0
2   11.503    6.852 0 0   0
2   11.526    6.805 0 0   0
2   11.548    6.758 0 0   0
2   11.570    6.710 0 0   0
2   11.592    6.663 0 0   0
2   11.614    6.615 0 0   0
2   11.635    6.567 0 0   0
2   11.657    6.519 0 0   0
2   11.678    6.471 0 0   0
2   11.698    6.423 0 0   0
2   11.719    6.375 0 0   0
2   11.739    6.327 0 0   0
2   11.759    6.278 0 0   0
2   11.778    6.230 0 0   0
2   11.798    6.181 0 0   0
2   11.817    6.133 0 0   0
2   11.836    6.084 0 0   0
2   11.854    6.035 0 0   0
2   11.873    5.986 0 0   0
2   11.891    5.937 0 0   0
2   11.909    5.887 0 0   0
2   11.926    5.838 0 0   0
2   11.944    5.789 0 0   0
2   11.961    5.739 0 0   0
2   11.978    5.690 0 0   0
2   11.994    5.640 0 0   0
2   12.011    5.590 0 0   0
2   12.027    5.540 0 0   0
2   12.042    5.490 0 0   0
2   12.058    5.440 0 0   0
2   12.073    5.390 0 0   0
2   12.088    5.340 0 0   0
2   12.103    5.290 0 0   0
2   12.117    5.240 0 0   0
2   12.132    5.189 0 0   0
2   12.146    5.139 0 0   0
2   12.159    5.088 0 0   0
2   12.173    5.038 0 0   0
2   12.186    4.987 0 0   0
2   12.199    4.936 0 0   0
2   12.211    4.885 0 0   0
2   12.224    4.834 0 0   0
2   12.236    4.784 0 0   0
2   12.248    4.733 0 0   0
2   12.259    4.681 0 0   0
2   12.270    4.630 0 0   0
2   12.281    4.579 0 0   0
2   12.292    4.528 0 0   0
2   12.303    4.477 0 0   0
2   12.313    4.425 0 0   0
2   12.323    4.374 0 0   0
2   12.333    4.322 0 0   0
2   12.342    4.271 0 0   0
2   12.351    4.219 0 0   0
2   12.360    4.168 0 0   0
2   12.369    4.116 0 0   0
2   12.377    4.064 0 0   0
2   12.385    4.013 0 0   0
2   12.393    3.961 0 0   0
2   12.400    3.909 0 0   0
2   12.407    3.857 0 0   0
2   12.414    3.805 0 0   0
2   12.421    3.753 0 0   0
2   12.428    3.701 0 0   0
2   12.434    3.649 0 0   0
2   12.440    3.597 0 0   0
2   12.445    3.545 0 0   0
2   12.451    3.493 0 0   0
2   12.456    3.441 0 0   0
2   12.460    3.389 0 0   0
2   12.465    3.337 0 0   0
2   12.469    3.285 0 0   0
2   12.473    3.232 0 0   0
2   12.477    3.180 0 0   0
2   12.480    3.128 0 0   0
2   12.483    3.076 0 0   0
2   12.486    3.023 0 0   0
2   12.489    2.971 0 0   0
2   12.491    2.919 0 0   0
2   12.493    2.866 0 0   0
2   12.495    2.814 0 0   0
2   12.497    2.762 0 0   0
2   12.498    2.709 0 0   0
2   12.499    2.657 0 0   0
2   12.499    2.605 0 0   0
2   12.500    2.552 0 0   0
2   12.500    2.500 0 0   0
2   12.500    2.500 0 0   0
2   12.448    2.500 0 0   0
2   12.395    2.500 0 0   0
2   12.341    2.500 0 0   0
2   12.286    2.500 0 0   0
2   12.230    2.500 0 0   0
2   12.173    2.500 0 0   0
2   12.115    2.500 0 0   0
2   12.056    2.500 0 0   0
2   11.995    2.500 0 0   0
2   11.934    2.500 0 0   0
2   11.870    2.500 0 0   0
2   11.807    2.500 0 0   0
2   11.741    2.500 0 0   0
2   11.675    2.500 0 0   0
2   11.606    2.500 0 0   0
2   11.538    2.500 0 0   0
2   11.466    2.500 0 0   0
2   11.395    2.500 0 0   0
2   11.321    2.500 0 0   0
2   11.247    2.500 0 0   0
2   11.170    2.500 0 0   0
2   11.093    2.500 0 0   0
2   11.013    2.500 0 0   0
2   10.933    2.500 0 0   0
2   10.850    2.500 0 0   0
2   10.767    2.500 0 0   0
2   10.680    2.500 0 0   0
2   10.594    2.500 0 0   0
2   10.504    2.500 0 0   0
2   10.414    2.500 0 0   0
2   10.321    2.500 0 0   0
2   10.228    2.500 0 0   0
2   10.131    2.500 0 0   0
2   10.034    2.500 0 0   0
2    9.933    2.500 0 0   0
2    9.832    2.500 0 0   0
2    9.728    2.500 0 0   0
2    9.623    2.500 0 0   0
2    9.623    2.500 0 0   0
2    9.515    2.500 0 0   0
2    9.406    2.500 0 0   0
2    9.268    2.500 0 0   0
2    9.130    2.500 0 0   0
2    8.953    2.500 0 0   0
2    8.776    2.500 0 0   0
2    8.551    2.500 0 0   0
2    8.325    2.500 0 0   0
2    8.036    2.500 0 0   0
2    7.748    2.500 0 0   0
2    7.748    2.500 0 0   0
2    7.479    2.500 0 0   0
2    7.211    2.500 0 0   0
2    6.943    2.500 0 0   0
2    6.675    2.500 0 0   0
2    6.407    2.500 0 0   0
2    6.138    2.500 0 0   0
2    6.138    2.500 0 0   0
2    5.907    2.500 0 0   0
2    5.676    2.500 0 0   0
2    5.590    2.500 0 0   0
2    5.503    2.500 0 0   0
5    0.000    0.000 0 0   0
