      0.0000000   3273.0000000   2637.9540331   1962.0459669
      0.0100000   3243.0000007   2624.7971828   1945.2028179
      0.0200000   3213.0000013   2611.7059525   1928.2940488
      0.0300000   3183.0000020   2598.6800150   1911.3199870
      0.0400000   3153.0000027   2585.7190447   1894.2809580
      0.0500000   3123.0000089   2572.8227198   1877.1772891
      0.0600000   3093.0000040   2559.9907109   1860.0092932
      0.0700000   3062.9999991   2547.2227018   1842.7772973
      0.0800000   3033.0000054   2534.5183783   1825.4816271
      0.0900000   3003.0000116   2521.8774177   1808.1225939
      0.1000000   2973.0000179   2509.2995043   1790.7005136
      0.1100000   2943.0000018   2496.7843141   1773.2156877
      0.1200000   2913.0000080   2484.3315529   1755.6684551
      0.1300000   2883.0000143   2471.9409002   1738.0591141
      0.1400000   2852.9999982   2459.6120369   1720.3879613
      0.1500000   2823.0000268   2447.3446824   1702.6553444
      0.1600000   2793.0000107   2435.1384933   1684.8615174
      0.1700000   2762.9999946   2422.9931829   1667.0068117
      0.1800000   2733.0000232   2410.9084655   1649.0915577
      0.1900000   2703.0000072   2398.8840030   1631.1160042
      0.2000000   2673.0000358   2386.9195305   1613.0805053
      0.2100000   2643.0000197   2375.0147133   1594.9853064
      0.2200000   2613.0000036   2363.1692716   1576.8307320
      0.2300000   2583.0000322   2351.3829269   1558.6171053
      0.2400000   2553.0000161   2339.6553494   1540.3446667
      0.2500000   2523.0000000   2327.9862634   1522.0137366
      0.2600000   2493.0000286   2316.3753945   1503.6246341
      0.2700000   2463.0000572   2304.8224350   1485.1776222
      0.2800000   2432.9999964   2293.3270619   1466.6729345
      0.2900000   2403.0000250   2281.8890564   1448.1109687
      0.3000000   2373.0000536   2270.5080980   1429.4919556
      0.3100000   2342.9999928   2259.1838688   1410.8161241
      0.3200000   2313.0000215   2247.9161529   1392.0838685
      0.3300000   2283.0000501   2236.7046350   1373.2954150
      0.3400000   2252.9999893   2225.5490016   1354.4509877
      0.3500000   2223.0000179   2214.4490402   1335.5509777
      0.3600000   2193.0000465   2203.4044400   1316.5956065
      0.3700000   2162.9999857   2192.4148923   1297.5850934
      0.3800000   2133.0000143   2181.4801878   1278.5198265
      0.3900000   2103.0000429   2170.6000203   1259.4000226
      0.4000000   2073.0000715   2159.7741179   1240.2259537
      0.4100000   2043.0000107   2149.0021777   1220.9978330
      0.4200000   2013.0000393   2138.2839949   1201.7160445
      0.4300000   1983.0000679   2127.6192691   1182.3807989
      0.4400000   1953.0000072   2117.0077023   1162.9923049
      0.4500000   1923.0000358   2106.4490923   1143.5509434
      0.4600000   1893.0000644   2095.9431437   1124.0569207
      0.4700000   1863.0000036   2085.4895625   1104.5104411
      0.4800000   1833.0000322   2075.0881498   1084.9118824
      0.4900000   1803.0000608   2064.7386143   1065.2614465
      0.5000000   1773.0000000   2054.4406667   1045.5593333
      0.5100000   1743.0000286   2044.1941109   1025.8059177
      0.5200000   1713.0000572   2033.9986599   1006.0013973
      0.5300000   1683.0000858   2023.8540589    986.1460269
      0.5400000   1653.0001144   2013.7600543    966.2400601
      0.5500000   1622.9999642   2003.7163340    946.2836303
      0.5600000   1592.9999928   1993.7227666    926.2772263
      0.5700000   1563.0000215   1983.7790422    906.2209792
      0.5800000   1533.0000501   1973.8849124    886.1151377
      0.5900000   1503.0000787   1964.0401297    865.9599490
      0.6000000   1473.0001073   1954.2444480    845.7556593
      0.6100000   1442.9999571   1944.4975645    825.5023926
      0.6200000   1412.9999857   1934.7993516    805.2006341
      0.6300000   1383.0000143   1925.1495088    784.8505055
      0.6400000   1353.0000429   1915.5477947    764.4522482
      0.6500000   1323.0000715   1905.9939693    744.0061022
      0.6600000   1293.0001001   1896.4877938    723.5123064
      0.6700000   1263.0001287   1887.0290304    702.9710983
      0.6800000   1232.9999785   1877.6173869    682.3825917
      0.6900000   1203.0000072   1868.2527400    661.7472672
      0.7000000   1173.0000358   1858.9347994    641.0652363
      0.7100000   1143.0000644   1849.6633323    620.3367321
      0.7200000   1113.0000930   1840.4381067    599.5619863
      0.7300000   1083.0001216   1831.2588921    578.7412295
      0.7400000   1052.9999714   1822.1254046    557.8745668
      0.7500000   1023.0000000   1813.0375249    536.9624751
      0.7600000    993.0000286   1803.9949711    516.0050575
      0.7700000    963.0000572   1794.9975172    495.0025400
      0.7800000    933.0000858   1786.0449383    473.9551475
      0.7900000    903.0001144   1777.1370105    452.8631040
      0.8000000    873.0001431   1768.2735111    431.7266320
      0.8100000    842.9999928   1759.4541661    410.5458267
      0.8200000    813.0000215   1750.6788602    389.3211613
      0.8300000    783.0000501   1741.9473213    368.0527288
      0.8400000    753.0000787   1733.2593310    346.7407477
      0.8500000    723.0001073   1724.6146723    325.3854350
      0.8600000    693.0001359   1716.0131289    303.9870070
      0.8700000    662.9999857   1707.4544349    282.5455508
      0.8800000    633.0000143   1698.9384785    261.0615358
      0.8900000    603.0000429   1690.4649956    239.5350473
      0.9000000    573.0000715   1682.0337743    217.9662973
      0.9100000    543.0001001   1673.6446038    196.3554963
      0.9200000    513.0001287   1665.2972744    174.7028543
      0.9300000    482.9999785   1656.9915282    153.0084504
      0.9400000    453.0000072   1648.7272563    131.2727509
      0.9500000    423.0000358   1640.5042026    109.4958331
      0.9600000    393.0000644   1632.3221616     87.6779028
      0.9700000    363.0000930   1624.1809286     65.8191644
      0.9800000    333.0001216   1616.0803001     43.9198215
      0.9899999    303.0001502   1608.0200736     21.9800766
      1.0000000    273.0000000   1600.0000000      0.0000000
