      0.0000000   3273.0000000   4349.2509255    250.7490745
      0.0100000   3243.0000007   4305.9751567    264.0248439
      0.0200000   3213.0000013   4263.1299890    276.8700123
      0.0300000   3183.0000020   4220.7111378    289.2888642
      0.0400000   3153.0000027   4178.7143612    301.2856415
      0.0500000   3123.0000089   4137.1354672    312.8645417
      0.0600000   3093.0000040   4095.9702748    324.0297292
      0.0700000   3062.9999991   4055.2146830    334.7853161
      0.0800000   3033.0000054   4014.8646311    345.1353743
      0.0900000   3003.0000116   3974.9160688    355.0839428
      0.1000000   2973.0000179   3935.3650013    364.6350166
      0.1100000   2943.0000018   3896.2074444    373.7925574
      0.1200000   2913.0000080   3857.4395406    382.5604674
      0.1300000   2883.0000143   3819.0573838    390.9426305
      0.1400000   2852.9999982   3781.0571077    398.9428905
      0.1500000   2823.0000268   3743.4349966    406.5650303
      0.1600000   2793.0000107   3706.1871761    413.8128346
      0.1700000   2762.9999946   3669.3099779    420.6900168
      0.1800000   2733.0000232   3632.7997682    427.2002550
      0.1900000   2703.0000072   3596.6527873    433.3472199
      0.2000000   2673.0000358   3560.8655280    439.1345077
      0.2100000   2643.0000197   3525.4343051    444.5657145
      0.2200000   2613.0000036   3490.3556290    449.6443746
      0.2300000   2583.0000322   3455.6260431    454.3739891
      0.2400000   2553.0000161   3421.2419711    458.7580449
      0.2500000   2523.0000000   3387.2000266    462.7999734
      0.2600000   2493.0000286   3353.4968552    466.5031734
      0.2700000   2463.0000572   3320.1290356    469.8710216
      0.2800000   2432.9999964   3287.0931331    472.9068633
      0.2900000   2403.0000250   3254.3860410    475.6139840
      0.3000000   2373.0000536   3222.0043896    477.9956641
      0.3100000   2342.9999928   3189.9448456    480.0551473
      0.3200000   2313.0000215   3158.2043942    481.7956273
      0.3300000   2283.0000501   3126.7797652    483.2202849
      0.3400000   2252.9999893   3095.6677240    484.3322653
      0.3500000   2223.0000179   3064.8653447    485.1346732
      0.3600000   2193.0000465   3034.3694539    485.6305926
      0.3700000   2162.9999857   3004.1769125    485.8230732
      0.3800000   2133.0000143   2974.2848811    485.7151332
      0.3900000   2103.0000429   2944.6902802    485.3097627
      0.4000000   2073.0000715   2915.3901501    484.6099214
      0.4100000   2043.0000107   2886.3814750    483.6185358
      0.4200000   2013.0000393   2857.6615267    482.3385127
      0.4300000   1983.0000679   2829.2273464    480.7727216
      0.4400000   1953.0000072   2801.0760072    478.9240000
      0.4500000   1923.0000358   2773.2048616    476.7951741
      0.4600000   1893.0000644   2745.6110384    474.3890260
      0.4700000   1863.0000036   2718.2916970    471.7083065
      0.4800000   1833.0000322   2691.2442684    468.7557638
      0.4900000   1803.0000608   2664.4659659    465.5340949
      0.5000000   1773.0000000   2637.9540331    462.0459669
      0.5100000   1743.0000286   2611.7059768    458.2940518
      0.5200000   1713.0000572   2585.7190928    454.2809644
      0.5300000   1683.0000858   2559.9907824    450.0093034
      0.5400000   1653.0001144   2534.5184727    445.4816418
      0.5500000   1622.9999642   2509.2994669    440.7004974
      0.5600000   1592.9999928   2484.3315437    435.6684492
      0.5700000   1563.0000215   2459.6120553    430.3879662
      0.5800000   1533.0000501   2435.1385296    424.8615204
      0.5900000   1503.0000787   2410.9085194    419.0915593
      0.6000000   1473.0001073   2386.9196016    413.0805057
      0.6100000   1442.9999571   2363.1692364    406.8307207
      0.6200000   1412.9999857   2339.6553319    400.3446538
      0.6300000   1383.0000143   2316.3753945    393.6246198
      0.6400000   1353.0000429   2293.3270961    386.6729468
      0.6500000   1323.0000715   2270.5081319    379.4919396
      0.6600000   1293.0001001   2247.9162199    372.0838802
      0.6700000   1263.0001287   2225.5491011    364.4510277
      0.6800000   1232.9999785   2203.4044072    356.5955714
      0.6900000   1203.0000072   2181.4801878    348.5198193
      0.7000000   1173.0000358   2159.7741179    340.2259179
      0.7100000   1143.0000644   2138.2840267    331.7160376
      0.7200000   1113.0000930   2117.0077654    322.9923276
      0.7300000   1083.0001216   2095.9432061    314.0569155
      0.7400000   1052.9999714   2075.0881189    304.9118525
      0.7500000   1023.0000000   2054.4406667    295.5593333
      0.7600000    993.0000286   2033.9986599    286.0013687
      0.7700000    963.0000572   2013.7600543    276.2400029
      0.7800000    933.0000858   1993.7228260    266.2772599
      0.7900000    903.0001144   1973.8849712    256.1151432
      0.8000000    873.0001431   1954.2445062    245.7556368
      0.8100000    842.9999928   1934.7993516    235.2006412
      0.8200000    813.0000215   1915.5477947    224.4522268
      0.8300000    783.0000501   1896.4877938    213.5122563
      0.8400000    753.0000787   1877.6174428    202.3826358
      0.8500000    723.0001073   1858.9348548    191.0652524
      0.8600000    693.0001359   1840.4381615    179.5619744
      0.8700000    662.9999857   1822.1254046    167.8745811
      0.8800000    633.0000143   1803.9949711    156.0050432
      0.8900000    603.0000429   1786.0449383    143.9551046
      0.9000000    573.0000715   1768.2735111    131.7265604
      0.9100000    543.0001001   1750.6789124    119.3211878
      0.9200000    513.0001287   1733.2593827    106.7407461
      0.9300000    482.9999785   1716.0130777     93.9869008
      0.9400000    453.0000072   1698.9384785     81.0615286
      0.9500000    423.0000358   1682.0337743     67.9662615
      0.9600000    393.0000644   1665.2972744     54.7027899
      0.9700000    363.0000930   1648.7273054     41.2727876
      0.9800000    333.0001216   1632.3222102     27.6779114
      0.9899999    303.0001502   1616.0803482     13.9198020
      1.0000000    273.0000000   1600.0000000      0.0000000
