      0.0000000   3273.0000000    450.1009069   2822.8990931
      0.0100000   3243.0000007    447.8560193   2795.1439814
      0.0200000   3213.0000013    445.6223281   2767.3776732
      0.0300000   3183.0000020    443.3997776   2739.6002244
      0.0400000   3153.0000027    441.1883120   2711.8116907
      0.0500000   3123.0000089    438.9878766   2684.0121324
      0.0600000   3093.0000040    436.7984150   2656.2015890
      0.0700000   3062.9999991    434.6198735   2628.3801256
      0.0800000   3033.0000054    432.4521983   2600.5478071
      0.0900000   3003.0000116    430.2953344   2572.7046772
      0.1000000   2973.0000179    428.1492279   2544.8507900
      0.1100000   2943.0000018    426.0138236   2516.9861782
      0.1200000   2913.0000080    423.8890712   2489.1109368
      0.1300000   2883.0000143    421.7749161   2461.2250982
      0.1400000   2852.9999982    419.6713038   2433.3286944
      0.1500000   2823.0000268    417.5781864   2405.4218404
      0.1600000   2793.0000107    415.4955054   2377.5045053
      0.1700000   2762.9999946    413.4232118   2349.5767828
      0.1800000   2733.0000232    411.3612569   2321.6387663
      0.1900000   2703.0000072    409.3095830   2293.6904241
      0.2000000   2673.0000358    407.2681449   2265.7318909
      0.2100000   2643.0000197    405.2368854   2237.7631342
      0.2200000   2613.0000036    403.2157570   2209.7842466
      0.2300000   2583.0000322    401.2047119   2181.7953203
      0.2400000   2553.0000161    399.2036940   2153.7963221
      0.2500000   2523.0000000    397.2126562   2125.7873438
      0.2600000   2493.0000286    395.2315517   2097.7684769
      0.2700000   2463.0000572    393.2603280   2069.7397292
      0.2800000   2432.9999964    391.2989299   2041.7010665
      0.2900000   2403.0000250    389.3473202   2013.6527048
      0.3000000   2373.0000536    387.4054442   1985.5946094
      0.3100000   2342.9999928    385.4732476   1957.5267452
      0.3200000   2313.0000215    383.5506936   1929.4493279
      0.3300000   2283.0000501    381.6377284   1901.3623217
      0.3400000   2252.9999893    379.7342984   1873.2656909
      0.3500000   2223.0000179    377.8403675   1845.1596504
      0.3600000   2193.0000465    375.9558826   1817.0441639
      0.3700000   2162.9999857    374.0807910   1788.9191947
      0.3800000   2133.0000143    372.2150570   1760.7849573
      0.3900000   2103.0000429    370.3586285   1732.6414144
      0.4000000   2073.0000715    368.5114589   1704.4886127
      0.4100000   2043.0000107    366.6734966   1676.3265142
      0.4200000   2013.0000393    364.8447066   1648.1553327
      0.4300000   1983.0000679    363.0250378   1619.9750302
      0.4400000   1953.0000072    361.2144392   1591.7855680
      0.4500000   1923.0000358    359.4128764   1563.5871594
      0.4600000   1893.0000644    357.6202989   1535.3797655
      0.4700000   1863.0000036    355.8366566   1507.1633470
      0.4800000   1833.0000322    354.0619156   1478.9381166
      0.4900000   1803.0000608    352.2960261   1450.7040347
      0.5000000   1773.0000000    350.5389388   1422.4610612
      0.5100000   1743.0000286    348.7906202   1394.2094084
      0.5200000   1713.0000572    347.0510213   1365.9490359
      0.5300000   1683.0000858    345.3200988   1337.6799870
      0.5400000   1653.0001144    343.5978093   1309.4023052
      0.5500000   1622.9999642    341.8840995   1281.1158648
      0.5600000   1592.9999928    340.1789470   1252.8210458
      0.5700000   1563.0000215    338.4822991   1224.5177224
      0.5800000   1533.0000501    336.7941132   1196.2059369
      0.5900000   1503.0000787    335.1143471   1167.8857315
      0.6000000   1473.0001073    333.4429589   1139.5571483
      0.6100000   1442.9999571    331.7798969   1111.2200601
      0.6200000   1412.9999857    330.1251394   1082.8748463
      0.6300000   1383.0000143    328.4786349   1054.5213794
      0.6400000   1353.0000429    326.8403425   1026.1597004
      0.6500000   1323.0000715    325.2102210    997.7898505
      0.6600000   1293.0001001    323.5882298    969.4118703
      0.6700000   1263.0001287    321.9743283    941.0258004
      0.6800000   1232.9999785    320.3684666    912.6315119
      0.6900000   1203.0000072    318.7706238    884.2293834
      0.7000000   1173.0000358    317.1807502    855.8192856
      0.7100000   1143.0000644    315.5988061    827.4012583
      0.7200000   1113.0000930    314.0247520    798.9753410
      0.7300000   1083.0001216    312.4585485    770.5415731
      0.7400000   1052.9999714    310.9001472    742.0998242
      0.7500000   1023.0000000    309.3495277    713.6504723
      0.7600000    993.0000286    307.8066419    685.1933867
      0.7700000    963.0000572    306.2714514    656.7286058
      0.7800000    933.0000858    304.7439176    628.2561682
      0.7900000    903.0001144    303.2240024    599.7761120
      0.8000000    873.0001431    301.7116678    571.2884752
      0.8100000    842.9999928    300.2068671    542.7931258
      0.8200000    813.0000215    298.7095805    514.2904409
      0.8300000    783.0000501    297.2197617    485.7802884
      0.8400000    753.0000787    295.7373734    457.2627053
      0.8500000    723.0001073    294.2623785    428.7377288
      0.8600000    693.0001359    292.7947401    400.2053958
      0.8700000    662.9999857    291.3344130    371.6655727
      0.8800000    633.0000143    289.8813779    343.1186364
      0.8900000    603.0000429    288.4355899    314.5644530
      0.9000000    573.0000715    286.9970127    286.0030588
      0.9100000    543.0001001    285.5656105    257.4344896
      0.9200000    513.0001287    284.1413475    228.8587813
      0.9300000    482.9999785    282.7241795    200.2757991
      0.9400000    453.0000072    281.3140881    171.6859190
      0.9500000    423.0000358    279.9110296    143.0890062
      0.9600000    393.0000644    278.5149688    114.4850956
      0.9700000    363.0000930    277.1258709     85.8742220
      0.9800000    333.0001216    275.7437012     57.2564204
      0.9899999    303.0001502    274.3684251     28.6317251
      1.0000000    273.0000000    273.0000000      0.0000000
