      0.0000000   3273.0000000   2054.4406667   2545.5593333
      0.0100000   3243.0000007   2049.3109799   2520.6890207
      0.0200000   3213.0000013   2044.1941014   2495.8059000
      0.0300000   3183.0000020   2039.0899990   2470.9100030
      0.0400000   3153.0000027   2033.9986410   2446.0013617
      0.0500000   3123.0000089   2028.9199964   2421.0800126
      0.0600000   3093.0000040   2023.8540307   2396.1459734
      0.0700000   3062.9999991   2018.8007140   2371.1992851
      0.0800000   3033.0000054   2013.7600168   2346.2399886
      0.0900000   3003.0000116   2008.7319056   2321.2681061
      0.1000000   2973.0000179   2003.7163489   2296.2836690
      0.1100000   2943.0000018   1998.7133117   2271.2866900
      0.1200000   2913.0000080   1993.7227703   2246.2772378
      0.1300000   2883.0000143   1988.7446896   2221.2553247
      0.1400000   2852.9999982   1983.7790349   2196.2209634
      0.1500000   2823.0000268   1978.8257861   2171.1742407
      0.1600000   2793.0000107   1973.8848977   2146.1151130
      0.1700000   2762.9999946   1968.9563461   2121.0436486
      0.1800000   2733.0000232   1964.0401077   2095.9599155
      0.1900000   2703.0000072   1959.1361374   2070.8638698
      0.2000000   2673.0000358   1954.2444189   2045.7556169
      0.2100000   2643.0000197   1949.3649071   2020.6351125
      0.2200000   2613.0000036   1944.4975790   1995.5024246
      0.2300000   2583.0000322   1939.6424111   1970.3576211
      0.2400000   2553.0000161   1934.7993588   1945.2006572
      0.2500000   2523.0000000   1929.9683991   1920.0316009
      0.2600000   2493.0000286   1925.1495088   1894.8505198
      0.2700000   2463.0000572   1920.3426507   1869.6574065
      0.2800000   2432.9999964   1915.5477804   1844.4522160
      0.2900000   2403.0000250   1910.7648966   1819.2351284
      0.3000000   2373.0000536   1905.9939551   1794.0060985
      0.3100000   2342.9999928   1901.2349119   1768.7650810
      0.3200000   2313.0000215   1896.4877655   1743.5122560
      0.3300000   2283.0000501   1891.7524722   1718.2475779
      0.3400000   2252.9999893   1887.0289883   1692.9710010
      0.3500000   2223.0000179   1882.3173123   1667.6827056
      0.3600000   2193.0000465   1877.6174009   1642.3826456
      0.3700000   2162.9999857   1872.9292105   1617.0707752
      0.3800000   2133.0000143   1868.2527400   1591.7472743
      0.3900000   2103.0000429   1863.5879460   1566.4120969
      0.4000000   2073.0000715   1858.9347994   1541.0652721
      0.4100000   2043.0000107   1854.2932574   1515.7067533
      0.4200000   2013.0000393   1849.6633185   1490.3367208
      0.4300000   1983.0000679   1845.0449400   1464.9551280
      0.4400000   1953.0000072   1840.4380793   1439.5619279
      0.4500000   1923.0000358   1835.8427350   1414.1573007
      0.4600000   1893.0000644   1831.2588648   1388.7411996
      0.4700000   1863.0000036   1826.6864263   1363.3135773
      0.4800000   1833.0000322   1822.1254182   1337.8746140
      0.4900000   1803.0000608   1817.5757984   1312.4242624
      0.5000000   1773.0000000   1813.0375249   1286.9624751
      0.5100000   1743.0000286   1808.5105964   1261.4894322
      0.5200000   1713.0000572   1803.9949711   1236.0050861
      0.5300000   1683.0000858   1799.4906208   1210.5094650
      0.5400000   1653.0001144   1794.9975172   1185.0025972
      0.5500000   1622.9999642   1790.5156057   1159.4843585
      0.5600000   1592.9999928   1786.0449117   1133.9550812
      0.5700000   1563.0000215   1781.5853804   1108.4146411
      0.5800000   1533.0000501   1777.1369840   1082.8630661
      0.5900000   1503.0000787   1772.6996947   1057.3003840
      0.6000000   1473.0001073   1768.2734847   1031.7266226
      0.6100000   1442.9999571   1763.8583002   1006.1416569
      0.6200000   1412.9999857   1759.4541661    980.5458196
      0.6300000   1383.0000143   1755.0610286    954.9389857
      0.6400000   1353.0000429   1750.6788602    929.3211827
      0.6500000   1323.0000715   1746.3076335    903.6924380
      0.6600000   1293.0001001   1741.9473213    878.0527789
      0.6700000   1263.0001287   1737.5978961    852.4022326
      0.6800000   1232.9999785   1733.2593052    826.7406734
      0.6900000   1203.0000072   1728.9315730    801.0684342
      0.7000000   1173.0000358   1724.6146466    775.3853892
      0.7100000   1143.0000644   1720.3084990    749.6915654
      0.7200000   1113.0000930   1716.0131033    723.9869897
      0.7300000   1083.0001216   1711.7284327    698.2716889
      0.7400000   1052.9999714   1707.4544349    672.5455364
      0.7500000   1023.0000000   1703.1911343    646.8088657
      0.7600000    993.0000286   1698.9384785    621.0615501
      0.7700000    963.0000572   1694.6964411    595.3036161
      0.7800000    933.0000858   1690.4649956    569.5350903
      0.7900000    903.0001144   1686.2441154    543.7559990
      0.8000000    873.0001431   1682.0337743    517.9663688
      0.8100000    842.9999928   1677.8339208    492.1660721
      0.8200000    813.0000215   1673.6445788    466.3554426
      0.8300000    783.0000501   1669.4656972    440.5343529
      0.8400000    753.0000787   1665.2972496    414.7028291
      0.8500000    723.0001073   1661.1392102    388.8608971
      0.8600000    693.0001359   1656.9915528    363.0085831
      0.8700000    662.9999857   1652.8542271    337.1457586
      0.8800000    633.0000143   1648.7272563    311.2727580
      0.8900000    603.0000429   1644.6105901    285.3894529
      0.9000000    573.0000715   1640.5042026    259.4958689
      0.9100000    543.0001001   1636.4080683    233.5920318
      0.9200000    513.0001287   1632.3221616    207.6779672
      0.9300000    482.9999785   1628.2464325    181.7535460
      0.9400000    453.0000072   1624.1809044    155.8191028
      0.9500000    423.0000358   1620.1255273    129.8745085
      0.9600000    393.0000644   1616.0802760    103.9197884
      0.9700000    363.0000930   1612.0451252     77.9549678
      0.9800000    333.0001216   1608.0200497     51.9800719
      0.9899999    303.0001502   1604.0050242     25.9951260
      1.0000000    273.0000000   1600.0000000      0.0000000
