      0.0000000   3273.0000000   3387.2000266   1212.7999734
      0.0100000   3243.0000007   3361.8910542   1208.1089464
      0.0200000   3213.0000013   3336.7711891   1203.2288122
      0.0300000   3183.0000020   3311.8390183   1198.1609837
      0.0400000   3153.0000027   3287.0931392   1192.9068634
      0.0500000   3123.0000089   3262.5321646   1187.4678443
      0.0600000   3093.0000040   3238.1546991   1181.8453049
      0.0700000   3062.9999991   3213.9593808   1176.0406183
      0.0800000   3033.0000054   3189.9448575   1170.0551479
      0.0900000   3003.0000116   3166.1097693   1163.8902423
      0.1000000   2973.0000179   3142.4527756   1157.5472423
      0.1100000   2943.0000018   3118.9725282   1151.0274736
      0.1200000   2913.0000080   3095.6677413   1144.3322668
      0.1300000   2883.0000143   3072.5370864   1137.4629279
      0.1400000   2852.9999982   3049.5792455   1130.4207527
      0.1500000   2823.0000268   3026.7929782   1123.2070486
      0.1600000   2793.0000107   3004.1769349   1115.8230758
      0.1700000   2762.9999946   2981.7298775   1108.2701171
      0.1800000   2733.0000232   2959.4505765   1100.5494468
      0.1900000   2703.0000072   2937.3377122   1092.6622950
      0.2000000   2673.0000358   2915.3901067   1084.6099291
      0.2100000   2643.0000197   2893.6064600   1076.3935597
      0.2200000   2613.0000036   2871.9855796   1068.0144240
      0.2300000   2583.0000322   2850.5262812   1059.4737510
      0.2400000   2553.0000161   2829.2272937   1050.7727224
      0.2500000   2523.0000000   2808.0874511   1041.9125489
      0.2600000   2493.0000286   2787.1055956   1032.8944330
      0.2700000   2463.0000572   2766.2805151   1023.7195421
      0.2800000   2432.9999964   2745.6109770   1014.3890194
      0.2900000   2403.0000250   2725.0959418   1004.9040832
      0.3000000   2373.0000536   2704.7341937    995.2658600
      0.3100000   2342.9999928   2684.5245273    985.4754656
      0.3200000   2313.0000215   2664.4659262    975.5340953
      0.3300000   2283.0000501   2644.5572018    965.4428483
      0.3400000   2252.9999893   2624.7971755    955.2028138
      0.3500000   2223.0000179   2605.1848535    944.8151644
      0.3600000   2193.0000465   2585.7190736    934.2809729
      0.3700000   2162.9999857   2566.3986834    923.6013023
      0.3800000   2133.0000143   2547.2227113    912.7773030
      0.3900000   2103.0000429   2528.1900209    901.8100220
      0.4000000   2073.0000715   2509.2995417    890.7005299
      0.4100000   2043.0000107   2490.5501552    879.4498555
      0.4200000   2013.0000393   2471.9409186    868.0591207
      0.4300000   1983.0000679   2453.4707291    856.5293388
      0.4400000   1953.0000072   2435.1384933    844.8615138
      0.4500000   1923.0000358   2416.9432893    833.0567465
      0.4600000   1893.0000644   2398.8840387    821.1160257
      0.4700000   1863.0000036   2380.9596725    809.0403311
      0.4800000   1833.0000322   2363.1692892    796.8307430
      0.4900000   1803.0000608   2345.5118346    784.4882262
      0.5000000   1773.0000000   2327.9862634    772.0137366
      0.5100000   1743.0000286   2310.5916942    759.4083344
      0.5200000   1713.0000572   2293.3270961    746.6729611
      0.5300000   1683.0000858   2276.1914980    733.8085878
      0.5400000   1653.0001144   2259.1839361    720.8161783
      0.5500000   1622.9999642   2242.3033534    707.6966109
      0.5600000   1592.9999928   2225.5490016    694.4509913
      0.5700000   1563.0000215   2208.9198372    681.0801842
      0.5800000   1533.0000501   2192.4149250    667.5851251
      0.5900000   1503.0000787   2176.0333364    653.9667423
      0.6000000   1473.0001073   2159.7741501    640.2259572
      0.6100000   1442.9999571   2143.6363555    626.3636016
      0.6200000   1412.9999857   2127.6192374    612.3807483
      0.6300000   1383.0000143   2111.7217982    598.2782161
      0.6400000   1353.0000429   2095.9431437    584.0568993
      0.6500000   1323.0000715   2080.2823863    569.7176853
      0.6600000   1293.0001001   2064.7386451    555.2614551
      0.6700000   1263.0001287   2049.3110458    540.6890830
      0.6800000   1232.9999785   2033.9986296    526.0013489
      0.6900000   1203.0000072   2018.8007178    511.1992894
      0.7000000   1173.0000358   2003.7163638    496.2836719
      0.7100000   1143.0000644   1988.7447192    481.2553452
      0.7200000   1113.0000930   1973.8849418    466.1151512
      0.7300000   1083.0001216   1959.1361957    450.8639258
      0.7400000   1052.9999714   1944.4975645    435.5024069
      0.7500000   1023.0000000   1929.9683991    420.0316009
      0.7600000    993.0000286   1915.5477947    404.4522339
      0.7700000    963.0000572   1901.2349402    388.7651170
      0.7800000    933.0000858   1887.0290304    372.9710554
      0.7900000    903.0001144   1872.9292664    357.0708481
      0.8000000    873.0001431   1858.9348548    341.0652882
      0.8100000    842.9999928   1845.0449262    324.9550666
      0.8200000    813.0000215   1831.2588648    308.7411567
      0.8300000    783.0000501   1817.5758119    292.4242381
      0.8400000    753.0000787   1803.9949980    276.0050807
      0.8500000    723.0001073   1790.5156591    259.4844482
      0.8600000    693.0001359   1777.1370369    242.8630990
      0.8700000    662.9999857   1763.8583002    226.1416855
      0.8800000    633.0000143   1750.6788602    209.3211541
      0.8900000    603.0000429   1737.5978961    192.4021468
      0.9000000    573.0000715   1724.6146723    175.3853993
      0.9100000    543.0001001   1711.7284582    158.2716419
      0.9200000    513.0001287   1698.9385292    141.0615996
      0.9300000    482.9999785   1686.2440903    123.7558883
      0.9400000    453.0000072   1673.6445788    106.3554283
      0.9500000    423.0000358   1661.1392102     88.8608256
      0.9600000    393.0000644   1648.7272809     71.2727835
      0.9700000    363.0000930   1636.4080927     53.5920003
      0.9800000    333.0001216   1624.1809528     35.8191688
      0.9899999    303.0001502   1612.0451732     17.9549770
      1.0000000    273.0000000   1600.0000000      0.0000000
