      0.0000000   3273.0000000    350.5389388   2922.4610612
      0.0100000   3243.0000007    349.6636860   2893.3363147
      0.0200000   3213.0000013    348.7906185   2864.2093828
      0.0300000   3183.0000020    347.9197311   2835.0802709
      0.0400000   3153.0000027    347.0510181   2805.9489846
      0.0500000   3123.0000089    346.1844744   2776.8155346
      0.0600000   3093.0000040    345.3200940   2747.6799100
      0.0700000   3062.9999991    344.4578718   2718.5421273
      0.0800000   3033.0000054    343.5978029   2689.4022025
      0.0900000   3003.0000116    342.7398814   2660.2601302
      0.1000000   2973.0000179    341.8841020   2631.1159159
      0.1100000   2943.0000018    341.0304588   2601.9695430
      0.1200000   2913.0000080    340.1789477   2572.8210604
      0.1300000   2883.0000143    339.3295627   2543.6704516
      0.1400000   2852.9999982    338.4822978   2514.5177004
      0.1500000   2823.0000268    337.6371498   2485.3628771
      0.1600000   2793.0000107    336.7941107   2456.2059001
      0.1700000   2762.9999946    335.9531765   2427.0468181
      0.1800000   2733.0000232    335.1143434   2397.8856799
      0.1900000   2703.0000072    334.2776034   2368.7224037
      0.2000000   2673.0000358    333.4429540   2339.5570818
      0.2100000   2643.0000197    332.6103873   2310.3896324
      0.2200000   2613.0000036    331.7798994   2281.2201042
      0.2300000   2583.0000322    330.9514864   2252.0485458
      0.2400000   2553.0000161    330.1251406   2222.8748755
      0.2500000   2523.0000000    329.3008581   2193.6991419
      0.2600000   2493.0000286    328.4786349   2164.5213937
      0.2700000   2463.0000572    327.6584648   2135.3415924
      0.2800000   2432.9999964    326.8403400   2106.1596564
      0.2900000   2403.0000250    326.0242605   2076.9757645
      0.3000000   2373.0000536    325.2102186   2047.7898351
      0.3100000   2342.9999928    324.3982068   2018.6017860
      0.3200000   2313.0000215    323.5882250   1989.4117965
      0.3300000   2283.0000501    322.7802656   1960.2197845
      0.3400000   2252.9999893    321.9743211   1931.0256682
      0.3500000   2223.0000179    321.1703914   1901.8296265
      0.3600000   2193.0000465    320.3684690   1872.6315775
      0.3700000   2162.9999857    319.5685465   1843.4314391
      0.3800000   2133.0000143    318.7706238   1814.2293905
      0.3900000   2103.0000429    317.9746933   1785.0253496
      0.4000000   2073.0000715    317.1807502   1755.8193214
      0.4100000   2043.0000107    316.3887870   1726.6112237
      0.4200000   2013.0000393    315.5988037   1697.4012356
      0.4300000   1983.0000679    314.8107929   1668.1892751
      0.4400000   1953.0000072    314.0247473   1638.9752599
      0.4500000   1923.0000358    313.2406667   1609.7593691
      0.4600000   1893.0000644    312.4585438   1580.5415206
      0.4700000   1863.0000036    311.6783715   1551.3216321
      0.4800000   1833.0000322    310.9001495   1522.0998827
      0.4900000   1803.0000608    310.1238706   1492.8761902
      0.5000000   1773.0000000    309.3495277   1463.6504723
      0.5100000   1743.0000286    308.5771205   1434.4229081
      0.5200000   1713.0000572    307.8066419   1405.1934153
      0.5300000   1683.0000858    307.0380872   1375.9619987
      0.5400000   1653.0001144    306.2714514   1346.7286631
      0.5500000   1622.9999642    305.5067252   1317.4932390
      0.5600000   1592.9999928    304.7439131   1288.2560798
      0.5700000   1563.0000215    303.9830055   1259.0170159
      0.5800000   1533.0000501    303.2239979   1229.7760522
      0.5900000   1503.0000787    302.4668854   1200.5331933
      0.6000000   1473.0001073    301.7116633   1171.2884440
      0.6100000   1442.9999571    300.9583225   1142.0416346
      0.6200000   1412.9999857    300.2068671   1112.7931186
      0.6300000   1383.0000143    299.4572880   1083.5427263
      0.6400000   1353.0000429    298.7095805   1054.2904624
      0.6500000   1323.0000715    297.9637400   1025.0363316
      0.6600000   1293.0001001    297.2197617    995.7803384
      0.6700000   1263.0001287    296.4776410    966.5224877
      0.6800000   1232.9999785    295.7373689    937.2626096
      0.6900000   1203.0000072    294.9989496    908.0010575
      0.7000000   1173.0000358    294.2623741    878.7376617
      0.7100000   1143.0000644    293.5276376    849.4724267
      0.7200000   1113.0000930    292.7947358    820.2053572
      0.7300000   1083.0001216    292.0636638    790.9364578
      0.7400000   1052.9999714    291.3344130    761.6655584
      0.7500000   1023.0000000    290.6069873    732.3930127
      0.7600000    993.0000286    289.8813779    703.1186507
      0.7700000    963.0000572    289.1575803    673.8424770
      0.7800000    933.0000858    288.4355899    644.5644960
      0.7900000    903.0001144    287.7154022    615.2847122
      0.8000000    873.0001431    286.9970127    586.0031303
      0.8100000    842.9999928    286.2804127    556.7195801
      0.8200000    813.0000215    285.5656063    527.4344152
      0.8300000    783.0000501    284.8525846    498.1474655
      0.8400000    753.0000787    284.1413432    468.8587355
      0.8500000    723.0001073    283.4318777    439.5682296
      0.8600000    693.0001359    282.7241837    410.2759522
      0.8700000    662.9999857    282.0182525    380.9817332
      0.8800000    633.0000143    281.3140881    351.6859262
      0.8900000    603.0000429    280.6116819    322.3883610
      0.9000000    573.0000715    279.9110296    293.0890420
      0.9100000    543.0001001    279.2121267    263.7879735
      0.9200000    513.0001287    278.5149688    234.4851599
      0.9300000    482.9999785    277.8195476    205.1804310
      0.9400000    453.0000072    277.1258668    175.8741403
      0.9500000    423.0000358    276.4339181    146.5661177
      0.9600000    393.0000644    275.7436971    117.2563673
      0.9700000    363.0000930    275.0551995     87.9448935
      0.9800000    333.0001216    274.3684210     58.6317006
      0.9899999    303.0001502    273.6833573     29.3167929
      1.0000000    273.0000000    273.0000000      0.0000000
