      0.0000000   3273.0000000    577.9410045   2695.0589955
      0.0100000   3243.0000007    573.6226611   2669.3773395
      0.0200000   3213.0000013    569.3365841   2643.6634172
      0.0300000   3183.0000020    565.0825325   2617.9174695
      0.0400000   3153.0000027    560.8602669   2592.1397358
      0.0500000   3123.0000089    556.6695506   2566.3304584
      0.0600000   3093.0000040    552.5101455   2540.4898585
      0.0700000   3062.9999991    548.3818193   2514.6181798
      0.0800000   3033.0000054    544.2843413   2488.7156641
      0.0900000   3003.0000116    540.2174794   2462.7825322
      0.1000000   2973.0000179    536.1810048   2436.8190130
      0.1100000   2943.0000018    532.1746876   2410.8253142
      0.1200000   2913.0000080    528.1983084   2384.8016997
      0.1300000   2883.0000143    524.2516404   2358.7483739
      0.1400000   2852.9999982    520.3344588   2332.6655395
      0.1500000   2823.0000268    516.4465519   2306.5534749
      0.1600000   2793.0000107    512.5876895   2280.4123212
      0.1700000   2762.9999946    508.7576604   2254.2423343
      0.1800000   2733.0000232    504.9562546   2228.0437686
      0.1900000   2703.0000072    501.1832471   2201.8167600
      0.2000000   2673.0000358    497.4384370   2175.5615988
      0.2100000   2643.0000197    493.7216022   2149.2784174
      0.2200000   2613.0000036    490.0325395   2122.9674641
      0.2300000   2583.0000322    486.3710467   2096.6289855
      0.2400000   2553.0000161    482.7369070   2070.2631091
      0.2500000   2523.0000000    479.1299214   2043.8700786
      0.2600000   2493.0000286    475.5498922   2017.4501364
      0.2700000   2463.0000572    471.9966129   1991.0034443
      0.2800000   2432.9999964    468.4698730   1964.5301235
      0.2900000   2403.0000250    464.9694951   1938.0305300
      0.3000000   2373.0000536    461.4952718   1911.5047818
      0.3100000   2342.9999928    458.0469975   1884.9529954
      0.3200000   2313.0000215    454.6244987   1858.3755228
      0.3300000   2283.0000501    451.2275726   1831.7724775
      0.3400000   2252.9999893    447.8560181   1805.1439712
      0.3500000   2223.0000179    444.5096656   1778.4903523
      0.3600000   2193.0000465    441.1883169   1751.8117296
      0.3700000   2162.9999857    437.8917754   1725.1082103
      0.3800000   2133.0000143    434.6198751   1698.3801392
      0.3900000   2103.0000429    431.3724223   1671.6276206
      0.4000000   2073.0000715    428.1492343   1644.8508372
      0.4100000   2043.0000107    424.9501202   1618.0498905
      0.4200000   2013.0000393    421.7749192   1591.2251201
      0.4300000   1983.0000679    418.6234432   1564.3766248
      0.4400000   1953.0000072    415.4955054   1537.5045017
      0.4500000   1923.0000358    412.3909487   1510.6090870
      0.4600000   1893.0000644    409.3095891   1483.6904753
      0.4700000   1863.0000036    406.2512441   1456.7487595
      0.4800000   1833.0000322    403.2157600   1429.7842722
      0.4900000   1803.0000608    400.2029568   1402.7971040
      0.5000000   1773.0000000    397.2126562   1375.7873438
      0.5100000   1743.0000286    394.2447078   1348.7553208
      0.5200000   1713.0000572    391.2989358   1321.7011214
      0.5300000   1683.0000858    388.3751744   1294.6249115
      0.5400000   1653.0001144    385.4732591   1267.5268553
      0.5500000   1622.9999642    382.5930097   1240.4069546
      0.5600000   1592.9999928    379.7342984   1213.2656945
      0.5700000   1563.0000215    376.8969472   1186.1030742
      0.5800000   1533.0000501    374.0807966   1158.9192535
      0.5900000   1503.0000787    371.2856880   1131.7143907
      0.6000000   1473.0001073    368.5114644   1104.4886429
      0.6100000   1442.9999571    365.7579532   1077.2420039
      0.6200000   1412.9999857    363.0250324   1049.9749533
      0.6300000   1383.0000143    360.3125318   1022.6874825
      0.6400000   1353.0000429    357.6202989    995.3797440
      0.6500000   1323.0000715    354.9481822    968.0518894
      0.6600000   1293.0001001    352.2960313    940.7040688
      0.6700000   1263.0001287    349.6636972    913.3364316
      0.6800000   1232.9999785    347.0510162    885.9489624
      0.6900000   1203.0000072    344.4578725    858.5421347
      0.7000000   1173.0000358    341.8841046    831.1159312
      0.7100000   1143.0000644    339.3295677    803.6704967
      0.7200000   1113.0000930    336.7941182    776.2059748
      0.7300000   1083.0001216    334.2776134    748.7225082
      0.7400000   1052.9999714    331.7798969    721.2200745
      0.7500000   1023.0000000    329.3008581    693.6991419
      0.7600000    993.0000286    326.8403425    666.1596861
      0.7700000    963.0000572    324.3982117    638.6018456
      0.7800000    933.0000858    321.9743283    611.0257575
      0.7900000    903.0001144    319.5685561    583.4315584
      0.8000000    873.0001431    317.1807596    555.8193834
      0.8100000    842.9999928    314.8107905    528.1892023
      0.8200000    813.0000215    312.4585438    500.5414777
      0.8300000    783.0000501    310.1238729    472.8761772
      0.8400000    753.0000787    307.8066465    445.1934321
      0.8500000    723.0001073    305.5067343    417.4933730
      0.8600000    693.0001359    303.2240069    389.7761290
      0.8700000    662.9999857    300.9583225    362.0416632
      0.8800000    633.0000143    298.7095805    334.2904338
      0.8900000    603.0000429    296.4776410    306.5224019
      0.9000000    573.0000715    294.2623785    278.7376931
      0.9100000    543.0001001    292.0636682    250.9364320
      0.9200000    513.0001287    289.8813865    223.1187422
      0.9300000    482.9999785    287.7153979    195.2845806
      0.9400000    453.0000072    285.5656063    167.4344009
      0.9500000    423.0000358    283.4318777    139.5681580
      0.9600000    393.0000644    281.3140923    111.6859721
      0.9700000    363.0000930    279.2121308     83.7879622
      0.9800000    333.0001216    277.1258751     55.8742465
      0.9899999    303.0001502    275.0552077     27.9449425
      1.0000000    273.0000000    273.0000000      0.0000000
