      0.0000000   3273.0000000   9892.3276242   -892.3276242
      0.0100000   3243.0000007   9842.9894354   -872.9894348
      0.0200000   3213.0000013   9793.8973219   -853.8973206
      0.0300000   3183.0000020   9745.0500563   -835.0500543
      0.0400000   3153.0000027   9696.4464175   -816.4464148
      0.0500000   3123.0000089   9648.0851993   -798.0851904
      0.0600000   3093.0000040   9599.9651657   -779.9651617
      0.0700000   3062.9999991   9552.0851319   -762.0851328
      0.0800000   3033.0000054   9504.4439185   -744.4439131
      0.0900000   3003.0000116   9457.0403165   -727.0403049
      0.1000000   2973.0000179   9409.8731410   -709.8731231
      0.1100000   2943.0000018   9362.9411778   -692.9411760
      0.1200000   2913.0000080   9316.2433236   -676.2433155
      0.1300000   2883.0000143   9269.7783758   -659.7783615
      0.1400000   2852.9999982   9223.5451385   -643.5451403
      0.1500000   2823.0000268   9177.5425590   -627.5425322
      0.1600000   2793.0000107   9131.7693500   -611.7693393
      0.1700000   2762.9999946   9086.2244360   -596.2244414
      0.1800000   2733.0000232   9040.9067457   -580.9067225
      0.1900000   2703.0000072   8995.8150111   -565.8150039
      0.2000000   2673.0000358   8950.9482392   -550.9482034
      0.2100000   2643.0000197   8906.3051747   -536.3051551
      0.2200000   2613.0000036   8861.8847686   -521.8847650
      0.2300000   2583.0000322   8817.6859759   -507.6859438
      0.2400000   2553.0000161   8773.7075601   -493.7075440
      0.2500000   2523.0000000   8729.9484877   -479.9484877
      0.2600000   2493.0000286   8686.4077294   -466.4077008
      0.2700000   2463.0000572   8643.0841313   -453.0840741
      0.2800000   2432.9999964   8599.9764822   -439.9764858
      0.2900000   2403.0000250   8557.0839614   -427.0839364
      0.3000000   2373.0000536   8514.4053677   -414.4053140
      0.3100000   2342.9999928   8471.9395079   -401.9395151
      0.3200000   2313.0000215   8429.6855735   -389.6855521
      0.3300000   2283.0000501   8387.6423813   -377.6423313
      0.3400000   2252.9999893   8345.8087559   -365.8087666
      0.3500000   2223.0000179   8304.1839006   -354.1838828
      0.3600000   2193.0000465   8262.7666500   -342.7666035
      0.3700000   2162.9999857   8221.5558461   -331.5558604
      0.3800000   2133.0000143   8180.5507043   -320.5506900
      0.3900000   2103.0000429   8139.7500763   -309.7500333
      0.4000000   2073.0000715   8099.1529420   -299.1528705
      0.4100000   2043.0000107   8058.7581665   -288.7581558
      0.4200000   2013.0000393   8018.5649807   -278.5649414
      0.4300000   1983.0000679   7978.5722591   -268.5721911
      0.4400000   1953.0000072   7938.7788835   -258.7788763
      0.4500000   1923.0000358   7899.1840963   -249.1840605
      0.4600000   1893.0000644   7859.7867887   -239.7867244
      0.4700000   1863.0000036   7820.5858593   -230.5858558
      0.4800000   1833.0000322   7781.5805617   -221.5805296
      0.4900000   1803.0000608   7742.7698037   -212.7697429
      0.5000000   1773.0000000   7704.1525001   -204.1525001
      0.5100000   1743.0000286   7665.7279158   -195.7278872
      0.5200000   1713.0000572   7627.4949747   -187.4949174
      0.5300000   1683.0000858   7589.4527210   -179.4526351
      0.5400000   1653.0001144   7551.6002036   -171.6000892
      0.5500000   1622.9999642   7513.9362524   -163.9362881
      0.5600000   1592.9999928   7476.4603746   -156.4603818
      0.5700000   1563.0000215   7439.1714084   -149.1713869
      0.5800000   1533.0000501   7402.0684215   -142.0683714
      0.5900000   1503.0000787   7365.1504864   -135.1504077
      0.6000000   1473.0001073   7328.4166800   -128.4165727
      0.6100000   1442.9999571   7291.8658668   -121.8659097
      0.6200000   1412.9999857   7255.4975686   -115.4975830
      0.6300000   1383.0000143   7219.3106580   -109.3106437
      0.6400000   1353.0000429   7183.3042301   -103.3041872
      0.6500000   1323.0000715   7147.4773849    -97.4773134
      0.6600000   1293.0001001   7111.8292266    -91.8291265
      0.6700000   1263.0001287   7076.3588641    -86.3587354
      0.6800000   1232.9999785   7041.0652008    -81.0652222
      0.6900000   1203.0000072   7005.9477750    -75.9477678
      0.7000000   1173.0000358   6971.0054979    -71.0054622
      0.7100000   1143.0000644   6936.2374960    -66.2374317
      0.7200000   1113.0000930   6901.6429001    -61.6428071
      0.7300000   1083.0001216   6867.2208453    -57.2207237
      0.7400000   1052.9999714   6832.9702674    -52.9702960
      0.7500000   1023.0000000   6798.8907184    -48.8907184
      0.7600000    993.0000286   6764.9811417    -44.9811131
      0.7700000    963.0000572   6731.2406896    -41.2406324
      0.7800000    933.0000858   6697.6685186    -37.6684327
      0.7900000    903.0001144   6664.2637892    -34.2636748
      0.8000000    873.0001431   6631.0256665    -31.0255235
      0.8100000    842.9999928   6597.9531229    -27.9531300
      0.8200000    813.0000215   6565.0457257    -25.0457043
      0.8300000    783.0000501   6532.3024547    -22.3024046
      0.8400000    753.0000787   6499.7224913    -19.7224126
      0.8500000    723.0001073   6467.3050210    -17.3049137
      0.8600000    693.0001359   6435.0492333    -15.0490974
      0.8700000    662.9999857   6402.9541310    -12.9541453
      0.8800000    633.0000143   6371.0192945    -11.0192802
      0.8900000    603.0000429   6339.2437334     -9.2436905
      0.9000000    573.0000715   6307.6266534     -7.6265819
      0.9100000    543.0001001   6276.1672642     -6.1671641
      0.9200000    513.0001287   6244.8647792     -4.8646504
      0.9300000    482.9999785   6213.7182306     -3.7182520
      0.9400000    453.0000072   6182.7272111     -2.7272039
      0.9500000    423.0000358   6151.8907598     -1.8907241
      0.9600000    393.0000644   6121.2081058     -1.2080415
      0.9700000    363.0000930   6090.6784821     -0.6783891
      0.9800000    333.0001216   6060.3011253     -0.3010037
      0.9899999    303.0001502   6030.0752761     -0.0751259
      1.0000000    273.0000000   6000.0000000      0.0000000
